Date:	Fri, Apr 04, 2014		
measured by:	Rotem		
Write here experiment description to be saved in the file header.			
Time [s]	CPD stream	Light	SPV
0.000000	-614.646000		
0.501000	-614.762000		
1.000000	-614.600000		
1.501000	-614.108000		
2.000000	-614.391000		
2.501000	-614.721000		
3.000000	-614.815000		
3.500000	-614.784000		
4.000000	-614.719000		
4.500000	-614.616000		
5.000000	-614.448000		
5.500000	-614.262000		
6.001000	-614.531000		
6.500000	-614.633000		
7.001000	-614.613000		
7.500000	-614.528000		
8.000000	-614.372000		
8.500000	-614.329000		
9.000000	-614.541000		
9.501000	-614.530000		
10.000000	-614.884000		
10.500000	-614.535000		
11.001000	-614.556000		
11.501000	-614.441000		
12.001000	-614.312000		
12.501000	-614.846000		
13.001000	-614.614000		
13.501000	-614.632000		
14.001000	-614.868000		
14.501000	-614.715000		
15.001000	-614.787000		
15.501000	-614.505000		
16.001000	-614.708000		
16.501000	-614.875000		
17.001000	-614.462000		
17.501000	-614.510000		
18.001000	-614.373000		
18.501000	-614.662000		
19.001000	-614.586000		
19.501000	-614.495000		
20.001000	-614.848000		
20.501000	-614.804000		
21.001000	-614.564000		
21.501000	-614.709000		
22.001000	-614.684000		
22.501000	-614.520000		
23.001000	-614.904000		
23.501000	-614.946000		
24.001000	-614.963000		
24.501000	-614.636000		
25.001000	-614.858000		
25.501000	-614.907000		
26.001000	-614.730000		
26.501000	-614.838000		
27.001000	-614.959000		
27.501000	-614.865000		
28.001000	-615.037000		
28.501000	-615.022000		
29.001000	-614.974000		
29.501000	-614.575000		
30.001000	-614.622000		
30.501000	-614.973000		
31.001000	-614.803000		
31.501000	-614.797000		
32.001000	-614.761000		
32.501000	-614.748000		
33.001000	-614.912000		
33.501000	-615.067000		
34.001000	-615.201000		
34.501000	-615.088000		
35.001000	-614.742000		
35.501000	-614.762000		
36.001000	-614.756000		
36.501000	-614.826000		
37.001000	-614.947000		
37.501000	-615.249000		
38.001000	-615.191000		
38.501000	-615.354000		
39.001000	-614.909000		
39.501000	-614.930000		
40.001000	-615.109000		
40.501000	-615.105000		
41.001000	-615.273000		
41.501000	-615.342000		
42.001000	-614.999000		
42.501000	-614.825000		
43.001000	-615.148000		
43.501000	-615.149000		
44.001000	-615.444000		
44.501000	-615.312000		
45.001000	-615.273000		
45.501000	-615.268000		
46.001000	-615.262000		
46.501000	-614.989000		
47.001000	-615.606000		
47.501000	-615.352000		
48.001000	-615.497000		
48.501000	-615.325000		
49.001000	-615.205000		
49.501000	-615.181000		
50.001000	-615.334000		
50.501000	-615.458000		
51.001000	-615.311000		
51.501000	-614.959000		
52.001000	-615.160000		
52.501000	-615.169000		
53.001000	-615.184000		
53.501000	-615.612000		
54.001000	-615.573000		
54.501000	-615.326000		
55.001000	-615.150000		
55.501000	-615.154000		
56.001000	-615.540000		
56.501000	-615.634000		
57.001000	-615.535000		
57.501000	-615.574000		
58.001000	-615.464000		
58.501000	-615.493000		
59.001000	-615.625000		
59.501000	-615.831000		
60.001000	-615.890000		
60.501000	-615.674000		
61.001000	-615.534000		
61.501000	-615.677000		
62.001000	-615.456000		
62.501000	-615.538000		
63.001000	-615.865000		
63.501000	-615.815000		
64.001000	-615.569000		
64.501000	-615.866000		
65.001000	-615.799000		
65.501000	-615.824000		
66.001000	-615.958000		
66.501000	-616.167000		
67.001000	-616.178000		
67.501000	-615.798000		
68.001000	-615.833000		
68.501000	-615.714000		
69.001000	-615.969000		
69.501000	-616.126000		
70.001000	-615.982000		
70.501000	-615.796000		
71.001000	-616.090000		
71.501000	-616.174000		
72.001000	-616.166000		
72.501000	-616.151000		
73.001000	-616.047000		
73.501000	-615.714000		
74.001000	-615.700000		
74.501000	-616.109000		
75.001000	-616.276000		
75.501000	-616.130000		
76.001000	-616.099000		
76.501000	-615.809000		
77.001000	-615.825000		
77.501000	-615.938000		
78.001000	-615.864000		
78.501000	-615.995000		
79.001000	-616.174000		
79.501000	-616.079000		
80.001000	-615.958000		
80.501000	-616.056000		
81.001000	-616.276000		
81.501000	-616.270000		
82.001000	-616.347000		
82.501000	-616.186000		
83.001000	-616.017000		
83.501000	-616.049000		
84.001000	-616.282000		
84.501000	-616.394000		
85.001000	-616.439000		
85.501000	-616.463000		
86.001000	-616.506000		
86.501000	-616.369000		
87.001000	-616.462000		
87.501000	-616.287000		
88.001000	-616.344000		
88.501000	-616.234000		
89.001000	-616.107000		
89.501000	-616.101000		
90.001000	-616.360000		
90.501000	-616.409000		
91.001000	-616.493000		
91.501000	-616.478000		
92.001000	-616.420000		
92.501000	-616.493000		
93.001000	-616.592000		
93.501000	-616.660000		
94.001000	-616.486000		
94.501000	-616.320000		
95.001000	-616.414000		
95.501000	-616.398000		
96.001000	-616.708000		
96.501000	-616.995000		
97.001000	-616.894000		
97.501000	-616.400000		
98.001000	-616.352000		
98.501000	-616.627000		
99.001000	-616.769000		
99.501000	-616.933000		
100.001000	-616.787000		
100.501000	-617.000000		
101.001000	-616.669000		
101.501000	-616.351000		
102.001000	-616.356000		
102.501000	-616.886000		
103.001000	-616.811000		
103.501000	-616.661000		
104.001000	-616.618000		
104.501000	-616.911000		
105.001000	-616.938000		
105.501000	-616.741000		
106.001000	-616.884000		
106.501000	-616.857000		
107.001000	-616.716000		
107.501000	-616.744000		
108.001000	-617.039000		
108.501000	-617.022000		
109.001000	-617.189000		
109.501000	-617.041000		
110.001000	-616.856000		
110.501000	-617.265000		
111.001000	-617.151000		
111.501000	-617.214000		
112.001000	-617.157000		
112.501000	-616.959000		
113.001000	-617.017000		
113.501000	-617.275000		
114.001000	-617.116000		
114.501000	-617.081000		
115.001000	-616.963000		
115.501000	-616.926000		
116.001000	-616.862000		
116.501000	-616.986000		
117.001000	-617.216000		
117.501000	-617.268000		
118.001000	-617.352000		
118.501000	-616.957000		
119.001000	-617.095000		
119.501000	-617.259000		
120.001000	-617.207000		
120.501000	-617.369000		
121.001000	-616.968000		
121.501000	-617.129000		
122.001000	-617.201000		
122.501000	-617.376000		
123.001000	-617.275000		
123.501000	-617.265000		
124.001000	-617.384000		
124.501000	-617.092000		
125.001000	-617.041000		
125.501000	-617.410000		
126.001000	-617.548000		
126.501000	-617.392000		
127.001000	-617.249000		
127.501000	-617.222000		
128.001000	-617.380000		
128.501000	-617.338000		
129.001000	-617.374000		
129.501000	-617.149000		
130.001000	-617.278000		
130.501000	-617.431000		
131.001000	-617.336000		
131.501000	-617.200000		
132.001000	-617.635000		
132.501000	-617.750000		
133.001000	-617.346000		
133.501000	-617.589000		
134.001000	-617.542000		
134.501000	-617.710000		
135.001000	-617.882000		
135.501000	-617.798000		
136.001000	-617.437000		
136.501000	-617.396000		
137.001000	-617.992000		
137.501000	-617.937000		
138.001000	-617.794000		
138.501000	-617.677000		
139.001000	-617.661000		
139.501000	-617.579000		
140.001000	-617.694000		
140.501000	-617.764000		
141.001000	-617.633000		
141.501000	-617.445000		
142.001000	-617.601000		
142.501000	-617.776000		
143.001000	-618.165000		
143.501000	-617.882000		
144.001000	-617.881000		
144.501000	-617.801000		
145.001000	-617.887000		
145.501000	-617.843000		
146.001000	-618.162000		
146.501000	-618.109000		
147.001000	-617.951000		
147.501000	-617.915000		
148.001000	-618.014000		
148.501000	-618.288000		
149.001000	-618.243000		
149.501000	-618.117000		
150.001000	-618.098000		
150.501000	-617.917000		
151.001000	-618.147000		
151.501000	-618.061000		
152.001000	-618.239000		
152.501000	-617.800000		
153.001000	-617.788000		
153.501000	-618.057000		
154.001000	-618.190000		
154.501000	-618.273000		
155.001000	-618.435000		
155.501000	-618.324000		
156.001000	-618.050000		
156.501000	-618.168000		
157.001000	-618.211000		
157.501000	-618.076000		
158.001000	-618.116000		
158.501000	-617.871000		
159.001000	-617.964000		
159.501000	-618.025000		
160.001000	-618.322000		
160.501000	-618.481000		
161.001000	-618.593000		
161.501000	-618.339000		
162.001000	-617.925000		
162.501000	-618.208000		
163.001000	-618.638000		
163.501000	-618.320000		
164.001000	-618.246000		
164.501000	-618.105000		
165.001000	-618.368000		
165.501000	-618.654000		
166.001000	-618.589000		
166.501000	-618.514000		
167.001000	-618.209000		
167.501000	-618.527000		
168.001000	-618.455000		
168.501000	-618.453000		
169.001000	-618.723000		
169.501000	-618.784000		
170.001000	-618.296000		
170.501000	-618.344000		
171.001000	-618.569000		
171.501000	-618.884000		
172.001000	-618.581000		
172.501000	-618.431000		
173.001000	-618.454000		
173.501000	-618.348000		
174.001000	-618.486000		
174.501000	-618.716000		
175.001000	-618.729000		
175.501000	-618.414000		
176.001000	-618.325000		
176.501000	-618.805000		
177.001000	-619.059000		
177.501000	-619.075000		
178.001000	-618.534000		
178.501000	-618.669000		
179.001000	-618.764000		
179.501000	-618.893000		
180.001000	-619.051000		
180.501000	-618.890000		
181.001000	-618.417000		
181.501000	-618.761000		
182.001000	-618.917000		
182.501000	-618.723000		
183.001000	-619.079000		
183.501000	-618.824000		
184.000000	-618.818000		
184.500000	-618.758000		
185.001000	-619.030000		
185.500000	-618.843000		
186.001000	-618.855000		
186.500000	-618.394000		
187.001000	-618.618000		
187.500000	-619.132000		
188.001000	-619.292000		
188.500000	-619.013000		
189.000000	-618.629000		
189.500000	-618.658000		
190.000000	-618.913000		
190.501000	-619.172000		
191.000000	-619.209000		
191.501000	-619.051000		
192.000000	-619.077000		
192.500000	-618.698000		
193.000000	-618.942000		
193.501000	-619.102000		
194.001000	-619.181000		
194.501000	-619.532000		
195.001000	-619.445000		
195.501000	-619.112000		
196.001000	-619.243000		
196.501000	-619.282000		
197.001000	-619.236000		
197.501000	-618.925000		
198.001000	-618.992000		
198.501000	-619.425000		
199.001000	-619.545000		
199.501000	-619.299000		
200.001000	-619.295000		
200.501000	-619.413000		
201.001000	-619.151000		
201.501000	-619.407000		
202.001000	-619.595000		
202.501000	-619.432000		
203.001000	-619.307000		
203.501000	-619.606000		
204.001000	-619.383000		
204.501000	-619.530000		
205.001000	-619.565000		
205.501000	-619.496000		
206.001000	-619.527000		
206.501000	-619.179000		
207.001000	-619.536000		
207.501000	-619.798000		
208.001000	-619.473000		
208.501000	-619.586000		
209.001000	-619.290000		
209.501000	-619.219000		
210.001000	-619.599000		
210.501000	-619.658000		
211.001000	-619.829000		
211.501000	-619.616000		
212.001000	-619.408000		
212.501000	-619.697000		
213.001000	-619.740000		
213.501000	-619.707000		
214.001000	-619.826000		
214.501000	-619.397000		
215.001000	-619.655000		
215.501000	-619.665000		
216.001000	-619.707000		
216.501000	-619.910000		
217.001000	-619.834000		
217.501000	-619.379000		
218.001000	-619.648000		
218.501000	-619.785000		
219.001000	-619.676000		
219.501000	-619.478000		
220.001000	-619.399000		
220.501000	-619.657000		
221.001000	-619.772000		
221.501000	-619.917000		
222.001000	-619.840000		
222.501000	-619.754000		
223.001000	-619.540000		
223.501000	-619.711000		
224.001000	-619.978000		
224.501000	-620.372000		
225.001000	-619.980000		
225.501000	-619.669000		
226.001000	-620.021000		
226.501000	-620.334000		
227.001000	-620.375000		
227.501000	-620.060000		
228.001000	-619.819000		
228.501000	-619.925000		
229.001000	-620.077000		
229.501000	-620.287000		
230.001000	-620.283000		
230.501000	-620.078000		
231.001000	-620.055000		
231.501000	-620.323000		
232.001000	-620.401000		
232.501000	-620.365000		
233.001000	-620.231000		
233.501000	-619.979000		
234.001000	-620.204000		
234.501000	-620.421000		
235.001000	-620.293000		
235.501000	-620.231000		
236.001000	-620.104000		
236.501000	-620.172000		
237.001000	-620.230000		
237.501000	-620.423000		
238.001000	-620.553000		
238.501000	-620.262000		
239.001000	-620.306000		
239.501000	-620.549000		
240.001000	-620.448000		
240.501000	-620.348000		
241.001000	-620.544000		
241.501000	-620.085000		
242.001000	-620.047000		
242.501000	-620.233000		
243.001000	-620.470000		
243.501000	-620.575000		
244.001000	-620.647000		
244.501000	-620.560000		
245.001000	-620.423000		
245.501000	-620.673000		
246.001000	-620.459000		
246.501000	-620.622000		
247.001000	-620.413000		
247.501000	-620.414000		
248.001000	-620.312000		
248.501000	-620.328000		
249.001000	-620.486000		
249.501000	-620.487000		
250.001000	-620.393000		
250.501000	-620.646000		
251.001000	-620.695000		
251.501000	-620.783000		
252.001000	-620.714000		
252.501000	-620.722000		
253.001000	-620.756000		
253.501000	-620.587000		
254.001000	-620.994000		
254.501000	-620.877000		
255.001000	-620.678000		
255.501000	-620.609000		
256.001000	-620.696000		
256.501000	-621.008000		
257.001000	-620.914000		
257.501000	-621.081000		
258.001000	-620.927000		
258.501000	-620.714000		
259.001000	-620.838000		
259.501000	-621.003000		
260.001000	-620.735000		
260.501000	-620.746000		
261.001000	-620.773000		
261.501000	-620.869000		
262.001000	-621.076000		
262.501000	-620.981000		
263.001000	-620.741000		
263.501000	-620.914000		
264.001000	-620.825000		
264.501000	-621.003000		
265.001000	-621.154000		
265.501000	-620.970000		
266.001000	-620.786000		
266.501000	-620.786000		
267.001000	-621.160000		
267.501000	-620.929000		
268.001000	-620.827000		
268.501000	-620.998000		
269.001000	-621.128000		
269.501000	-621.237000		
270.001000	-621.166000		
270.501000	-620.697000		
271.001000	-620.764000		
271.501000	-620.904000		
272.001000	-620.794000		
272.501000	-621.182000		
273.001000	-620.977000		
273.501000	-621.336000		
274.001000	-621.089000		
274.501000	-621.258000		
275.001000	-621.096000		
275.501000	-621.354000		
276.001000	-621.428000		
276.501000	-621.379000		
277.001000	-621.329000		
277.501000	-621.344000		
278.001000	-621.575000		
278.501000	-621.577000		
279.001000	-621.618000		
279.501000	-621.305000		
280.001000	-621.290000		
280.501000	-621.176000		
281.001000	-621.250000		
281.501000	-621.205000		
282.001000	-621.158000		
282.501000	-621.384000		
283.001000	-621.640000		
283.501000	-621.516000		
284.001000	-621.560000		
284.501000	-621.379000		
285.001000	-621.297000		
285.501000	-621.433000		
286.001000	-621.351000		
286.501000	-621.500000		
287.001000	-621.390000		
287.501000	-621.784000		
288.001000	-621.918000		
288.501000	-621.701000		
289.001000	-621.884000		
289.501000	-621.624000		
290.001000	-621.850000		
290.501000	-621.763000		
291.001000	-621.731000		
291.501000	-621.660000		
292.001000	-621.693000		
292.501000	-621.617000		
293.001000	-621.558000		
293.501000	-621.113000		
294.001000	-621.731000		
294.501000	-621.887000		
295.001000	-621.822000		
295.501000	-621.675000		
296.001000	-621.338000		
296.501000	-622.009000		
297.001000	-621.770000		
297.501000	-621.553000		
298.001000	-621.712000		
298.501000	-622.060000		
299.001000	-621.900000		
299.501000	-621.704000		
300.001000	-621.950000		
300.501000	-622.028000		
301.001000	-621.757000		
301.501000	-621.697000		
302.001000	-621.666000		
302.501000	-622.016000		
303.001000	-622.021000		
303.501000	-621.629000		
304.001000	-621.796000		
304.501000	-621.827000		
305.001000	-622.123000		
305.501000	-622.133000		
306.001000	-622.072000		
306.501000	-621.961000		
307.001000	-622.066000		
307.501000	-622.357000		
308.001000	-622.599000		
308.501000	-622.235000		
309.001000	-622.022000		
309.501000	-621.916000		
310.001000	-622.246000		
310.501000	-622.076000		
311.001000	-622.031000		
311.501000	-621.915000		
312.001000	-622.311000		
312.501000	-622.007000		
313.001000	-622.024000		
313.501000	-622.193000		
314.001000	-622.205000		
314.501000	-622.290000		
315.001000	-622.281000		
315.501000	-622.346000		
316.001000	-622.298000		
316.501000	-622.428000		
317.001000	-622.247000		
317.501000	-622.312000		
318.001000	-622.332000		
318.501000	-622.538000		
319.001000	-622.543000		
319.501000	-622.448000		
320.001000	-622.282000		
320.501000	-622.282000		
321.001000	-622.307000		
321.501000	-622.361000		
322.001000	-622.421000		
322.501000	-622.141000		
323.001000	-622.193000		
323.501000	-622.547000		
324.001000	-622.548000		
324.501000	-622.472000		
325.001000	-622.401000		
325.501000	-622.492000		
326.001000	-622.290000		
326.501000	-622.323000		
327.001000	-622.386000		
327.501000	-622.476000		
328.001000	-622.567000		
328.501000	-622.551000		
329.001000	-622.573000		
329.501000	-622.723000		
330.001000	-622.675000		
330.501000	-622.583000		
331.001000	-622.477000		
331.501000	-622.802000		
332.001000	-622.551000		
332.501000	-622.745000		
333.001000	-622.840000		
333.501000	-622.397000		
334.001000	-622.497000		
334.501000	-622.925000		
335.001000	-622.793000		
335.501000	-622.325000		
336.001000	-622.262000		
336.501000	-622.519000		
337.001000	-622.817000		
337.501000	-622.987000		
338.001000	-622.365000		
338.501000	-622.270000		
339.001000	-622.829000		
339.501000	-623.174000		
340.001000	-623.083000		
340.501000	-622.951000		
341.001000	-622.883000		
341.501000	-622.819000		
342.001000	-622.989000		
342.501000	-623.191000		
343.001000	-622.960000		
343.501000	-622.819000		
344.001000	-622.587000		
344.501000	-622.617000		
345.001000	-622.692000		
345.501000	-622.958000		
346.001000	-623.147000		
346.501000	-622.863000		
347.001000	-622.947000		
347.501000	-622.925000		
348.001000	-623.279000		
348.501000	-623.356000		
349.001000	-622.769000		
349.501000	-622.577000		
350.001000	-623.272000		
350.501000	-623.403000		
351.001000	-623.655000		
351.501000	-623.372000		
352.001000	-623.061000		
352.501000	-623.113000		
353.001000	-623.413000		
353.501000	-623.617000		
354.001000	-623.152000		
354.501000	-623.020000		
355.001000	-623.289000		
355.501000	-623.248000		
356.001000	-623.256000		
356.501000	-623.453000		
357.001000	-623.268000		
357.501000	-623.000000		
358.001000	-623.259000		
358.501000	-623.173000		
359.001000	-623.470000		
359.501000	-623.200000		
360.001000	-623.162000		
360.501000	-623.348000		
361.001000	-623.606000		
361.501000	-623.615000		
362.001000	-623.363000		
362.501000	-623.729000		
363.001000	-623.353000		
363.501000	-623.256000		
364.001000	-623.658000		
364.501000	-623.596000		
365.001000	-623.633000		
365.501000	-623.430000		
366.001000	-623.444000		
366.501000	-623.504000		
367.001000	-623.134000		
367.501000	-623.281000		
368.001000	-623.102000		
368.501000	-623.427000		
369.001000	-623.728000		
369.501000	-623.554000		
370.001000	-623.575000		
370.501000	-623.514000		
371.001000	-623.718000		
371.501000	-623.625000		
372.001000	-624.109000		
372.501000	-623.674000		
373.001000	-623.529000		
373.501000	-623.724000		
374.001000	-623.669000		
374.501000	-623.864000		
375.001000	-623.557000		
375.501000	-623.671000		
376.001000	-623.406000		
376.501000	-623.694000		
377.001000	-623.716000		
377.501000	-623.503000		
378.001000	-623.574000		
378.501000	-623.295000		
379.001000	-623.517000		
379.501000	-623.835000		
380.001000	-623.647000		
380.501000	-623.729000		
381.001000	-623.912000		
381.501000	-623.833000		
382.001000	-624.035000		
382.501000	-623.720000		
383.001000	-623.693000		
383.501000	-623.831000		
384.001000	-623.902000		
384.501000	-623.825000		
385.001000	-623.835000		
385.501000	-624.032000		
386.001000	-623.982000		
386.501000	-623.552000		
387.001000	-623.836000		
387.501000	-623.605000		
388.001000	-623.920000		
388.501000	-623.824000		
389.001000	-623.710000		
389.501000	-623.836000		
390.001000	-623.950000		
390.501000	-624.054000		
391.001000	-624.097000		
391.501000	-623.958000		
392.001000	-624.024000		
392.501000	-624.208000		
393.001000	-624.271000		
393.501000	-623.961000		
394.001000	-623.991000		
394.501000	-623.776000		
395.001000	-624.193000		
395.501000	-624.102000		
396.001000	-624.103000		
396.501000	-624.079000		
397.001000	-624.332000		
397.501000	-624.183000		
398.001000	-624.231000		
398.501000	-624.342000		
399.001000	-624.168000		
399.501000	-624.149000		
400.001000	-624.128000		
400.501000	-624.100000		
401.001000	-624.406000		
401.501000	-624.459000		
402.001000	-624.414000		
402.501000	-624.121000		
403.001000	-624.235000		
403.501000	-624.657000		
404.001000	-624.776000		
404.501000	-624.441000		
405.001000	-624.108000		
405.501000	-624.219000		
406.001000	-624.510000		
406.501000	-624.288000		
407.001000	-624.097000		
407.501000	-624.248000		
408.001000	-624.548000		
408.501000	-624.857000		
409.001000	-624.755000		
409.501000	-624.395000		
410.001000	-624.389000		
410.501000	-624.111000		
411.001000	-624.591000		
411.501000	-624.860000		
412.001000	-624.659000		
412.501000	-624.648000		
413.001000	-624.400000		
413.501000	-624.386000		
414.001000	-624.632000		
414.501000	-624.723000		
415.001000	-624.653000		
415.501000	-624.599000		
416.001000	-624.564000		
416.501000	-624.968000		
417.001000	-624.790000		
417.501000	-624.441000		
418.001000	-624.404000		
418.501000	-624.388000		
419.001000	-624.586000		
419.501000	-624.543000		
420.001000	-624.715000		
420.501000	-624.711000		
421.001000	-624.705000		
421.501000	-624.822000		
422.001000	-624.772000		
422.501000	-624.681000		
423.001000	-624.750000		
423.501000	-624.491000		
424.001000	-624.601000		
424.501000	-624.887000		
425.001000	-624.995000		
425.501000	-625.021000		
426.001000	-624.715000		
426.501000	-624.853000		
427.001000	-624.938000		
427.501000	-625.197000		
428.001000	-625.078000		
428.501000	-624.704000		
429.001000	-624.722000		
429.501000	-625.080000		
430.001000	-625.083000		
430.501000	-625.216000		
431.001000	-624.769000		
431.501000	-624.785000		
432.001000	-624.833000		
432.501000	-625.328000		
433.001000	-625.048000		
433.501000	-625.140000		
434.001000	-624.990000		
434.501000	-625.037000		
435.001000	-624.946000		
435.501000	-625.080000		
436.001000	-625.270000		
436.501000	-625.186000		
437.001000	-624.812000		
437.501000	-625.134000		
438.001000	-625.169000		
438.501000	-625.036000		
439.001000	-625.212000		
439.501000	-625.168000		
440.001000	-625.151000		
440.501000	-625.129000		
441.001000	-625.331000		
441.501000	-625.428000		
442.001000	-625.026000		
442.501000	-625.150000		
443.001000	-625.085000		
443.501000	-625.264000		
444.001000	-625.159000		
444.501000	-625.426000		
445.001000	-625.349000		
445.501000	-625.136000		
446.001000	-625.073000		
446.501000	-625.098000		
447.001000	-625.046000		
447.501000	-625.241000		
448.001000	-625.283000		
448.501000	-625.422000		
449.001000	-625.367000		
449.501000	-625.249000		
450.001000	-625.239000		
450.501000	-625.163000		
451.001000	-625.348000		
451.501000	-625.456000		
452.001000	-625.457000		
452.501000	-625.202000		
453.001000	-625.256000		
453.501000	-625.612000		
454.001000	-625.876000		
454.501000	-625.766000		
455.001000	-625.495000		
455.501000	-624.864000		
456.001000	-625.223000		
456.501000	-625.409000		
457.001000	-625.615000		
457.501000	-625.460000		
458.001000	-625.728000		
458.501000	-625.770000		
459.001000	-625.997000		
459.501000	-625.723000		
460.001000	-625.487000		
460.501000	-625.625000		
461.001000	-625.531000		
461.501000	-625.607000		
462.001000	-625.617000		
462.501000	-625.415000		
463.001000	-625.498000		
463.501000	-625.409000		
464.001000	-625.542000		
464.501000	-625.764000		
465.001000	-625.807000		
465.501000	-625.874000		
466.001000	-625.559000		
466.501000	-625.853000		
467.001000	-626.155000		
467.501000	-625.957000		
468.001000	-625.672000		
468.501000	-625.791000		
469.001000	-625.833000		
469.501000	-625.812000		
470.001000	-625.936000		
470.501000	-625.824000		
471.001000	-625.898000		
471.501000	-625.843000		
472.001000	-625.697000		
472.501000	-625.933000		
473.001000	-626.117000		
473.501000	-625.840000		
474.001000	-625.977000		
474.501000	-626.062000		
475.001000	-626.059000		
475.501000	-626.279000		
476.001000	-625.912000		
476.501000	-625.640000		
477.001000	-625.938000		
477.501000	-625.846000		
478.001000	-625.974000		
478.501000	-626.006000		
479.001000	-625.835000		
479.501000	-625.934000		
480.001000	-626.065000		
480.501000	-626.090000		
481.001000	-626.273000		
481.501000	-625.967000		
482.001000	-625.995000		
482.501000	-626.228000		
483.001000	-626.321000		
483.501000	-625.891000		
484.001000	-625.773000		
484.501000	-625.792000		
485.001000	-626.105000		
485.501000	-626.090000		
486.001000	-626.208000		
486.501000	-626.397000		
487.001000	-626.218000		
487.501000	-626.218000		
488.001000	-626.195000		
488.501000	-626.493000		
489.001000	-626.391000		
489.501000	-626.188000		
490.001000	-626.226000		
490.501000	-626.336000		
491.001000	-626.383000		
491.501000	-626.388000		
492.001000	-626.392000		
492.501000	-626.192000		
493.001000	-626.451000		
493.501000	-626.426000		
494.001000	-626.596000		
494.501000	-626.759000		
495.001000	-626.329000		
495.501000	-626.316000		
496.001000	-626.226000		
496.501000	-626.614000		
497.001000	-626.679000		
497.501000	-626.301000		
498.001000	-626.178000		
498.501000	-626.150000		
499.001000	-626.375000		
499.501000	-626.573000		
500.001000	-626.252000		
500.501000	-626.415000		
501.001000	-626.431000		
501.501000	-626.680000		
502.001000	-626.672000		
502.501000	-626.622000		
503.001000	-626.285000		
503.501000	-626.490000		
504.001000	-626.868000		
504.501000	-626.832000		
505.001000	-626.555000		
505.501000	-626.469000		
506.001000	-626.845000		
506.501000	-626.613000		
507.001000	-626.461000		
507.501000	-626.607000		
508.001000	-626.888000		
508.501000	-626.633000		
509.001000	-626.501000		
509.501000	-626.740000		
510.001000	-626.699000		
510.501000	-626.715000		
511.001000	-626.926000		
511.501000	-626.666000		
512.001000	-627.009000		
512.501000	-626.870000		
513.001000	-626.803000		
513.501000	-626.737000		
514.001000	-626.640000		
514.501000	-626.677000		
515.001000	-627.050000		
515.501000	-626.840000		
516.001000	-626.800000		
516.501000	-626.708000		
517.001000	-627.031000		
517.501000	-626.995000		
518.001000	-626.799000		
518.501000	-626.697000		
519.001000	-626.749000		
519.501000	-627.006000		
520.001000	-627.048000		
520.501000	-626.708000		
521.001000	-626.905000		
521.501000	-626.795000		
522.001000	-626.699000		
522.501000	-626.940000		
523.001000	-627.172000		
523.501000	-626.944000		
524.001000	-626.821000		
524.501000	-626.919000		
525.001000	-627.106000		
525.501000	-627.102000		
526.001000	-627.496000		
526.501000	-627.440000		
527.001000	-627.268000		
527.501000	-627.084000		
528.001000	-627.293000		
528.501000	-627.336000		
529.001000	-626.851000		
529.501000	-626.569000		
530.001000	-626.815000		
530.501000	-627.025000		
531.001000	-627.129000		
531.501000	-627.489000		
532.001000	-627.309000		
532.501000	-627.312000		
533.001000	-627.115000		
533.501000	-627.139000		
534.001000	-627.066000		
534.501000	-627.126000		
535.001000	-627.052000		
535.501000	-627.222000		
536.001000	-627.355000		
536.501000	-627.458000		
537.001000	-627.318000		
537.501000	-627.259000		
538.001000	-627.114000		
538.501000	-627.025000		
539.001000	-627.027000		
539.501000	-627.113000		
540.001000	-627.005000		
540.501000	-626.863000		
541.001000	-627.346000		
541.501000	-627.325000		
542.001000	-627.189000		
542.501000	-627.311000		
543.001000	-627.302000		
543.501000	-627.350000		
544.001000	-627.405000		
544.501000	-627.662000		
545.001000	-627.744000		
545.501000	-627.351000		
546.001000	-627.341000		
546.501000	-627.216000		
547.001000	-627.578000		
547.501000	-627.205000		
548.001000	-627.349000		
548.501000	-627.480000		
549.001000	-627.508000		
549.501000	-627.591000		
550.001000	-627.534000		
550.501000	-627.598000		
551.001000	-627.300000		
551.501000	-627.608000		
552.001000	-627.837000		
552.501000	-627.803000		
553.001000	-627.795000		
553.501000	-627.606000		
554.001000	-627.264000		
554.501000	-627.846000		
555.001000	-627.972000		
555.501000	-627.861000		
556.001000	-627.870000		
556.501000	-627.783000		
557.001000	-627.772000		
557.501000	-627.891000		
558.001000	-627.861000		
558.501000	-627.794000		
559.001000	-627.738000		
559.501000	-627.724000		
560.001000	-627.809000		
560.501000	-627.866000		
561.001000	-627.669000		
561.501000	-627.529000		
562.001000	-627.605000		
562.501000	-627.818000		
563.001000	-627.869000		
563.501000	-627.939000		
564.001000	-627.597000		
564.501000	-627.817000		
565.001000	-627.950000		
565.501000	-628.298000		
566.001000	-628.054000		
566.501000	-627.807000		
567.001000	-627.827000		
567.501000	-627.894000		
568.001000	-627.989000		
568.501000	-628.024000		
569.001000	-628.064000		
569.501000	-627.957000		
570.001000	-627.668000		
570.501000	-627.819000		
571.001000	-628.046000		
571.501000	-628.108000		
572.001000	-627.930000		
572.501000	-627.809000		
573.001000	-627.988000		
573.501000	-628.181000		
574.001000	-628.299000		
574.501000	-628.319000		
575.001000	-628.197000		
575.501000	-627.894000		
576.001000	-628.120000		
576.501000	-628.300000		
577.001000	-628.113000		
577.501000	-628.001000		
578.001000	-627.826000		
578.501000	-627.826000		
579.001000	-628.248000		
579.501000	-628.212000		
580.001000	-628.254000		
580.501000	-627.963000		
581.001000	-627.980000		
581.501000	-628.265000		
582.001000	-628.221000		
582.501000	-628.132000		
583.001000	-628.062000		
583.501000	-628.196000		
584.001000	-628.238000		
584.501000	-628.371000		
585.001000	-628.259000		
585.501000	-628.267000		
586.001000	-628.001000		
586.501000	-628.436000		
587.001000	-628.222000		
587.501000	-628.579000		
588.001000	-628.109000		
588.501000	-628.236000		
589.001000	-628.195000		
589.501000	-628.311000		
590.001000	-628.672000		
590.501000	-628.593000		
591.001000	-629.050000		
591.501000	-628.689000		
592.001000	-628.601000		
592.501000	-628.729000		
593.001000	-628.554000		
593.501000	-628.401000		
594.001000	-628.285000		
594.501000	-628.492000		
595.001000	-628.414000		
595.501000	-628.528000		
596.001000	-628.523000		
596.501000	-628.254000		
597.001000	-628.622000		
597.501000	-628.357000		
598.001000	-628.876000		
598.501000	-628.496000		
599.001000	-628.504000		
599.501000	-628.708000		
600.001000	-628.603000		
600.501000	-628.681000		
601.001000	-628.549000		
601.501000	-628.305000		
602.001000	-628.380000		
602.501000	-628.501000		
603.001000	-628.658000		
603.501000	-628.737000		
604.001000	-628.755000		
604.501000	-628.611000		
605.001000	-628.836000		
605.501000	-629.044000		
606.001000	-628.624000		
606.501000	-628.669000		
607.001000	-628.328000		
607.501000	-628.487000		
608.001000	-628.600000		
608.501000	-628.982000		
609.001000	-629.001000		
609.501000	-628.778000		
610.001000	-628.664000		
610.501000	-628.825000		
611.001000	-628.672000		
611.501000	-628.761000		
612.001000	-628.658000		
612.501000	-628.498000		
613.001000	-628.830000		
613.501000	-628.827000		
614.001000	-628.845000		
614.501000	-628.699000		
615.001000	-628.501000		
615.501000	-628.551000		
616.001000	-628.574000		
616.501000	-628.910000		
617.001000	-628.616000		
617.501000	-628.559000		
618.001000	-628.774000		
618.501000	-628.750000		
619.001000	-628.961000		
619.501000	-629.165000		
620.001000	-629.176000		
620.501000	-628.784000		
621.001000	-628.745000		
621.501000	-628.828000		
622.001000	-628.949000		
622.501000	-628.976000		
623.001000	-628.889000		
623.501000	-628.750000		
624.001000	-629.090000		
624.501000	-628.826000		
625.001000	-629.135000		
625.501000	-629.240000		
626.001000	-628.927000		
626.501000	-629.095000		
627.001000	-628.944000		
627.501000	-629.346000		
628.001000	-629.275000		
628.501000	-629.296000		
629.001000	-629.152000		
629.501000	-629.015000		
630.001000	-823.123000		
630.501000	-1116.542000		
631.001000	-1169.557000		
631.501000	-1166.287000		
632.001000	-1161.112000		
632.501000	-1160.971000		
633.001000	-1161.241000		
633.501000	-1161.157000		
634.001000	-1161.261000		
634.501000	-1161.005000		
635.001000	-1161.257000		
635.501000	-1161.428000		
636.001000	-1161.476000		
636.501000	-1161.218000		
637.001000	-1161.087000		
637.501000	-1161.444000		
638.001000	-1161.519000		
638.501000	-1161.950000		
639.001000	-1161.931000		
639.501000	-1161.928000		
640.001000	-1161.778000		
640.501000	-1161.472000		
641.001000	-1161.316000		
641.501000	-1161.782000		
642.001000	-1161.788000		
642.501000	-1161.721000		
643.001000	-1161.670000		
643.501000	-1161.284000		
644.001000	-1161.386000		
644.501000	-1161.404000		
645.001000	-1161.484000		
645.501000	-1161.282000		
646.001000	-1162.012000		
646.501000	-1161.655000		
647.001000	-1161.401000		
647.501000	-1161.460000		
648.001000	-1161.748000		
648.501000	-1161.640000		
649.001000	-1161.451000		
649.501000	-1161.563000		
650.001000	-1161.470000		
650.501000	-1161.305000		
651.001000	-1161.365000		
651.501000	-1161.409000		
652.001000	-1161.442000		
652.501000	-1161.445000		
653.001000	-1161.239000		
653.501000	-1161.212000		
654.001000	-1161.055000		
654.501000	-1161.357000		
655.001000	-1161.393000		
655.501000	-1161.375000		
656.001000	-1161.159000		
656.501000	-1160.988000		
657.001000	-1160.982000		
657.501000	-1161.111000		
658.001000	-1160.894000		
658.501000	-1160.992000		
659.001000	-1160.878000		
659.501000	-1160.860000		
660.001000	-1160.807000		
660.501000	-1160.913000		
661.001000	-1160.799000		
661.501000	-1160.824000		
662.001000	-1160.926000		
662.501000	-1161.233000		
663.001000	-1161.166000		
663.501000	-1160.968000		
664.001000	-1160.908000		
664.501000	-1160.654000		
665.001000	-1160.922000		
665.501000	-1160.994000		
666.001000	-1160.920000		
666.501000	-1160.986000		
667.001000	-1160.878000		
667.501000	-1160.880000		
668.001000	-1160.582000		
668.501000	-1160.200000		
669.001000	-1160.643000		
669.501000	-1160.547000		
670.001000	-964.301000		
670.501000	-651.806000		
671.001000	-618.839000		
671.501000	-623.905000		
672.001000	-628.610000		
672.501000	-628.720000		
673.001000	-628.614000		
673.501000	-628.591000		
674.001000	-628.832000		
674.501000	-628.938000		
675.001000	-628.949000		
675.501000	-628.684000		
676.001000	-628.424000		
676.501000	-628.502000		
677.001000	-628.500000		
677.501000	-628.672000		
678.001000	-628.905000		
678.501000	-628.554000		
679.001000	-628.288000		
679.501000	-628.385000		
680.001000	-628.285000		
680.501000	-628.650000		
681.001000	-628.839000		
681.501000	-628.690000		
682.001000	-628.455000		
682.501000	-628.256000		
683.001000	-628.024000		
683.501000	-628.269000		
684.001000	-628.186000		
684.501000	-628.074000		
685.001000	-628.448000		
685.501000	-628.418000		
686.001000	-628.063000		
686.501000	-628.467000		
687.001000	-628.564000		
687.501000	-628.308000		
688.001000	-628.646000		
688.501000	-628.438000		
689.001000	-627.897000		
689.501000	-628.252000		
690.001000	-628.273000		
690.501000	-628.317000		
691.001000	-628.298000		
691.501000	-628.532000		
692.001000	-628.288000		
692.501000	-628.396000		
693.001000	-628.364000		
693.501000	-628.234000		
694.001000	-628.442000		
694.501000	-628.497000		
695.001000	-628.017000		
695.501000	-628.036000		
696.001000	-628.059000		
696.501000	-627.995000		
697.001000	-628.169000		
697.501000	-628.244000		
698.001000	-628.410000		
698.501000	-628.360000		
699.001000	-628.201000		
699.501000	-628.432000		
700.001000	-628.363000		
700.501000	-628.548000		
701.001000	-628.261000		
701.501000	-628.234000		
702.001000	-628.300000		
702.501000	-627.974000		
703.001000	-628.536000		
703.501000	-628.519000		
704.001000	-628.210000		
704.501000	-628.288000		
705.001000	-628.235000		
705.501000	-941.497000		
706.001000	-1141.880000		
706.501000	-1170.647000		
707.001000	-1162.963000		
707.501000	-1160.055000		
708.001000	-1159.824000		
708.501000	-1160.076000		
709.001000	-1160.526000		
709.501000	-1160.645000		
710.001000	-1160.638000		
710.501000	-1160.488000		
711.001000	-1160.179000		
711.501000	-1159.887000		
712.001000	-1160.542000		
712.501000	-1160.312000		
713.001000	-1160.406000		
713.501000	-1160.292000		
714.001000	-1160.351000		
714.501000	-1160.523000		
715.001000	-1160.306000		
715.501000	-1160.180000		
716.001000	-1160.406000		
716.501000	-1160.600000		
717.001000	-1160.386000		
717.501000	-1160.369000		
718.001000	-1160.289000		
718.501000	-1159.867000		
719.001000	-1159.870000		
719.501000	-1160.105000		
720.001000	-1160.421000		
720.501000	-1160.412000		
721.001000	-1160.353000		
721.501000	-1160.118000		
722.001000	-1160.011000		
722.501000	-1160.129000		
723.001000	-1159.756000		
723.501000	-1160.001000		
724.001000	-1160.111000		
724.501000	-1160.187000		
725.001000	-1159.978000		
725.501000	-1160.069000		
726.001000	-1160.340000		
726.501000	-1160.099000		
727.001000	-1159.929000		
727.501000	-1160.085000		
728.001000	-1160.137000		
728.501000	-1159.995000		
729.001000	-1159.870000		
729.501000	-1159.916000		
730.001000	-1159.739000		
730.501000	-1159.631000		
731.001000	-1159.576000		
731.501000	-1159.492000		
732.001000	-1159.947000		
732.501000	-1159.955000		
733.001000	-1159.759000		
733.501000	-1160.093000		
734.001000	-1160.261000		
734.501000	-1159.585000		
735.001000	-1159.477000		
735.501000	-1159.302000		
736.001000	-1159.234000		
736.501000	-1159.183000		
737.001000	-1159.463000		
737.501000	-1159.743000		
738.001000	-1159.706000		
738.501000	-1159.292000		
739.001000	-1159.337000		
739.501000	-1159.310000		
740.001000	-1159.163000		
740.501000	-1158.999000		
741.001000	-1158.894000		
741.501000	-1159.176000		
742.001000	-1159.179000		
742.501000	-1159.381000		
743.001000	-1135.582000		
743.501000	-713.517000		
744.001000	-628.700000		
744.501000	-619.274000		
745.001000	-626.084000		
745.501000	-627.565000		
746.001000	-627.517000		
746.501000	-627.748000		
747.001000	-627.955000		
747.501000	-627.864000		
748.001000	-627.673000		
748.501000	-627.154000		
749.001000	-627.094000		
749.501000	-627.410000		
750.001000	-627.073000		
750.501000	-627.256000		
751.001000	-627.469000		
751.501000	-627.637000		
752.001000	-627.089000		
752.501000	-627.159000		
753.001000	-626.961000		
753.501000	-626.754000		
754.001000	-626.840000		
754.501000	-627.022000		
755.001000	-627.341000		
755.501000	-627.304000		
756.001000	-626.936000		
756.501000	-627.058000		
757.001000	-626.998000		
757.501000	-626.805000		
758.001000	-626.936000		
758.501000	-627.257000		
759.001000	-627.413000		
759.501000	-626.854000		
760.001000	-626.828000		
760.501000	-626.862000		
761.001000	-626.937000		
761.501000	-627.145000		
762.001000	-627.292000		
762.501000	-626.749000		
763.001000	-626.709000		
763.501000	-626.979000		
764.001000	-627.068000		
764.501000	-627.313000		
765.001000	-627.169000		
765.501000	-627.206000		
766.001000	-627.037000		
766.501000	-626.926000		
767.001000	-626.968000		
767.501000	-627.192000		
768.001000	-626.932000		
768.501000	-626.963000		
769.001000	-626.876000		
769.501000	-626.982000		
770.001000	-626.753000		
770.501000	-626.806000		
771.001000	-626.998000		
771.501000	-627.136000		
772.001000	-627.237000		
772.501000	-627.058000		
773.001000	-627.380000		
773.501000	-626.949000		
774.001000	-960.529000		
774.501000	-1155.822000		
775.001000	-1169.773000		
775.501000	-1163.500000		
776.001000	-1159.110000		
776.501000	-1158.798000		
777.001000	-1158.992000		
777.501000	-1158.786000		
778.001000	-1158.758000		
778.501000	-1158.707000		
779.001000	-1158.895000		
779.501000	-1158.874000		
780.001000	-1159.285000		
780.501000	-1158.971000		
781.001000	-1158.769000		
781.501000	-1158.836000		
782.001000	-1159.011000		
782.501000	-1159.111000		
783.001000	-1158.815000		
783.501000	-1158.743000		
784.001000	-1158.867000		
784.501000	-1158.888000		
785.001000	-1159.098000		
785.501000	-1158.757000		
786.001000	-1158.912000		
786.501000	-1159.018000		
787.001000	-1158.900000		
787.501000	-1159.062000		
788.001000	-1159.229000		
788.501000	-1158.712000		
789.001000	-1158.646000		
789.501000	-1158.802000		
790.001000	-1158.743000		
790.501000	-1158.743000		
791.001000	-1158.632000		
791.501000	-1158.700000		
792.001000	-1158.540000		
792.501000	-1158.862000		
793.001000	-1158.837000		
793.501000	-1158.379000		
794.001000	-1158.444000		
794.501000	-1158.614000		
795.001000	-1158.488000		
795.501000	-1158.396000		
796.001000	-1158.539000		
796.501000	-1158.329000		
797.001000	-1158.394000		
797.501000	-1158.692000		
798.001000	-1158.415000		
798.501000	-1158.695000		
799.001000	-1158.536000		
799.500000	-1158.311000		
800.001000	-1158.383000		
800.500000	-1158.325000		
801.001000	-1158.226000		
801.500000	-1158.159000		
802.001000	-1158.348000		
802.501000	-1158.387000		
803.001000	-1158.390000		
803.501000	-1158.434000		
804.001000	-1158.115000		
804.501000	-1158.059000		
805.001000	-1158.162000		
805.501000	-1158.001000		
806.001000	-1157.879000		
806.501000	-1157.863000		
807.000000	-1158.012000		
807.501000	-932.694000		
808.001000	-648.364000		
