0	-338.869
0.501	-339.19
1	-339.472
1.501	-339.545
2.001	-339.333
2.501	-339.452
3.001	-339.588
3.5	-339.578
4.001	-339.456
4.5	-339.453
5.001	-339.676
5.5	-339.663
6.001	-339.279
6.5	-339.327
7.001	-339.386
7.501	-339.442
8.001	-339.5
8.501	-339.163
9.001	-339.432
9.501	-339.165
10.001	-339.311
10.501	-339.277
11.001	-338.839
11.501	-338.948
12.001	-339.137
12.501	-339.404
13.001	-339.263
13.501	-338.859
14.001	-338.783
14.501	-338.929
15.001	-339.048
15.501	-338.921
16.001	-338.823
16.501	-338.803
17.001	-338.992
17.501	-339.313
18.001	-338.938
18.501	-338.508
19.001	-338.423
19.501	-338.413
20.001	-338.599
20.501	-338.678
21.001	-338.563
21.501	-338.355
22.001	-338.118
22.501	-338.184
23.001	-338.518
23.501	-338.431
24.001	-338.153
24.501	-338.355
25.001	-338.47
25.501	-338.399
26.001	-338.035
26.501	-337.988
27.001	-338.219
27.501	-338.151
28.001	-338.22
28.501	-337.958
29.001	-337.872
29.501	-337.873
30.001	-337.823
30.501	-337.884
31.001	-337.936
31.501	-337.699
32.001	-337.625
32.501	-337.999
33.001	-337.541
33.501	-337.039
34.001	-337.345
34.501	-337.477
35.001	-337.713
35.501	-337.655
36.001	-337.474
36.501	-337.506
37.001	-337.408
37.501	-337.175
38.001	-337.035
38.501	-337.194
39.001	-337.145
39.501	-337.303
40.001	-337.353
40.501	-337.21
41.001	-337.224
41.501	-337.386
42.001	-337.553
42.501	-337.266
43.001	-336.812
43.501	-337.065
44.001	-336.994
44.501	-336.847
45.001	-336.524
45.501	-336.765
46.001	-336.9
46.501	-337.177
47.001	-337.003
47.501	-336.996
48.001	-336.867
48.501	-337.053
49.001	-337.146
49.501	-337.072
50.001	-336.777
50.501	-336.389
51.001	-336.49
51.501	-336.718
52.001	-336.41
52.501	-336.379
53.001	-336.486
53.501	-336.36
54.001	-336.357
54.501	-336.351
55.001	-336.227
55.501	-336.566
56.001	-336.816
56.501	-336.602
57.001	-336.308
57.501	-336.556
58.001	-336.755
58.501	-336.625
59.001	-336.469
59.501	-336.48
60.001	-336.538
60.501	-336.665
61.001	-336.289
61.501	-336.404
62.001	-336.629
62.501	-336.314
63.001	-336.367
63.501	-336.399
64.001	-336.167
64.501	-336.267
65.001	-336.318
65.501	-336.171
66.001	-336.332
66.501	-336.107
67.001	-336.059
67.501	-336.081
68.001	-336.198
68.501	-336.21
69.001	-336.213
69.501	-335.964
70.001	-336.311
70.501	-336.025
71.001	-336.14
71.501	-336.135
72.001	-335.841
72.501	-335.966
73.001	-335.887
73.501	-335.773
74.001	-335.92
74.501	-336.216
75.001	-336.248
75.501	-335.903
76.001	-336.137
76.501	-335.973
77.001	-335.67
77.501	-335.43
78.001	-335.718
78.501	-335.398
79.001	-335.347
79.501	-335.354
80.001	-335.398
80.501	-335.552
81.001	-335.57
81.501	-335.42
82.001	-335.435
82.501	-335.511
83.001	-335.749
83.501	-335.631
84.001	-335.349
84.501	-335.701
85.001	-335.641
85.501	-335.238
86.001	-335.152
86.501	-335.328
87.001	-335.172
87.501	-334.837
88.001	-334.731
88.501	-335.058
89.001	-334.986
89.501	-334.878
90.001	-334.77
90.501	-334.807
91.001	-335.067
91.501	-334.857
92.001	-335.075
92.501	-335.016
93.001	-334.936
93.501	-335.025
94.001	-334.979
94.501	-334.737
95.001	-334.828
95.501	-334.659
96.001	-334.534
96.501	-334.519
97.001	-334.889
97.501	-334.716
98.001	-334.773
98.501	-334.681
99.001	-334.475
99.501	-334.709
100.001	-334.67
100.501	-334.265
101.001	-334.501
101.501	-334.789
102.001	-334.807
102.501	-334.581
103.001	-334.56
103.501	-334.803
104.001	-334.859
104.501	-334.484
105.001	-334.388
105.501	-334.185
106.001	-334.344
106.501	-334.268
107.001	-334.079
107.501	-334.503
108.001	-334.421
108.501	-334.374
109.001	-334.332
109.501	-334.35
110.001	-334.087
110.501	-334.179
111.001	-334.19
111.501	-334.46
112.001	-334.136
112.501	-334.315
113.001	-334.106
113.501	-334.009
114.001	-334.071
114.501	-334.242
115.001	-333.979
115.501	-334.028
116.001	-334.045
116.501	-333.97
117.001	-333.653
117.501	-333.769
118.001	-333.843
118.501	-334.044
119.001	-333.958
119.501	-333.726
120.001	-333.868
120.501	-333.981
121.001	-333.529
121.501	-333.455
122.001	-333.817
122.501	-334.092
123.001	-333.715
123.501	-333.542
124.001	-333.369
124.501	-333.702
125.001	-333.748
125.501	-333.478
126.001	-333.704
126.501	-333.833
127.001	-333.669
127.501	-333.437
128.001	-333.416
128.501	-333.314
129.001	-333.833
129.501	-333.637
130.001	-333.568
130.501	-333.394
131.001	-333.765
131.501	-333.569
132.001	-333.306
132.501	-333.31
133.001	-333.297
133.501	-332.984
134.001	-333.008
134.501	-333.177
135.001	-333.1
135.501	-332.995
136.001	-332.803
136.501	-332.868
137.001	-333.048
137.501	-333.109
138.001	-333.036
138.501	-333.201
139.001	-333.225
139.501	-333.223
140.001	-333.145
140.501	-333.098
141.001	-333.007
141.501	-333.092
142.001	-332.854
142.501	-332.899
143.001	-332.933
143.501	-332.842
144.001	-332.61
144.501	-332.726
145.001	-332.937
145.501	-333.097
146.001	-332.824
146.501	-332.554
147.001	-332.608
147.501	-332.612
148.001	-332.621
148.501	-332.773
149.001	-332.743
149.501	-332.387
150.001	-332.778
150.501	-332.929
151.001	-332.484
151.501	-332.67
152.001	-332.982
152.501	-332.648
153.001	-332.288
153.501	-332.455
154.001	-332.595
154.501	-332.772
155.001	-332.881
155.501	-332.818
156.001	-332.749
156.501	-332.652
157.001	-332.781
157.501	-332.535
158.001	-332.618
158.501	-332.591
159.001	-332.607
159.501	-332.726
160.001	-332.549
160.501	-332.217
161.001	-332.295
161.501	-332.779
162.001	-332.92
162.501	-332.789
163.001	-332.392
163.501	-332.543
164.001	-332.806
164.501	-332.496
165.001	-332.226
165.501	-332.509
166.001	-332.597
166.501	-332.299
167.001	-332.339
167.501	-332.209
168.001	-332.359
168.501	-332.388
169.001	-332.066
169.501	-331.89
170.001	-332.322
170.501	-332.553
171.001	-332.178
171.501	-331.901
172.001	-332.186
172.501	-332.272
173.001	-331.98
173.501	-331.936
174.001	-332.193
174.501	-332.399
175.001	-332.136
175.501	-331.98
176.001	-332.211
176.501	-332.086
177.001	-332.196
177.501	-331.763
178.001	-332.065
178.501	-331.823
179.001	-331.827
179.501	-331.892
180.001	-331.865
180.501	-331.943
181.001	-331.858
181.501	-331.89
182.001	-331.606
182.501	-331.66
183.001	-331.804
183.501	-331.987
184.001	-331.719
184.501	-331.626
185.001	-331.809
185.501	-331.891
186.001	-331.912
186.501	-331.648
187.001	-331.664
187.501	-331.931
188.001	-331.728
188.501	-331.552
189.001	-331.552
189.501	-332.069
190.001	-332.03
190.501	-331.978
191.001	-331.919
191.501	-331.747
192.001	-331.673
192.501	-331.863
193.001	-332.016
193.501	-331.54
194.001	-331.607
194.501	-331.459
195.001	-331.207
195.501	-331.724
196.001	-331.567
196.501	-331.583
197.001	-331.686
197.501	-331.808
198.001	-331.693
198.501	-331.756
199.001	-332.074
199.501	-331.889
200.001	-331.818
200.501	-331.516
201.001	-331.549
201.501	-331.595
202.001	-331.562
202.501	-331.214
203.001	-331.358
203.501	-331.462
204.001	-331.589
204.501	-331.12
205.001	-331.579
205.501	-331.691
206.001	-331.443
206.501	-331.47
207.001	-331.529
207.501	-331.69
208.001	-331.133
208.501	-331.405
209.001	-331.606
209.501	-331.72
210.001	-331.282
210.501	-331.079
211.001	-331.095
211.501	-331.358
212.001	-331.205
212.501	-331.275
213.001	-331.237
213.501	-331.332
214.001	-331.363
214.501	-331.211
215.001	-331.346
215.501	-331.32
216.001	-330.966
216.501	-331.582
217.001	-331.522
217.501	-331.031
218.001	-331.289
218.501	-331.329
219.001	-331.157
219.501	-331.129
220.001	-331.064
220.501	-331.268
221.001	-330.961
221.501	-331.029
222.001	-331.017
222.501	-330.875
223.001	-330.782
223.501	-330.793
224.001	-330.723
224.501	-330.672
225.001	-330.936
225.501	-330.809
226.001	-330.91
226.501	-330.612
227.001	-330.848
227.501	-330.853
228.001	-330.628
228.501	-330.608
229.001	-330.891
229.501	-331.048
230.001	-330.329
230.501	-330.795
231.001	-330.97
231.501	-330.607
232.001	-330.795
232.501	-330.839
233.001	-330.431
233.501	-330.993
234.001	-330.729
234.501	-330.549
235.001	-330.86
235.501	-330.701
236.001	-330.562
236.501	-330.986
237.001	-330.539
237.501	-330.415
238.001	-330.889
238.501	-331.029
239.001	-330.647
239.501	-330.504
240.001	-330.769
240.501	-330.39
241.001	-330.253
241.501	-330.552
242.001	-330.383
242.501	-330.567
243.001	-330.349
243.501	-330.226
244.001	-330.644
244.501	-330.457
245.001	-330.156
245.501	-330.506
246.001	-330.241
246.501	-330.136
247.001	-330.439
247.501	-330.581
248.001	-330.311
248.501	-330.559
249.001	-330.364
249.501	-330.495
250.001	-330.426
250.501	-330.096
251.001	-329.983
251.501	-330.122
252.001	-330.016
252.501	-330.18
253.001	-330.289
253.501	-330.187
254.001	-330.103
254.501	-330.396
255.001	-330.17
255.501	-329.984
256.001	-330.121
256.501	-330.028
257.001	-330.238
257.501	-330.064
258.001	-329.847
258.501	-329.913
259.001	-330.008
259.501	-330.098
260.001	-330.085
260.501	-330.075
261.001	-330.277
261.501	-330.016
262.001	-329.977
262.501	-330.291
263.001	-329.959
263.501	-329.666
264.001	-330.228
264.501	-330.256
265.001	-330.057
265.501	-330
266.001	-329.823
266.501	-330.044
267.001	-329.665
267.501	-329.889
268.001	-330.007
268.501	-329.872
269.001	-330.053
269.501	-330.018
270.001	-329.926
270.501	-329.986
271.001	-329.723
271.501	-329.681
272.001	-330.035
272.501	-329.508
273.001	-329.717
273.501	-329.972
274.001	-329.926
274.501	-329.558
275.001	-329.985
275.501	-329.953
276.001	-329.736
276.501	-329.582
277.001	-329.357
277.501	-329.319
278.001	-329.398
278.501	-329.847
279.001	-329.458
279.501	-329.484
280.001	-330.045
280.501	-329.757
281.001	-329.402
281.501	-329.52
282.001	-329.658
282.501	-329.82
283.001	-329.736
283.501	-329.48
284.001	-329.648
284.501	-329.73
285.001	-329.529
285.501	-329.554
286.001	-329.491
286.501	-329.389
287.001	-329.326
287.501	-329.48
288.001	-329.335
288.501	-329.031
289.001	-329.232
289.501	-329.838
290.001	-329.348
290.501	-329.238
291.001	-329.237
291.501	-329.399
292.001	-329.435
292.501	-329.22
293.001	-329.35
293.501	-329.368
294.001	-329.592
294.501	-329.597
295.001	-329.136
295.501	-329.15
296.001	-329.391
296.501	-329.282
297.001	-329.446
297.501	-329.423
298.001	-329.256
298.501	-329.098
299.001	-329.298
299.501	-329.451
300.001	-329.129
300.501	-328.816
301.001	-329.166
301.501	-328.802
302.001	-328.932
302.501	-329.17
303.001	-329.29
303.501	-329.238
304.001	-329.172
304.501	-329.042
305.001	-328.769
305.501	-329.158
306.001	-329.066
306.501	-329.114
307.001	-329.341
307.501	-329.125
308.001	-329.462
308.501	-329.165
309.001	-329.243
309.501	-328.794
310.001	-329.148
310.501	-329.31
311.001	-328.963
311.501	-329.021
312.001	-329.2
312.501	-328.938
313.001	-328.976
313.501	-329.166
314.001	-328.976
314.501	-328.893
315.001	-328.719
315.501	-328.903
316.001	-328.906
316.501	-329.046
317.001	-329.261
317.501	-328.91
318.001	-328.935
318.501	-328.787
319.001	-328.877
319.501	-328.565
320.001	-328.517
320.501	-328.825
321.001	-328.345
321.501	-328.503
322.001	-328.773
322.501	-328.764
323.001	-328.519
323.501	-328.552
324.001	-328.728
324.501	-328.604
325.001	-328.653
325.501	-328.791
326.001	-328.63
326.501	-328.992
327.001	-328.724
327.501	-328.409
328.001	-328.434
328.501	-328.607
329.001	-328.594
329.501	-328.326
330.001	-328.686
330.501	-328.51
331.001	-328.474
331.501	-328.52
332.001	-328.612
332.501	-328.611
333.001	-328.425
333.501	-328.606
334.001	-328.616
334.501	-328.298
335.001	-328.466
335.501	-328.608
336.001	-328.486
336.501	-328.296
337.001	-328.487
337.501	-328.396
338.001	-328.652
338.501	-328.859
339.001	-328.221
339.501	-328.163
340.001	-328.4
340.501	-328.465
341.001	-328.133
341.501	-328.199
342.001	-328.357
342.501	-327.991
343.001	-328.205
343.501	-328.532
344.001	-328.553
344.501	-328.232
345.001	-328.423
345.501	-328.261
346.001	-328.433
346.501	-328.542
347.001	-328.221
347.501	-328.344
348.001	-328.315
348.501	-328.374
349.001	-328.387
349.501	-328.147
350.001	-328.507
350.501	-328.41
351.001	-328.454
351.501	-328.42
352.001	-328.43
352.501	-328.24
353.001	-328.497
353.501	-328.4
354.001	-328.471
354.501	-328.257
355.001	-328.158
355.501	-328.239
356.001	-328.18
356.501	-328.489
357.001	-328.453
357.501	-328.268
358.001	-328.288
358.501	-328.207
359.001	-328.389
359.501	-328.286
360.001	-328.077
360.501	-328.196
361.001	-328.199
361.501	-328.108
362.001	-328.151
362.501	-328.432
363.001	-328.426
363.501	-328.046
364.001	-327.993
364.501	-328.15
365.001	-327.843
365.501	-327.958
366.001	-328.224
366.501	-328.013
367.001	-328.322
367.501	-328.307
368.001	-327.944
368.501	-328.031
369.001	-328.182
369.501	-328.264
370.001	-328.112
370.501	-328.04
371.001	-328.162
371.501	-328.071
372.001	-327.999
372.501	-328.008
373.001	-327.951
373.501	-327.91
374.001	-327.946
374.501	-328.102
375.001	-327.866
375.501	-327.715
376.001	-327.942
376.501	-327.843
377.001	-327.921
377.501	-327.782
378.001	-328.016
378.501	-327.601
379.001	-328.069
379.501	-328.275
380.001	-328.013
380.501	-328.224
381.001	-328.201
381.501	-328.086
382.001	-328.037
382.501	-328.075
383.001	-327.87
383.501	-327.985
384.001	-327.934
384.501	-327.867
385.001	-327.738
385.501	-327.951
386.001	-327.787
386.501	-327.686
387.001	-327.829
387.501	-327.706
388.001	-327.716
388.501	-327.666
389.001	-327.979
389.501	-327.907
390.001	-327.739
390.501	-327.591
391.001	-327.637
391.501	-327.76
392.001	-327.615
392.501	-327.701
393.001	-327.536
393.501	-327.819
394.001	-327.801
394.501	-327.578
395.001	-327.43
395.501	-327.637
396.001	-327.422
396.501	-327.699
397.001	-327.49
397.501	-327.573
398.001	-327.7
398.501	-327.66
399.001	-327.63
399.501	-327.388
400.001	-327.349
400.501	-327.333
401.001	-327.389
401.501	-327.192
402.001	-327.444
402.501	-327.513
403.001	-327.486
403.501	-327.461
404.001	-327.654
404.501	-327.479
405.001	-327.388
405.501	-327.498
406.001	-327.416
406.501	-327.321
407.001	-327.291
407.501	-327.485
408.001	-327.211
408.501	-327.273
409.001	-327.223
409.501	-327.154
410.001	-327.14
410.501	-327.292
411.001	-327.232
411.501	-327.378
412.001	-327.083
412.501	-327.086
413.001	-327.282
413.501	-327.207
414.001	-327.21
414.501	-327.421
415.001	-327.068
415.501	-327.341
416.001	-327.289
416.501	-327.147
417.001	-326.863
417.501	-327.212
418.001	-327.253
418.501	-327.277
419.001	-327.392
419.501	-327.229
420.001	-327.239
420.501	-326.988
421.001	-327.162
421.501	-326.966
422.001	-327.316
422.501	-327.105
423.001	-327.33
423.501	-326.806
424.001	-327.051
424.501	-327.081
425.001	-326.783
425.501	-326.738
426.001	-326.948
426.501	-327.06
427.001	-327.19
427.501	-327.071
428.001	-327.043
428.501	-327.076
429.001	-327.214
429.501	-327.318
430.001	-326.886
430.501	-327.07
431.001	-326.91
431.501	-327.237
432.001	-327.05
432.501	-326.67
433.001	-326.891
433.501	-327.118
434.001	-326.917
434.501	-326.953
435.001	-327.129
435.501	-326.896
436.001	-326.877
436.501	-327.285
437.001	-327.125
437.501	-326.755
438.001	-326.675
438.501	-326.642
439.001	-326.635
439.501	-326.817
440.001	-326.675
440.501	-326.697
441.001	-326.878
441.501	-326.853
442.001	-326.977
442.501	-326.679
443.001	-326.774
443.501	-326.899
444.001	-327.206
444.501	-326.741
445.001	-326.74
445.501	-326.656
446.001	-326.828
446.501	-327.061
447.001	-326.887
447.501	-326.647
448.001	-326.839
448.501	-327.044
449.001	-326.923
449.501	-326.721
450.001	-327.001
450.501	-326.684
451.001	-326.822
451.501	-326.57
452.001	-326.818
452.501	-326.733
453.001	-326.69
453.501	-326.743
454.001	-326.928
454.501	-326.541
455.001	-326.979
455.501	-326.756
456.001	-326.645
456.501	-326.47
457.001	-326.794
457.501	-326.641
458.001	-326.469
458.501	-326.78
459.001	-326.687
459.501	-326.701
460.001	-326.878
460.501	-326.653
461.001	-326.571
461.501	-326.966
462.001	-327.296
462.501	-326.896
463.001	-326.732
463.501	-326.566
464.001	-326.577
464.501	-326.471
465.001	-326.536
465.501	-326.79
466.001	-326.582
466.501	-326.196
467.001	-326.335
467.501	-326.602
468.001	-326.434
468.501	-326.5
469.001	-326.577
469.501	-326.563
470.001	-326.996
470.501	-326.715
471.001	-326.525
471.501	-326.396
472.001	-326.571
472.501	-326.529
473.001	-326.61
473.501	-326.871
474.001	-326.304
474.501	-326.258
475.001	-326.365
475.501	-326.453
476.001	-326.334
476.501	-326.498
477.001	-326.542
477.501	-326.412
478.001	-326.651
478.501	-326.78
479.001	-326.826
479.501	-326.375
480.001	-326.497
480.501	-326.486
481.001	-326.376
481.501	-326.106
482.001	-326.404
482.501	-326.208
483.001	-326.146
483.501	-326.309
484.001	-326.464
484.501	-325.869
485.001	-326.07
485.501	-326.008
486.001	-326.261
486.501	-326.216
487.001	-326.066
487.501	-325.903
488.001	-326.152
488.501	-326.091
489.001	-326.316
489.501	-325.847
490.001	-325.945
490.501	-325.96
491.001	-325.938
491.501	-325.836
492.001	-325.905
492.501	-325.959
493.001	-326.143
493.501	-326.247
494.001	-325.891
494.501	-325.773
495.001	-325.89
495.501	-325.734
496.001	-326.108
496.501	-325.976
497.001	-325.775
497.501	-325.758
498.001	-325.916
498.501	-325.547
499.001	-325.823
499.501	-326.028
500.001	-325.747
500.501	-325.862
501.001	-325.668
501.501	-325.799
502.001	-325.922
502.501	-326.088
503.001	-325.516
503.501	-325.741
504.001	-326.032
504.501	-325.857
505.001	-325.968
505.501	-326.057
506.001	-325.681
506.501	-325.963
507.001	-325.717
507.501	-325.705
508.001	-325.868
508.501	-326.021
509.001	-325.764
509.501	-325.733
510.001	-325.692
510.501	-325.588
511.001	-326.007
511.501	-325.776
512.001	-325.328
512.501	-325.49
513.001	-325.521
513.501	-325.585
514.001	-325.435
514.501	-325.524
515.001	-325.649
515.501	-325.361
516.001	-325.349
516.501	-325.629
517.001	-325.642
517.501	-325.385
518.001	-325.388
518.501	-325.783
519.001	-325.456
519.501	-325.501
520.001	-325.504
520.501	-325.439
521.001	-325.525
521.501	-325.471
522.001	-325.379
522.501	-325.294
523.001	-325.491
523.501	-325.343
524.001	-325.46
524.501	-325.052
525.001	-325.442
525.501	-325.443
526.001	-325.253
526.501	-325.151
527.001	-325.361
527.501	-325.382
528.001	-325.198
528.501	-325.031
529.001	-325.276
529.501	-325.482
530.001	-325.419
530.501	-325.137
531.001	-325.313
531.501	-325.311
532.001	-324.998
532.501	-325.214
533.001	-325.198
533.501	-325.191
534.001	-324.861
534.501	-325.302
535.001	-325.349
535.501	-325.244
536.001	-325.119
536.501	-325.216
537.001	-324.946
537.501	-325.005
538.001	-324.98
538.501	-325.112
539.001	-325.108
539.501	-325.335
540.001	-325.099
540.501	-324.957
541.001	-325.064
541.501	-325.126
542.001	-324.852
542.501	-324.815
543.001	-325.233
543.501	-324.874
544.001	-324.978
544.501	-324.888
545.001	-325.005
545.501	-324.597
546.001	-324.844
546.501	-324.774
547.001	-324.964
547.501	-324.749
548.001	-324.932
548.501	-324.886
549.001	-324.603
549.501	-324.964
550.001	-324.633
550.501	-324.763
551.001	-324.708
551.501	-324.624
552.001	-324.274
552.501	-324.463
553.001	-324.585
553.501	-324.767
554.001	-324.762
554.501	-324.482
555.001	-324.535
555.501	-324.79
556.001	-324.43
556.501	-324.428
557.001	-324.535
557.501	-324.557
558.001	-324.508
558.501	-324.491
559.001	-324.503
559.501	-324.298
560.001	-324.343
560.501	-324.672
561.001	-324.817
561.501	-324.528
562.001	-324.524
562.501	-324.358
563.001	-324.554
563.501	-324.545
564.001	-324.696
564.501	-324.66
565.001	-324.589
565.501	-324.369
566.001	-324.519
566.501	-324.682
567.001	-324.375
567.501	-324.377
568.001	-324.354
568.501	-324.482
569.001	-324.246
569.501	-324.256
570.001	-324.378
570.501	-324.297
571.001	-324.252
571.501	-324.49
572.001	-324.099
572.501	-324.128
573.001	-324.239
573.501	-324.035
574.001	-324.283
574.501	-324.411
575.001	-324.26
575.501	-323.932
576.001	-324.163
576.501	-324.064
577.001	-324.03
577.501	-323.997
578.001	-324.271
578.501	-324.098
579.001	-323.953
579.501	-323.885
580.001	-324.054
580.501	-324.194
581.001	-323.789
581.501	-324.039
582.001	-324.103
582.501	-324.052
583.001	-324.23
583.501	-324.235
584.001	-323.99
584.501	-324.095
585.001	-323.972
585.501	-324.156
586.001	-324.273
586.501	-324.08
587.001	-324.023
587.501	-324.012
588.001	-323.941
588.501	-323.982
589.001	-323.963
589.501	-324.107
590.001	-324.184
590.501	-323.948
591.001	-323.753
591.501	-323.816
592.001	-323.808
592.501	-324.061
593.001	-324.633
593.501	-324.493
594.001	-323.871
594.501	-324.044
595.001	-323.927
595.501	-323.808
596.001	-323.915
596.501	-324.181
597.001	-323.869
597.501	-323.883
598.001	-323.685
598.501	-323.865
599.001	-323.816
599.501	-323.663
600.001	-323.676
600.501	-323.952
601.001	-323.576
601.501	-323.375
602.001	-323.522
602.501	-323.521
603.001	-323.54
603.501	-323.633
604.001	-323.885
604.501	-323.406
605.001	-323.493
605.501	-323.711
606.001	-323.661
606.501	-323.728
607.001	-323.634
607.501	-323.544
608.001	-323.357
608.501	-323.434
609.001	-323.471
609.501	-323.819
610.001	-323.83
610.501	-323.649
611.001	-323.844
611.501	-323.403
612.001	-323.543
612.501	-323.254
613.001	-323.73
613.501	-323.689
614.001	-323.409
614.501	-323.283
615.001	-323.487
615.501	-323.274
616.001	-323.286
616.501	-323.553
617.001	-323.495
617.501	-323.709
618.001	-323.185
618.501	-323.309
619.001	-323.345
619.501	-323.237
620.001	-323.375
620.501	-323.627
621.001	-323.365
621.501	-323.282
622.001	-323.817
622.501	-323.475
623.001	-323.577
623.501	-323.387
624.001	-323.224
624.501	-323.401
625.001	-323.335
625.501	-322.916
626.001	-323.364
626.501	-323.235
627.001	-323.071
627.501	-323.136
628.001	-323.241
628.501	-322.94
629.001	-323.081
629.501	-323.407
630.001	-323.309
630.501	-323.35
631.001	-323.019
631.501	-323.108
632.001	-323.139
632.501	-323.028
633.001	-323.202
633.501	-323.19
634.001	-323.166
634.501	-323.018
635.001	-323.424
635.501	-323.175
636.001	-323.061
636.501	-322.966
637.001	-323.195
637.501	-323.31
638.001	-322.78
638.501	-322.564
639.001	-322.567
639.501	-323.071
640.001	-322.72
640.501	-322.911
641.001	-323.102
641.501	-322.636
642.001	-322.895
642.501	-323.02
643.001	-322.928
643.501	-322.761
644.001	-322.686
644.501	-322.482
645.001	-322.568
645.501	-322.525
646.001	-322.594
646.501	-322.762
647.001	-322.301
647.501	-322.314
648.001	-322.459
648.501	-322.633
649.001	-322.827
649.501	-322.6
650.001	-322.351
650.501	-322.608
651.001	-322.659
651.501	-322.758
652.001	-322.649
652.501	-322.471
653.001	-322.752
653.501	-322.949
654.001	-322.765
654.501	-322.806
655.001	-322.447
655.501	-322.742
656.001	-322.719
656.501	-322.528
657.001	-322.636
657.501	-322.454
658.001	-322.549
658.501	-322.324
659.001	-322.593
659.501	-322.427
660.001	-322.228
660.501	-322.594
661.001	-322.527
661.501	-322.372
662.001	-322.548
662.501	-322.393
663.001	-322.452
663.501	-322.556
664.001	-322.292
664.501	-322.43
665.001	-322.303
665.501	-322.182
666.001	-322.082
666.501	-322.154
667.001	-322.622
667.501	-322.541
668.001	-322.596
668.501	-322.084
669.001	-322.275
669.501	-322.436
670.001	-322.413
670.501	-321.949
671.001	-322.549
671.501	-322.12
672.001	-322.317
672.501	-322.133
673.001	-321.931
673.501	-322.284
674.001	-322.062
674.501	-321.983
675.001	-322.21
675.501	-322.268
676.001	-322.299
676.501	-322.23
677.001	-322.186
677.501	-322.107
678.001	-322.148
678.501	-321.942
679.001	-321.906
679.501	-321.916
680.001	-322.058
680.501	-322.213
681.001	-322.259
681.501	-322
682.001	-322.137
682.501	-322.271
683.001	-321.879
683.501	-322.233
684.001	-322.074
684.501	-321.893
685.001	-322.187
685.501	-322.223
686.001	-322.141
686.501	-321.728
687.001	-322.254
687.501	-322.067
688.001	-322.049
688.501	-322.217
689.001	-321.775
689.501	-321.901
690.001	-321.789
690.501	-321.961
691.001	-321.859
691.501	-322.106
692.001	-321.933
692.501	-321.635
693.001	-321.851
693.501	-322.156
694.001	-322.069
694.501	-321.898
695.001	-322.019
695.501	-321.983
696.001	-321.836
696.501	-321.604
697.001	-321.893
697.501	-322.077
698.001	-321.798
698.501	-321.863
699.001	-322.154
699.501	-321.702
700.001	-321.504
700.501	-321.786
701.001	-321.999
701.501	-322.055
702.001	-322.05
702.501	-321.684
703.001	-321.716
703.501	-321.738
704.001	-321.657
704.501	-321.71
705.001	-321.935
705.501	-321.812
706.001	-321.752
706.501	-321.821
707.001	-321.797
707.501	-321.621
708.001	-321.51
708.501	-321.172
709.001	-321.818
709.501	-321.589
710.001	-321.152
710.501	-321.077
711.001	-321.525
711.501	-321.698
712.001	-321.601
712.501	-321.072
713.001	-321.338
713.501	-321.419
714.001	-321.263
714.501	-321.542
715.001	-321.448
715.501	-321.601
716.001	-321.574
716.501	-321.388
717.001	-321.403
717.501	-321.468
718.001	-321.377
718.501	-321.378
719.001	-321.357
719.501	-321.119
720.001	-321.318
720.501	-321.319
721.001	-321.423
721.501	-321.444
722.001	-321.538
722.501	-321.344
723.001	-321.349
723.501	-321.502
724.001	-321.472
724.501	-321.496
725.001	-321.179
725.501	-321.241
726.001	-321.403
726.501	-321.157
727.001	-320.864
727.501	-321.441
728.001	-321.41
728.501	-320.938
729.001	-321.404
729.501	-321.27
730.001	-321.134
730.501	-321.257
731.001	-321.043
731.501	-321.13
732.001	-321.457
732.501	-321.38
733.001	-321.232
733.501	-321.151
734.001	-321.235
734.501	-321.059
735.001	-321.124
735.501	-321.007
736.001	-321.237
736.501	-321.035
737.001	-321.046
737.501	-321.26
738.001	-321.21
738.501	-321.041
739.001	-321.014
739.501	-320.934
740.001	-320.84
740.501	-320.736
741.001	-321.09
741.501	-321.189
742.001	-321.3
742.501	-320.973
743.001	-321.255
743.501	-321.041
744.001	-321.294
744.501	-321.578
745.001	-321.496
745.501	-321.34
746.001	-321.209
746.501	-320.957
747.001	-321.217
747.501	-321.343
748.001	-320.998
748.501	-320.895
749.001	-321.263
749.501	-321.14
750.001	-321.137
750.501	-321.15
751.001	-320.561
751.501	-320.905
752.001	-320.968
752.501	-320.848
753.001	-321.322
753.501	-321.222
754.001	-320.764
754.501	-320.552
755.001	-321.006
755.501	-320.877
756.001	-320.763
756.501	-320.914
757.001	-320.766
757.501	-321.174
758.001	-321.341
758.501	-321.012
759.001	-320.721
759.501	-320.703
760.001	-321.067
760.501	-320.944
761.001	-320.653
761.501	-320.681
762.001	-320.795
762.501	-320.863
763.001	-320.969
763.501	-320.79
764.001	-320.75
764.501	-320.914
765.001	-320.962
765.501	-320.806
766.001	-321.13
766.501	-321.135
767.001	-320.909
767.501	-320.771
768.001	-321.11
768.501	-321.056
769.001	-320.956
769.501	-320.83
770.001	-320.852
770.501	-320.858
771.001	-320.756
771.501	-320.755
772.001	-320.749
772.501	-320.594
773.001	-320.767
773.501	-320.866
774.001	-320.811
774.501	-320.899
775.001	-320.892
775.501	-320.306
776.001	-320.399
776.501	-320.659
777.001	-321.02
777.501	-320.539
778.001	-320.565
778.501	-320.624
779.001	-320.604
779.501	-320.418
780.001	-320.731
780.501	-320.631
781.001	-320.584
781.501	-320.88
782.001	-320.534
782.501	-320.31
783.001	-320.588
783.501	-320.662
784.001	-320.713
784.501	-320.482
785.001	-320.592
785.501	-320.912
786.001	-320.415
786.501	-320.575
787.001	-320.674
787.501	-320.484
788.001	-320.39
788.501	-320.575
789.001	-320.632
789.501	-320.326
790.001	-320.692
790.501	-320.3
791.001	-320.499
791.501	-320.469
792.001	-320.233
792.501	-320.284
793.001	-320.459
793.501	-320.39
794.001	-320.464
794.501	-320.355
795.001	-320.558
795.501	-320.521
796.001	-320.028
796.501	-320.256
797.001	-320.389
797.501	-320.072
798.001	-320.194
798.501	-320.494
799.001	-320.545
799.501	-320.54
800.001	-320.531
800.501	-320.092
801.001	-320.44
801.501	-320.236
802.001	-320.288
802.501	-320.274
803.001	-320.195
803.501	-320.517
804.001	-320.138
804.501	-320.221
805.001	-320.168
805.501	-320.203
806.001	-320.328
806.501	-320.315
807.001	-320.17
807.501	-320.177
808.001	-320.1
808.501	-319.863
809.001	-320.192
809.501	-320.358
810.001	-320.234
810.501	-319.918
811.001	-319.987
811.501	-320.367
812.001	-319.874
812.501	-319.849
813.001	-320.237
813.501	-320.26
814.001	-320.243
814.501	-320.17
815.001	-320.324
815.501	-320.2
816.001	-320.439
816.501	-320.264
817.001	-320.014
817.501	-320.166
818.001	-320.277
818.501	-320.54
819.001	-319.771
819.501	-320.042
820.001	-319.796
820.501	-319.655
821.001	-319.761
821.501	-320.122
822.001	-319.92
822.501	-319.853
823.001	-320.036
823.501	-319.99
824.001	-319.939
824.501	-319.984
825.001	-319.961
825.501	-319.659
826.001	-319.461
826.501	-319.687
827.001	-319.728
827.501	-319.762
828.001	-319.73
828.501	-319.883
829.001	-319.923
829.501	-320.245
830.001	-319.566
830.501	-319.741
831.001	-319.934
831.501	-320.127
832.001	-319.724
832.501	-319.606
833.001	-319.932
833.501	-319.686
834.001	-319.637
834.501	-319.924
835.001	-320.153
835.501	-319.949
836.001	-319.795
836.501	-319.676
837.001	-319.906
837.501	-319.871
838.001	-320.124
838.501	-320.115
839.001	-319.707
839.501	-319.687
840.001	-319.612
840.501	-319.898
841.001	-319.682
841.501	-319.586
842.001	-319.615
842.501	-319.619
843.001	-319.761
843.501	-320.032
844.001	-319.7
844.501	-319.473
845.001	-319.592
845.501	-319.804
846.001	-319.619
846.501	-319.456
847.001	-319.752
847.501	-319.783
848.001	-319.842
848.501	-319.671
849.001	-319.979
849.501	-319.793
850.001	-319.296
850.501	-319.483
851.001	-319.752
851.501	-319.721
852.001	-319.928
852.501	-319.48
853.001	-319.47
853.501	-319.848
854.001	-319.623
854.501	-319.501
855.001	-319.267
855.501	-319.69
856.001	-320.119
856.501	-319.599
857.001	-319.161
857.501	-319.629
858.001	-319.828
858.501	-319.343
859.001	-319.134
859.501	-319.75
860.001	-319.814
860.501	-319.852
861.001	-319.457
861.501	-319.614
862.001	-319.653
862.501	-319.873
863.001	-319.709
863.501	-319.752
864.001	-319.871
864.501	-319.74
865.001	-319.729
865.501	-319.785
866.001	-319.703
866.501	-319.56
867.001	-319.623
867.501	-319.909
868.001	-319.617
868.501	-319.537
869.001	-319.576
869.501	-319.461
870.001	-319.843
870.501	-319.519
871.001	-319.658
871.501	-319.677
872.001	-319.77
872.501	-319.753
873.001	-319.327
873.501	-319.621
874.001	-319.633
874.501	-319.555
875.001	-319.382
875.501	-319.562
876.001	-319.589
876.501	-319.44
877.001	-319.699
877.501	-319.814
878.001	-319.693
878.501	-319.513
879.001	-319.576
879.501	-319.795
880.001	-319.803
880.501	-319.45
881.001	-319.456
881.501	-319.381
882.001	-319.224
882.501	-319.805
883.001	-319.75
883.501	-319.956
884.001	-319.591
884.501	-319.102
885.001	-319.441
885.501	-319.469
886.001	-319.413
886.501	-319.586
887.001	-319.485
887.501	-319.16
888.001	-319.419
888.501	-319.556
889.001	-319.104
889.501	-319.391
890.001	-319.683
890.501	-319.274
891.001	-319.368
891.501	-319.431
892.001	-319.638
892.501	-319.327
893.001	-319.258
893.501	-319.346
894.001	-319.563
894.501	-319.347
895.001	-319.522
895.501	-319.439
896.001	-319.441
896.501	-319.574
897.001	-319.291
897.501	-319.207
898.001	-319.422
898.501	-319.196
899.001	-319.168
899.501	-319.54
900.001	-319.643
900.501	-319.286
901.001	-319.293
901.501	-319.259
902.001	-319.192
902.501	-319.169
903.001	-319.426
903.501	-319.123
904.001	-319.133
904.501	-319.079
905.001	-319.284
905.501	-319.602
906.001	-319.603
906.501	-319.444
907.001	-319.413
907.501	-319.365
908.001	-319.052
908.501	-318.947
909.001	-318.844
909.501	-319.381
910.001	-319.14
910.501	-319.155
911.001	-319.198
911.501	-319.355
912.001	-318.968
912.501	-318.901
913.001	-319.022
913.501	-319.287
914.001	-319.044
914.501	-319.132
915.001	-318.987
915.501	-319.152
916.001	-319.307
916.501	-319.132
917.001	-318.902
917.501	-319.193
918.001	-319.199
918.501	-319.015
919.001	-318.877
919.501	-318.929
920.001	-319.23
920.501	-319.174
921.001	-318.89
921.501	-319.37
922.001	-319.355
922.501	-319.118
923.001	-318.709
923.501	-318.832
924.001	-319.222
924.501	-319.117
925.001	-319.15
925.501	-319.031
926.001	-319.276
926.501	-318.866
927.001	-318.937
927.501	-319.15
928.001	-318.981
928.501	-318.884
929.001	-318.94
929.501	-319.018
930.001	-318.744
930.501	-319.284
931.001	-319.119
931.501	-319.104
932.001	-319.187
932.501	-318.839
933.001	-318.936
933.501	-318.951
934.001	-319.297
934.501	-319.03
935.001	-318.685
935.501	-318.868
936.001	-319.37
936.501	-319.062
937.001	-319.151
937.501	-318.927
938.001	-318.754
938.501	-319.019
939.001	-318.959
939.501	-319.133
940.001	-318.787
940.501	-319.22
941.001	-319.213
941.501	-318.949
942.001	-319.091
942.501	-319.43
943.001	-319.198
943.501	-318.842
944.001	-318.815
944.501	-319.465
945.001	-319.301
945.501	-319.032
946.001	-319.21
946.501	-318.791
947.001	-319.155
947.501	-319.264
948.001	-319.239
948.501	-318.988
949.001	-318.972
949.501	-319.167
950.001	-319.104
950.501	-319.35
951.001	-318.975
951.501	-319.156
952.001	-319.192
952.501	-319.121
953.001	-319.378
953.501	-319.202
954.001	-319.197
954.501	-319.038
955.001	-318.842
955.501	-319.081
956.001	-319.124
956.501	-318.982
957.001	-318.745
957.501	-318.898
958.001	-318.999
958.501	-319.029
959.001	-318.993
959.501	-319.076
960.001	-318.984
960.501	-319.004
961.001	-319.14
961.501	-319.057
962.001	-319.026
962.501	-318.763
963.001	-318.387
963.501	-318.799
964.001	-319.287
964.501	-319.206
965.001	-319.071
965.501	-319.029
966.001	-319.302
966.501	-319.075
967.001	-318.629
967.501	-318.718
968.001	-319.197
968.501	-318.78
969.001	-318.478
969.501	-318.73
970.001	-318.887
970.501	-318.737
971.001	-318.62
971.501	-318.91
972.001	-318.809
972.501	-318.994
973.001	-318.957
973.501	-319.052
974.001	-318.87
974.501	-318.996
975.001	-318.986
975.501	-318.825
976.001	-318.881
976.501	-318.966
977.001	-318.942
977.501	-319.127
978.001	-319.052
978.501	-318.835
979.001	-319.046
979.501	-318.818
980.001	-318.626
980.501	-318.59
981.001	-319.148
981.501	-318.795
982.001	-318.737
982.501	-318.883
983.001	-319.012
983.501	-319.222
984.001	-319.283
984.501	-319.249
985.001	-319.339
985.501	-319.166
986.001	-318.961
986.501	-319.234
987.001	-319.14
987.501	-319.355
988.001	-318.967
988.501	-319.045
989.001	-318.955
989.501	-319.034
990.001	-319.004
990.501	-319.26
991.001	-318.973
991.501	-319.005
992	-319.032
992.501	-319.246
993.001	-318.928
993.501	-318.763
994.001	-318.816
994.501	-319.052
995.001	-319.006
995.501	-318.871
996.001	-319
996.501	-319.155
997.001	-318.885
997.501	-318.917
998.001	-319.217
998.501	-318.907
