468.779	0.0032
470.353	0.004
471.943	0.003
473.537	0.0035
475.145	0.0036
476.759	0.0054
478.381	0.0055
479.959	0.0064
481.544	0.0061
483.206	0.0058
484.781	0.005
486.37	0.0037
487.98	0.0042
489.569	0.0033
491.182	0.0036
492.77	0.0043
494.383	0.0071
496.01	0.0063
497.639	0.0056
499.266	0.0059
500.876	0.0044
502.523	0.0047
504.149	0.0051
505.824	0.0031
507.486	0.0036
509.125	0.0037
510.786	0.0041
512.441	0.0046
514.052	0.0057
515.649	0.0055
517.253	0.0065
518.849	0.0051
520.479	0.0059
522.134	0.007
523.763	0.0075
525.409	0.0058
527.068	0.005
528.672	0.006
530.317	0.0057
531.943	0.0059
533.582	0.0056
535.247	0.0044
536.899	0.0045
538.504	0.0056
540.166	0.0043
541.808	0.0048
543.433	0.0052
545.059	0.0041
546.684	0.0051
548.344	0.0042
550.007	0.0049
551.648	0.0036
553.21	0.0044
554.82	0.0035
556.447	0.0052
558.023	0.0046
559.636	0.0033
561.257	0.0048
562.849	0.0042
564.474	0.0054
566.087	0.0056
567.692	0.0062
569.304	0.0057
570.942	0.006
572.558	0.0055
574.197	0.0063
575.81	0.0075
577.436	0.0065
579.047	0.0079
580.64	0.0056
582.265	0.0048
583.89	0.0056
585.531	0.0041
587.141	0.0044
588.789	0.0024
590.446	0.0037
592.093	0.0037
593.712	0.0034
595.357	0.0046
596.95	0.0047
598.574	0.0066
600.219	0.0056
601.874	0.0081
603.52	0.0067
605.175	0.0067
606.814	0.0071
608.476	0.0066
610.137	0.0074
611.779	0.0069
613.372	0.0054
615.037	0.006
616.662	0.0069
618.29	0.0061
619.896	0.0054
621.556	0.0055
623.181	0.0042
624.846	0.004
626.521	0.0047
628.17	0.0031
629.772	0.0052
631.4	0.0036
633.022	0.004
634.612	0.0046
636.223	0.0044
637.849	0.0054
639.423	0.0061
641.062	0.0054
642.674	0.0053
644.304	0.0062
645.892	0.0046
647.488	0.0061
649.117	0.0053
650.743	0.0062
652.391	0.0062
653.963	0.0068
655.54	0.0058
657.147	0.0069
658.794	0.0071
660.433	0.0063
662.01	0.007
663.622	0.007
665.27	0.0052
666.874	0.0061
668.5	0.0052
670.158	0.0052
671.763	0.0052
673.392	0.004
675.038	0.0052
676.636	0.0047
678.263	0.0048
679.89	0.0047
681.524	0.0052
683.153	0.0048
684.78	0.0037
686.404	0.0039
688.042	0.0049
689.671	0.0053
691.296	0.0071
692.93	0.0059
694.534	0.0067
696.174	0.0057
697.81	0.0046
699.414	0.0047
701.041	0.0047
702.671	0.0049
704.3	0.0049
705.922	0.0072
707.564	0.0061
709.225	0.0064
710.905	0.0084
712.544	0.0076
714.168	0.0073
715.765	0.0059
717.373	0.0043
718.968	0.0042
720.598	0.0031
722.237	0.0032
723.825	0.0035
725.468	0.0031
727.061	0.0056
728.641	0.0047
730.24	0.0049
731.858	0.0053
733.434	0.0049
735.077	0.0056
736.7	0.0066
738.32	0.0064
739.921	0.0056
741.52	0.0072
743.1	0.0062
744.729	0.0073
746.377	0.0078
748.039	0.0076
749.642	0.0079
751.253	0.0071
752.88	0.007
754.488	0.0075
756.093	0.0074
757.723	0.0077
759.388	0.0072
760.997	0.0072
762.628	0.0074
764.307	0.0071
765.923	0.0073
767.582	0.0075
769.192	0.0074
770.841	0.0068
772.478	0.0062
774.126	0.0059
775.789	0.0059
777.459	0.0054
779.103	0.0068
780.743	0.0044
782.408	0.0044
784.034	0.0053
785.66	0.0046
787.293	0.0047
788.969	0.0048
790.599	0.0062
792.258	0.0054
793.864	0.0056
795.474	0.0052
797.101	0.005
798.727	0.0036
800.355	0.0061
801.951	0.0048
803.554	0.0051
805.144	0.0054
806.757	0.0037
808.35	0.0035
809.975	0.004
811.636	0.0035
813.266	0.0048
814.836	0.0062
816.458	0.0067
818.051	0.0078
819.659	0.0071
821.253	0.0068
822.842	0.0054
824.451	0.0048
826.092	0.005
827.717	0.0056
829.313	0.0068
830.956	0.0079
832.596	0.0073
834.224	0.0067
835.869	0.0062
837.517	0.005
839.144	0.0049
840.771	0.0044
842.414	0.0049
844.059	0.0055
845.702	0.0061
847.32	0.0077
848.957	0.0069
850.569	0.0079
852.231	0.0054
853.885	0.0052
855.524	0.0042
857.187	0.0048
858.826	0.0059
860.49	0.0046
862.15	0.0062
863.791	0.0072
865.421	0.0077
867.064	0.0065
868.675	0.0067
870.364	0.006
872.027	0.0053
873.651	0.0045
875.301	0.0045
876.939	0.006
878.529	0.0041
880.157	0.0055
881.784	0.0062
883.374	0.0044
884.985	0.0062
886.612	0.0047
888.249	0.0051
889.841	0.004
891.488	0.0044
893.117	0.0028
894.692	0.0048
896.32	0.0034
897.945	0.0044
899.585	0.0044
901.182	0.005
902.792	0.005
904.404	0.0054
906.043	0.004
907.689	0.0059
909.332	0.0057
910.989	0.0042
912.597	0.0049
914.194	0.0052
915.838	0.0043
917.5	0.0051
919.103	0.0057
920.716	0.0053
922.379	0.0083
923.968	0.0096
925.649	0.0075
927.274	0.0082
928.915	0.0064
930.58	0.0052
932.239	0.005
933.865	0.0051
935.51	0.0055
937.134	0.0054
938.762	0.0042
940.439	0.0059
942.064	0.006
943.704	0.0053
945.365	0.0065
947.011	0.0064
948.616	0.0087
950.291	0.0084
951.935	0.0076
953.58	0.0081
955.226	0.0076
956.854	0.0064
958.428	0.0063
960.058	0.0049
961.683	0.0054
963.311	0.0051
964.913	0.0044
966.567	0.0052
968.155	0.004
970.122	0.0046
972.388	0.0046
974.591	0.0045
979.176	0.0061
981.817	0.0063
983.685	0.0076
985.262	0.0072
987.022	0.0064
988.86	0.0061
990.496	0.0068
992.142	0.0067
993.746	0.0071
995.384	0.0054
997.03	0.0062
998.636	0.0054
1000.279	0.0038
1001.922	0.0051
1003.539	0.0057
1005.136	0.0063
1006.746	0.0065
1008.387	0.007
1010.022	0.0073
1011.678	0.0085
1013.32	0.0081
1014.996	0.0065
1016.658	0.0044
1018.32	0.0044
1019.962	0.0038
1021.587	0.0046
1023.212	0.0051
1024.84	0.0069
1026.466	0.0084
1028.115	0.0076
1029.792	0.0076
1031.422	0.0071
1033.042	0.0056
1034.68	0.0051
1036.58	0.0055
1038.561	0.005
1040.238	0.0044
1041.877	0.0061
1043.554	0.0071
1045.215	0.0083
1046.825	0.0078
1048.422	0.0069
1049.996	0.007
1051.625	0.0054
1053.25	0.0046
1054.876	0.0044
1056.464	0.0052
1058.052	0.0063
1061.252	0.0056
1443.472	0.0162
1445.095	0.0166
1446.684	0.0151
1448.333	0.0153
1449.934	0.0144
1451.511	0.013
1453.126	0.0129
1454.7	0.0127
1456.325	0.0131
1457.933	0.0135
1459.542	0.014
1461.153	0.0119
1462.729	0.0144
1464.354	0.0156
1465.98	0.0167
1467.6	0.0171
1469.23	0.0169
1470.856	0.0172
1472.485	0.0163
1474.127	0.0165
1475.792	0.0159
1477.416	0.0159
1479.083	0.0141
1480.718	0.0138
1482.402	0.0136
1484.027	0.0141
1485.646	0.0139
1487.313	0.0133
1488.924	0.0143
1490.589	0.0159
1492.226	0.0153
1493.874	0.0158
1495.53	0.0176
1497.146	0.0172
1498.819	0.0191
1500.5	0.0184
1502.129	0.0173
1503.789	0.018
1505.449	0.0166
1507.06	0.016
1508.7	0.0148
1510.36	0.0147
1511.949	0.0142
1513.543	0.0148
1515.149	0.0132
1516.71	0.013
1518.338	0.0153
1519.916	0.0138
1521.524	0.0139
1523.13	0.0142
1524.744	0.0134
1526.382	0.0142
1528.008	0.0141
1529.625	0.0146
1531.258	0.0142
1532.896	0.0142
1534.498	0.0154
1536.138	0.0148
1537.748	0.0136
1539.388	0.0147
1541.002	0.0159
1542.606	0.0168
1544.253	0.0148
1545.878	0.0178
1547.516	0.0184
1549.11	0.0191
1550.769	0.0187
1552.38	0.02
1554.008	0.0193
1555.893	0.0179
1557.504	0.0172
1559.1	0.016
1560.727	0.0165
1562.356	0.0164
1563.98	0.0159
1565.608	0.0155
1567.247	0.0146
1569.166	0.0159
1570.829	0.017
1572.451	0.0198
1574.099	0.02
1575.746	0.0185
1577.384	0.0186
1578.972	0.0187
1580.606	0.0162
1582.264	0.0182
1583.873	0.0177
1585.523	0.0166
1587.186	0.0165
1588.841	0.0155
1590.48	0.0156
1592.105	0.0153
1593.696	0.0142
1595.305	0.0159
1596.88	0.0152
1598.44	0.015
1600.068	0.015
1601.676	0.0164
1603.246	0.0143
1604.849	0.0159
1606.455	0.0172
1608.047	0.0202
1609.626	0.0201
1611.248	0.0176
1612.864	0.0173
1614.456	0.0151
1616.083	0.0154
1617.661	0.0179
1619.257	0.0195
1620.866	0.021
1622.497	0.0194
1624.129	0.0189
1625.74	0.0182
1627.379	0.0169
1629.042	0.0153
1630.655	0.0168
1632.256	0.0176
1633.867	0.0196
1635.441	0.0211
1637.069	0.0205
1638.709	0.0188
1640.319	0.0177
1641.958	0.0155
1643.573	0.0148
1645.212	0.0173
1647.128	0.0171
1648.804	0.0191
1650.412	0.0205
1652.006	0.0211
1653.646	0.0194
1655.271	0.0187
1656.932	0.017
1658.574	0.0173
1660.207	0.0143
1661.811	0.0168
1663.457	0.0176
1665.061	0.0189
1666.724	0.0212
1668.386	0.0208
1669.992	0.0216
1671.63	0.0197
1673.191	0.0191
1674.766	0.0176
1676.345	0.0174
1677.954	0.0165
1679.497	0.0163
1681.089	0.0158
1682.685	0.0178
1684.255	0.0187
1685.863	0.0183
1687.427	0.019
1689.032	0.0213
1690.647	0.02
1692.251	0.0203
1693.876	0.0189
1695.467	0.0174
1697.078	0.0163
1698.652	0.0168
1700.24	0.0174
1701.867	0.0173
1703.479	0.0178
1705.109	0.0184
1706.733	0.02
1708.362	0.022
1709.95	0.02
1711.561	0.0207
1713.15	0.0198
1714.779	0.019
1716.394	0.0183
1719.612	0.0176
1721.24	0.0176
1722.851	0.0182
1724.479	0.019
1726.108	0.0183
1727.734	0.0192
1729.359	0.0217
1731.008	0.0203
1732.62	0.0216
1734.273	0.0205
1735.918	0.0208
1737.567	0.0199
1739.186	0.0194
1740.817	0.0167
1742.473	0.0176
1744.102	0.0189
1745.741	0.0177
1747.366	0.0191
1749.026	0.0211
1750.656	0.0212
1752.281	0.0214
1753.91	0.0204
1755.499	0.0203
1757.11	0.0207
1758.688	0.0177
1760.278	0.0186
1761.856	0.0187
1763.418	0.0173
1764.993	0.017
1766.582	0.0165
1768.197	0.0168
1769.822	0.018
1771.397	0.0192
1773.026	0.0212
1774.602	0.0218
1776.479	0.0214
1778.087	0.0204
1779.681	0.0194
1781.295	0.0189
1782.915	0.0176
1784.508	0.0178
1786.149	0.0171
1787.76	0.0169
1789.369	0.0186
1790.994	0.0171
1792.602	0.0206
1794.227	0.022
1795.852	0.0216
1797.477	0.0221
1799.102	0.0222
1800.714	0.0204
1802.34	0.0211
1803.937	0.0198
1805.557	0.0186
1807.223	0.0185
1808.885	0.0174
1810.781	0.0184
1812.407	0.0186
1814.03	0.0187
1815.66	0.0197
1817.288	0.0194
1818.929	0.0204
1820.542	0.0233
1822.181	0.0216
1823.792	0.0231
1825.455	0.022
1827.067	0.0206
1828.653	0.0201
1830.301	0.0196
1831.93	0.018
1833.569	0.0172
1835.179	0.018
1836.777	0.0179
1838.349	0.0197
1839.902	0.0208
1841.492	0.021
1843.086	0.022
1844.693	0.0227
1846.283	0.0219
1847.879	0.0217
1849.478	0.0205
1851.116	0.0192
1852.703	0.0195
1854.278	0.0175
1855.871	0.0183
1857.482	0.0178
1859.041	0.0178
1860.637	0.0178
1862.267	0.0179
1863.842	0.0176
1865.431	0.0187
1867.056	0.0189
1868.682	0.0183
1870.292	0.0187
1871.881	0.0175
1873.492	0.0193
1875.089	0.0183
1876.726	0.0185
1878.372	0.0183
1879.999	0.0175
1881.624	0.018
1883.25	0.0186
1884.924	0.0168
1886.55	0.018
1888.189	0.019
1889.815	0.017
1891.428	0.018
1893.058	0.0191
1894.682	0.019
1896.309	0.019
1897.939	0.0205
1899.561	0.021
1901.171	0.0217
1902.839	0.0211
1904.496	0.022
1906.125	0.0229
1907.786	0.0231
1909.448	0.0216
1911.05	0.0211
1912.644	0.0214
1914.259	0.0208
1915.843	0.0191
1917.417	0.0183
1918.991	0.0176
1920.55	0.0175
1922.149	0.0159
1923.753	0.0158
1925.349	0.0182
1926.929	0.0168
1928.53	0.0173
1930.156	0.0175
1931.744	0.0194
1933.336	0.0191
1934.931	0.021
1936.507	0.0228
1938.135	0.0227
1939.711	0.0205
1941.34	0.0206
1942.968	0.02
1944.54	0.0193
1946.131	0.0183
1947.726	0.0168
1949.321	0.0163
1950.91	0.0165
1952.506	0.0197
1954.146	0.0196
1955.704	0.0213
1957.311	0.0223
1958.922	0.0235
1960.555	0.0219
1962.182	0.0212
1963.796	0.0204
1965.391	0.0186
1966.983	0.0185
1968.608	0.0189
1970.221	0.0173
1971.869	0.0188
1973.439	0.0211
1975.064	0.0225
1976.708	0.0219
1978.299	0.0226
1979.941	0.0208
1981.552	0.0211
1983.199	0.018
1984.856	0.0176
1986.481	0.0183
1988.121	0.0187
1989.735	0.021
1991.396	0.0216
1993.044	0.0234
1994.683	0.0214
1996.297	0.0199
1997.871	0.0185
1999.449	0.0176
2001.022	0.0168
2002.611	0.0159
2004.225	0.0165
2005.853	0.0184
2007.429	0.0172
2008.991	0.0188
2010.6	0.0203
2012.215	0.022
2013.826	0.0212
2015.436	0.0208
2017.043	0.0204
2018.584	0.0198
2020.179	0.0177
2021.755	0.0165
2023.368	0.0169
2024.974	0.0181
2026.635	0.0178
2028.209	0.0205
2029.782	0.0222
2031.397	0.0223
2033.009	0.0206
2034.625	0.0224
2036.252	0.0212
2037.914	0.0208
2039.525	0.023
2041.119	0.0209
2042.746	0.0224
2044.338	0.0211
2045.961	0.0216
2047.626	0.0213
2049.252	0.0227
2050.899	0.0217
2052.51	0.0205
2054.135	0.0218
2055.742	0.0222
2057.367	0.0213
2058.997	0.0217
2060.602	0.0215
2062.217	0.0204
2063.87	0.0204
2065.526	0.0211
2067.187	0.0201
2068.84	0.0199
2070.505	0.0205
2072.132	0.0215
2073.78	0.0201
2075.435	0.0186
2077.024	0.0203
2078.617	0.0184
2080.208	0.0173
2081.81	0.0179
2083.364	0.0175
2084.99	0.0179
2086.562	0.0182
2088.152	0.0168
2089.764	0.0171
2091.393	0.018
2092.99	0.0183
2094.627	0.0188
2096.271	0.0167
2097.864	0.0173
2099.424	0.0185
2101.012	0.0185
2102.577	0.0186
2104.166	0.0198
2105.781	0.0195
2107.4	0.0192
2109.02	0.02
2110.655	0.0197
2112.262	0.0197
2113.906	0.0204
2115.531	0.0202
2117.17	0.0207
2118.787	0.0206
2120.427	0.0222
2122.052	0.0211
2123.662	0.0216
2125.31	0.0205
2126.927	0.021
2128.542	0.0219
2130.16	0.0198
2131.792	0.0233
2133.467	0.0197
2135.096	0.0183
2136.757	0.0184
2138.397	0.0163
2140.039	0.0167
2141.65	0.0183
2143.283	0.0207
2144.93	0.021
2146.583	0.0203
2148.222	0.0202
2149.832	0.019
2151.439	0.019
2153.032	0.0187
2154.681	0.0178
2156.284	0.0174
2157.873	0.0165
2159.469	0.0173
2161.062	0.0193
2162.637	0.0205
2164.211	0.0203
2165.836	0.0188
2167.465	0.02
2169.057	0.0178
2170.632	0.0183
2172.228	0.0172
2173.867	0.0163
2175.493	0.0177
2177.117	0.0193
2178.742	0.0206
2180.358	0.0203
2181.95	0.0206
2183.573	0.0215
2185.151	0.0192
2186.725	0.0181
2188.353	0.0184
2189.942	0.017
2191.556	0.0171
2193.168	0.0181
2194.814	0.0178
2196.444	0.0169
2198.072	0.0182
2199.697	0.0182
2201.314	0.0175
2202.905	0.0216
2204.531	0.021
2206.155	0.0214
2207.747	0.0213
2209.373	0.0202
2210.984	0.0201
2212.63	0.0187
2214.233	0.0182
2215.859	0.0163
2217.483	0.0163
2219.073	0.0167
2220.684	0.0172
2222.311	0.0169
2223.941	0.0173
2225.617	0.0174
2227.245	0.0204
2228.869	0.0195
2230.528	0.0213
2232.138	0.022
2233.764	0.0207
2235.406	0.022
2237.064	0.0214
2238.689	0.0182
2240.303	0.0203
2241.879	0.0171
2243.454	0.0177
2245.051	0.0164
2246.605	0.0173
2248.231	0.0175
2249.824	0.0161
2251.418	0.0175
2253.032	0.0152
2254.601	0.0156
2256.165	0.0163
2257.794	0.0173
2259.391	0.0169
2261.021	0.0171
2262.627	0.019
2264.253	0.02
2265.882	0.0199
2267.508	0.0202
2269.085	0.0213
2270.661	0.0202
2272.283	0.0197
2273.873	0.0179
2275.484	0.0183
2277.071	0.0176
2278.719	0.0166
2280.342	0.0178
2281.954	0.0149
2283.564	0.0173
2285.19	0.015
2286.765	0.0167
2288.374	0.0173
2289.984	0.0174
2291.593	0.0171
2293.204	0.0183
2294.791	0.0183
2296.428	0.0172
2298.053	0.0194
2299.678	0.0179
2301.305	0.0193
2302.968	0.0194
2304.557	0.019
2306.184	0.02
2307.829	0.0204
2309.495	0.0205
2311.141	0.0206
2312.797	0.0194
2314.423	0.0204
2316.072	0.0189
2317.689	0.0205
2319.251	0.0191
2320.859	0.018
2322.466	0.0189
2324.076	0.0192
2325.665	0.0191
2327.279	0.0189
2328.857	0.0207
2330.484	0.0198
2332.061	0.018
2333.651	0.0179
2335.242	0.0197
2336.856	0.0181
2338.45	0.019
2340.079	0.0172
2341.669	0.0181
2343.297	0.0178
2344.909	0.0183
2346.522	0.0182
2348.16	0.0187
2349.754	0.018
2351.343	0.0186
2352.968	0.0194
2354.582	0.0199
2356.189	0.0187
2357.782	0.0202
2359.422	0.0198
2361.035	0.0206
2362.665	0.0199
2364.293	0.0213
2365.932	0.0198
2367.557	0.0211
2369.132	0.0201
2370.746	0.0202
2372.391	0.0204
2374.022	0.0196
2375.661	0.0208
2377.256	0.0202
2378.882	0.0178
2380.532	0.0187
2382.169	0.0164
2383.799	0.0182
2385.445	0.0165
2387.069	0.0155
2388.694	0.0159
2390.322	0.0153
2391.944	0.0159
2393.592	0.0154
2395.212	0.0157
2396.837	0.017
2398.498	0.0195
2400.087	0.0182
2401.702	0.0184
2403.294	0.0189
2404.905	0.0188
2406.519	0.0173
2408.093	0.0186
2409.701	0.0192
2411.316	0.0176
2412.904	0.0168
2414.515	0.0172
2416.092	0.0155
2417.718	0.0164
2419.296	0.0154
2420.892	0.0148
2422.51	0.0161
2424.137	0.0144
2425.751	0.0151
2427.376	0.0156
2429.002	0.0156
2430.611	0.0167
2432.219	0.0178
2433.832	0.0184
2435.422	0.0182
2437.001	0.0193
2438.65	0.0197
2440.269	0.0186
2441.9	0.0197
2443.542	0.0181
2445.131	0.0187
2446.745	0.0169
2448.375	0.0179
2450.053	0.0177
2451.679	0.0169
2453.302	0.0186
2454.933	0.0174
2456.581	0.0168
2458.197	0.0177
2459.859	0.0167
2461.487	0.0171
2463.065	0.0176
2464.672	0.0184
2466.292	0.0171
2467.944	0.0174
2469.61	0.0184
2471.272	0.0171
2472.929	0.0173
2474.555	0.0177
2476.203	0.0181
2477.806	0.0173
2479.453	0.0175
2481.007	0.0177
2482.593	0.0163
2484.211	0.0157
2485.783	0.0167
2487.375	0.016
2488.962	0.0148
2490.563	0.0159
2492.17	0.0157
2493.779	0.0151
2495.363	0.0139
2496.965	0.0155
2498.565	0.0159
2500.185	0.015
2501.746	0.0159
2503.335	0.0148
2504.946	0.014
2506.543	0.0151
2508.173	0.0133
2509.81	0.0144
2511.401	0.0161
2512.975	0.015
2514.6	0.0159
2516.192	0.0156
2517.841	0.0185
2519.427	0.0186
2521.053	0.0194
2522.679	0.0188
2524.304	0.0174
2525.934	0.0159
2527.574	0.0143
2529.199	0.0142
2530.833	0.0148
2532.488	0.0141
2534.115	0.0165
2535.754	0.0156
2537.365	0.0181
2539.013	0.0159
2540.617	0.0188
2542.247	0.0192
2543.873	0.0195
2545.503	0.0176
2547.146	0.0181
2548.81	0.0188
2550.434	0.0201
2552.064	0.0192
2553.705	0.0186
2555.316	0.0188
2556.932	0.0163
2558.567	0.0182
2560.207	0.0171
2561.768	0.0186
2563.343	0.0161
2564.917	0.0192
2566.472	0.0172
2568.065	0.0177
2569.663	0.0168
2571.267	0.0165
2572.907	0.0172
2574.522	0.0161
2576.102	0.0153
2577.678	0.0172
2579.268	0.0158
2580.883	0.0159
2582.457	0.014
2584.082	0.0154
2585.707	0.0134
2587.303	0.0133
2588.908	0.0148
2590.516	0.0151
2592.161	0.015
2593.79	0.017
2595.419	0.0173
2597.024	0.0182
2598.651	0.0181
2600.257	0.019
2601.901	0.0167
2603.49	0.017
2605.085	0.0165
2606.696	0.0152
2608.302	0.015
2609.931	0.0139
2611.574	0.0145
2613.224	0.0145
2614.823	0.0141
2616.501	0.0135
2618.106	0.0139
2619.751	0.0127
2621.376	0.015
2623.004	0.0136
2624.63	0.0139
2626.258	0.014
2627.884	0.0135
2629.551	0.0134
2631.19	0.0153
2632.816	0.0141
2634.456	0.0135
2636.101	0.0154
2637.707	0.0136
2639.333	0.014
2640.993	0.0123
2642.568	0.014
2644.157	0.0124
2645.751	0.0122
2647.346	0.0137
2648.944	0.0119
2650.531	0.0142
2652.143	0.0135
2653.711	0.0128
2655.294	0.013
2656.911	0.0125
2658.474	0.0129
2660.049	0.0143
2661.638	0.0141
2663.232	0.0137
2664.825	0.0136
2666.431	0.0146
2668.079	0.015
2669.658	0.0135
2671.247	0.014
2672.858	0.0154
2674.413	0.0149
2676.041	0.0158
2677.655	0.0158
2679.259	0.0161
2680.886	0.0176
2682.526	0.0161
2684.154	0.0159
2685.769	0.0175
2687.357	0.0175
2688.948	0.0175
2690.544	0.0176
2692.166	0.018
2693.795	0.0172
2695.435	0.0174
2697.047	0.0173
2698.654	0.0171
2700.265	0.0164
2701.877	0.0181
2703.524	0.0178
2705.143	0.0189
2706.768	0.018
2708.397	0.0175
2710.028	0.0177
2711.658	0.0174
2713.287	0.0174
2714.899	0.0183
2716.544	0.0177
2718.203	0.0171
2719.827	0.0179
2721.467	0.0161
2723.055	0.0146
2724.643	0.0142
2726.249	0.0147
2727.859	0.0142
2729.434	0.0133
2731.011	0.0144
2732.59	0.0151
2734.178	0.013
2735.738	0.0126
2737.327	0.012
2738.888	0.0125
2740.495	0.0126
2742.088	0.0135
2743.728	0.0122
2745.283	0.0135
2746.918	0.0128
2748.547	0.0148
2750.171	0.0126
2751.8	0.0123
2753.379	0.0133
2754.967	0.0129
2756.577	0.0122
2758.157	0.0137
2759.746	0.0112
2761.361	0.014
2762.99	0.0149
2764.602	0.0139
2766.207	0.0119
2767.852	0.0137
2769.482	0.0139
2771.094	0.0139
2772.717	0.0116
2774.327	0.0133
2775.934	0.0126
2777.542	0.0127
2779.175	0.0125
2780.777	0.012
2782.403	0.0129
2784.031	0.0135
2785.671	0.0133
2787.283	0.0119
2788.926	0.0132
2790.541	0.0141
2792.202	0.0136
2793.832	0.0126
2795.486	0.0139
2797.098	0.0143
2798.723	0.0154
2800.349	0.0162
2801.975	0.0142
2803.583	0.0149
2805.175	0.0157
2806.75	0.0172
2808.345	0.0147
2809.955	0.0161
2811.539	0.0163
2813.151	0.017
2814.78	0.0174
2816.409	0.0182
2817.998	0.0166
2819.609	0.0154
2821.219	0.0169
2822.827	0.0158
2824.442	0.0169
2826.029	0.0159
2827.59	0.0158
2829.165	0.0157
2830.738	0.0152
2832.363	0.0152
2833.987	0.0157
2835.613	0.0167
2837.222	0.0154
2838.836	0.0157
2840.472	0.0165
2842.103	0.0157
2843.689	0.0152
2845.293	0.0142
2846.908	0.0133
2848.519	0.0142
2850.165	0.0138
2851.776	0.0148
2853.379	0.0143
2855.013	0.015
2856.621	0.0163
2858.246	0.015
2859.87	0.0148
2861.532	0.0141
2863.12	0.0144
2864.781	0.0136
2866.407	0.0149
2868.055	0.0144
2869.693	0.0159
2871.339	0.0133
2872.968	0.0143
2874.594	0.0129
2876.233	0.0128
2877.858	0.0134
2879.47	0.0132
2881.133	0.013
2882.795	0.0113
2884.412	0.0129
2886.022	0.0106
2887.592	0.0112
2889.189	0.0123
2890.752	0.0142
2892.327	0.0137
2893.956	0.0153
2895.582	0.0147
2897.207	0.0163
2898.832	0.0154
2900.387	0.0162
2901.994	0.0159
2903.605	0.0172
2905.23	0.0159
2906.826	0.0159
2908.444	0.016
2910.059	0.0144
2911.688	0.0143
2913.303	0.0127
2914.941	0.0134
2916.567	0.0138
2918.155	0.0136
2919.78	0.0139
2921.393	0.0123
2923.021	0.0147
2924.66	0.0136
2926.29	0.0125
2927.919	0.0118
2929.544	0.0131
2931.156	0.0121
2932.78	0.0129
2934.409	0.0127
2936.048	0.0117
2937.658	0.0131
2939.288	0.0124
2940.912	0.0132
2942.538	0.014
2944.164	0.0143
2945.788	0.0148
2947.428	0.016
2949.041	0.0167
2950.686	0.0149
2952.316	0.0145
2953.974	0.0155
2955.613	0.0157
2957.24	0.017
2958.85	0.0166
2960.514	0.0162
2962.184	0.0156
2963.813	0.0157
2965.41	0.0146
2966.987	0.0138
2968.573	0.0142
2970.136	0.0135
2971.725	0.0136
2973.299	0.0126
2974.893	0.0131
2976.488	0.0126
2978.066	0.0122
2979.674	0.0116
2981.28	0.0123
2982.846	0.0127
2984.429	0.0102
3238.421	0.0159
3240.066	0.0161
3241.659	0.0177
3243.234	0.015
3244.859	0.0139
3246.499	0.0134
3248.163	0.0132
3249.788	0.0164
3251.439	0.0182
3253.04	0.0168
3254.666	0.016
3256.291	0.0163
3257.93	0.0137
3259.576	0.0147
3261.198	0.0146
3262.793	0.0177
3264.421	0.0188
3266.05	0.0185
3267.68	0.0178
3269.614	0.0154
3271.276	0.0145
3272.938	0.0134
3274.59	0.0159
3276.239	0.0176
3277.892	0.0196
3279.532	0.0192
3281.126	0.0179
3282.774	0.015
3284.413	0.0142
3286.076	0.0143
3287.699	0.0167
3289.339	0.0179
3291.001	0.0195
3292.641	0.0185
3294.303	0.0178
3295.931	0.0158
3297.871	0.0136
3299.509	0.016
3301.127	0.0179
3302.741	0.0189
3304.319	0.0193
3305.926	0.018
3307.57	0.0149
3309.209	0.0153
3310.821	0.0149
3312.41	0.016
3314.002	0.0179
3315.618	0.0191
3317.219	0.0194
3318.827	0.0169
3320.434	0.0167
3322.062	0.0152
3323.698	0.0152
3325.301	0.0168
3326.95	0.0164
3328.551	0.0192
3330.199	0.0187
3331.816	0.0187
3333.462	0.0186
3335.072	0.0167
3336.682	0.0158
3338.329	0.0155
3340.204	0.0178
3341.865	0.0169
3343.477	0.0197
3345.121	0.0196
3346.729	0.0194
3348.376	0.017
3350	0.0171
3351.626	0.0152
3353.88	0.0158
3355.491	0.0185
3357.132	0.02
3358.777	0.0212
3360.421	0.0198
3362.062	0.0168
3363.726	0.0163
3365.352	0.0171
3367.031	0.0161
3368.657	0.0156
3370.3	0.0167
3371.929	0.0192
3373.592	0.0194
3375.22	0.0196
3376.862	0.0198
3378.491	0.0169
3380.119	0.0167
3381.729	0.0166
3383.336	0.0145
3384.929	0.017
3386.517	0.0198
3388.095	0.0198
3389.706	0.02
3391.284	0.0207
3392.872	0.0193
3394.484	0.0167
3396.058	0.0163
3397.683	0.0159
3399.279	0.0151
3400.881	0.0153
3402.522	0.0164
3404.136	0.0179
3405.76	0.0206
3407.392	0.0211
3409.015	0.0191
3410.627	0.0205
3412.273	0.0192
3413.912	0.0179
3415.508	0.0173
3417.083	0.0177
3418.672	0.0155
3420.305	0.0167
3421.929	0.0193
3423.557	0.019
3425.184	0.0208
3426.81	0.0207
3428.434	0.0209
3430.06	0.0172
3431.701	0.017
3433.312	0.017
3434.942	0.0157
3436.608	0.0201
3438.27	0.0207
3439.88	0.0215
3441.502	0.0203
3443.142	0.0193
3444.802	0.0189
3446.429	0.0169
3448.034	0.0171
3449.692	0.0173
3451.338	0.018
3452.983	0.0211
3454.623	0.021
3456.234	0.0203
3457.873	0.0192
3459.483	0.0174
3461.128	0.0178
3462.741	0.0166
3464.371	0.018
3465.995	0.018
3467.602	0.0209
3469.209	0.022
3470.806	0.0207
3472.399	0.0185
3473.975	0.0174
3475.563	0.0159
3477.174	0.0164
3478.779	0.0186
3480.407	0.0213
3482	0.0209
3483.589	0.0213
3485.163	0.0197
3486.776	0.0188
3488.387	0.0185
3489.993	0.0163
3491.63	0.0166
3493.268	0.0184
3494.863	0.0191
3496.491	0.0216
3498.121	0.021
3499.741	0.0215
3501.397	0.0207
3502.994	0.0201
3504.633	0.0192
3506.244	0.0176
3507.869	0.0174
3509.495	0.019
3511.135	0.0179
3512.75	0.0162
3514.38	0.0173
3516.018	0.0208
3517.682	0.0209
3519.31	0.0212
3520.933	0.0225
3522.555	0.0206
3524.183	0.0199
3525.831	0.0176
3527.44	0.0167
3529.098	0.0183
3530.76	0.0169
3532.416	0.0178
3534.057	0.02
3535.685	0.0213
3537.3	0.0213
3538.958	0.0218
3540.601	0.0222
3542.225	0.0214
3543.82	0.0193
3545.44	0.0193
3547.053	0.0189
3548.631	0.0168
3550.203	0.0177
3551.762	0.0173
3553.357	0.0171
3554.949	0.019
3556.511	0.0209
3558.1	0.022
3559.711	0.0205
3561.319	0.0205
3562.964	0.0204
3564.589	0.0208
3566.183	0.0183
3567.821	0.0184
3569.427	0.0161
3571.039	0.0167
3572.645	0.0176
3574.289	0.0189
3575.881	0.0219
3577.558	0.021
3579.219	0.0222
3580.858	0.0192
3582.487	0.0204
3584.148	0.0187
3585.787	0.0172
3587.413	0.0174
3589.041	0.0192
3590.669	0.0183
3592.321	0.0195
3593.923	0.0218
3595.571	0.0208
3597.229	0.0209
3598.852	0.0208
3600.5	0.0195
3602.138	0.0187
3603.77	0.0183
3605.415	0.0157
3607.041	0.0181
3608.65	0.0185
3610.295	0.0215
3611.921	0.0213
3613.551	0.0216
3615.174	0.0214
3616.804	0.0198
3618.486	0.0176
3620.125	0.0181
3621.791	0.0175
3623.449	0.0199
3625.042	0.019
3626.648	0.0187
3628.247	0.022
3629.827	0.0223
3631.403	0.0207
3633.009	0.0211
3634.601	0.0193
3636.218	0.0177
3637.803	0.0179
3639.428	0.0162
3641.037	0.0166
3642.902	0.019
3644.549	0.0209
3646.193	0.0227
3647.781	0.0208
3649.429	0.0216
3651.034	0.0199
3652.664	0.0206
3654.274	0.0183
3655.889	0.0185
3657.514	0.0177
3659.158	0.0169
3660.768	0.0184
3662.412	0.0218
3664.037	0.0215
3665.626	0.0238
3667.289	0.0218
3668.895	0.0216
3670.511	0.0209
3672.128	0.0207
3673.754	0.0202
3675.37	0.0192
3676.993	0.0202
3678.633	0.0179
3680.247	0.0173
3681.876	0.0186
3683.522	0.0187
3685.177	0.0196
3686.816	0.0202
3688.432	0.0226
3690.067	0.023
3691.728	0.022
3693.353	0.0222
3694.993	0.0196
3696.603	0.021
3698.244	0.0197
3699.905	0.0212
3701.562	0.0214
3703.22	0.0199
3704.886	0.0215
3706.511	0.0204
3708.086	0.022
3709.682	0.0217
3711.3	0.0214
3712.932	0.0215
3714.541	0.0215
3716.165	0.0224
3717.741	0.0199
3719.331	0.0211
3720.962	0.0203
3722.564	0.0199
3724.176	0.0199
3725.76	0.0185
3727.362	0.0175
3728.991	0.0172
3730.574	0.0169
3732.189	0.018
3733.765	0.0179
3735.404	0.0175
3737.03	0.0176
3738.656	0.0174
3740.266	0.0177
3741.892	0.0198
3743.506	0.0195
3745.121	0.0223
3746.776	0.0229
3748.402	0.0229
3750.02	0.0234
3751.682	0.0232
3753.286	0.0217
3754.915	0.0211
3756.54	0.019
3758.166	0.0196
3759.792	0.0183
3761.416	0.0189
3763.042	0.0173
3764.692	0.0185
3766.347	0.0193
3768.002	0.0201
3769.672	0.0223
3771.332	0.0217
3772.964	0.0228
3774.577	0.023
3776.232	0.0223
3777.882	0.0205
3779.562	0.0195
3781.186	0.021
3782.829	0.0191
3784.471	0.0184
3786.13	0.0179
3787.754	0.0175
3789.397	0.0181
3791.005	0.0175
3792.581	0.0185
3794.145	0.0184
3795.742	0.0175
3797.316	0.0184
3798.856	0.0189
3800.481	0.0186
3802.077	0.0189
3803.716	0.018
3805.36	0.0187
3806.971	0.0213
3808.583	0.0192
3810.19	0.0208
3811.801	0.0215
3813.432	0.0215
3815.037	0.0225
3816.642	0.0232
3818.235	0.0228
3819.864	0.0229
3821.503	0.0198
3823.114	0.0208
3824.742	0.0199
3826.369	0.0189
3827.964	0.0195
3829.576	0.0191
3831.217	0.0191
3832.879	0.0174
3834.503	0.0192
3836.132	0.0178
3837.723	0.0174
3839.37	0.02
3841.013	0.02
3842.689	0.0215
3844.318	0.0218
3845.998	0.0225
3847.637	0.0228
3849.261	0.0232
3850.887	0.022
3852.497	0.0227
3854.136	0.0208
3855.747	0.02
3857.4	0.0202
3859.053	0.0195
3860.676	0.0196
3862.316	0.0185
3863.993	0.0181
3865.658	0.018
3867.337	0.0195
3868.91	0.0175
3870.485	0.0187
3872.11	0.0187
3873.699	0.0194
3875.314	0.0203
3876.922	0.0194
3878.527	0.0209
3880.139	0.0219
3881.718	0.0227
3883.346	0.0227
3884.934	0.0213
3886.549	0.0231
3888.18	0.02
3889.785	0.0223
3891.383	0.0194
3892.983	0.0194
3894.58	0.0195
3896.174	0.0197
3897.799	0.0188
3899.391	0.0185
3900.987	0.0191
3902.629	0.0184
3904.255	0.0201
3905.9	0.0211
3907.514	0.0216
3909.117	0.023
3910.73	0.0227
3912.369	0.0211
3914.023	0.0205
3915.661	0.0206
3917.315	0.0178
3918.927	0.0192
3920.554	0.0179
3922.177	0.019
3923.816	0.0185
3925.482	0.0188
3927.107	0.021
3928.732	0.0218
3930.366	0.0214
3931.991	0.0226
3933.651	0.0222
3935.331	0.0215
3937.02	0.0199
3938.646	0.019
3940.337	0.018
3941.98	0.0185
3943.584	0.0188
3945.257	0.0196
3946.913	0.0188
3948.562	0.0212
3950.152	0.0219
3951.765	0.0222
3953.395	0.022
3955.019	0.0207
3956.649	0.0203
3958.275	0.0197
3959.923	0.0189
3961.528	0.0191
3963.116	0.0186
3964.703	0.0186
3966.316	0.0196
3967.961	0.0207
3969.552	0.0225
3971.142	0.0232
3972.791	0.0225
3974.384	0.0228
3976.283	0.0212
3977.887	0.021
3979.494	0.0197
3981.094	0.0183
3983.025	0.0195
3984.618	0.0188
3986.28	0.0189
3987.904	0.0223
3989.53	0.0221
3991.156	0.0234
3992.753	0.0235
3994.355	0.0224
3995.986	0.022
3997.626	0.021
3999.237	0.0209
4000.876	0.0205
4002.489	0.0206
4004.128	0.0188
4005.736	0.02
4007.378	0.0179
4009.04	0.019
4010.701	0.0185
4012.364	0.0204
4014.002	0.0223
4015.596	0.0226
4017.236	0.0236
4018.882	0.0232
4020.528	0.0237
4022.168	0.023
4023.784	0.0226
4025.418	0.0205
4027.084	0.0206
4028.742	0.0209
4030.384	0.0191
4032.024	0.0172
4033.616	0.0195
4035.212	0.0193
4036.838	0.0207
4038.426	0.0214
4040.052	0.0233
4041.668	0.0229
4043.256	0.0219
4044.852	0.0219
4046.444	0.0212
4048.074	0.0201
4049.697	0.0199
4051.274	0.0196
4052.896	0.0184
4054.472	0.0196
4056.029	0.0187
4057.677	0.0201
4059.324	0.0192
4060.926	0.0235
4062.542	0.0226
4064.18	0.0224
4065.82	0.0232
4067.455	0.0219
4069.084	0.0202
4070.739	0.0211
4072.38	0.0197
4074.006	0.0192
4075.617	0.0183
4077.261	0.0195
4078.887	0.0204
4080.517	0.0225
4082.127	0.0229
4083.775	0.0226
4085.444	0.0223
4087.092	0.0222
4088.781	0.021
4090.442	0.0214
4092.085	0.0204
4093.761	0.0203
4095.403	0.0202
4097.052	0.0196
4098.709	0.0193
4100.371	0.0191
4101.998	0.0199
4103.637	0.0193
4105.299	0.0192
4106.979	0.0195
4108.659	0.0195
4110.297	0.0191
4111.985	0.018
4113.598	0.019
4115.192	0.0192
4116.784	0.0192
4118.408	0.0201
4119.986	0.0207
4121.579	0.0203
4123.194	0.0206
4124.803	0.0214
4126.394	0.0221
4127.979	0.0231
4129.589	0.0239
4131.182	0.0233
4132.793	0.0231
4134.386	0.0208
4135.995	0.0223
4137.636	0.0218
4139.248	0.0225
4140.877	0.0214
4142.504	0.0225
4144.135	0.0223
4145.755	0.0233
4147.405	0.0236
4149.019	0.0232
4150.655	0.0205
4152.257	0.019
4153.887	0.02
4155.515	0.0185
4157.139	0.0204
4158.803	0.021
4160.396	0.0208
4162.02	0.0206
4163.665	0.0202
4165.32	0.0198
4166.959	0.0199
4168.623	0.02
4170.249	0.0214
4171.875	0.0187
4173.518	0.0197
4175.194	0.0188
4176.842	0.02
4178.485	0.0198
4180.108	0.02
4181.749	0.0191
4183.393	0.0201
4185.038	0.02
4186.668	0.0184
4188.293	0.019
4189.934	0.0205
4191.596	0.0211
4193.252	0.0195
4194.899	0.0206
4196.526	0.0193
4198.133	0.0212
4199.744	0.0192
4201.359	0.0213
4202.935	0.0211
4204.509	0.022
4206.136	0.0216
4207.762	0.0224
4209.365	0.0233
4210.985	0.0223
4212.623	0.0238
4214.227	0.0232
4215.826	0.0243
4217.419	0.0234
4219.058	0.0229
4220.67	0.0248
4222.309	0.0231
4223.953	0.0221
4225.583	0.0209
4227.204	0.0185
4228.796	0.0204
4230.486	0.0189
4232.096	0.0193
4233.736	0.0194
4235.348	0.0181
4236.977	0.0196
4238.593	0.0205
4240.245	0.0182
4241.875	0.02
4243.486	0.0198
4245.135	0.0197
4246.75	0.0192
4248.36	0.0199
4249.986	0.0199
4251.627	0.0197
4253.292	0.019
4254.936	0.0204
4256.602	0.0185
4258.241	0.019
4259.85	0.0202
4261.476	0.02
4263.152	0.019
4264.789	0.0201
4266.476	0.02
4268.078	0.0201
4269.757	0.0204
4271.395	0.0218
4273.06	0.0223
4274.736	0.0222
4276.31	0.021
4277.916	0.0211
4279.523	0.0203
4281.148	0.02
4282.736	0.0199
4284.348	0.0203
4285.963	0.0208
4287.552	0.0205
4289.107	0.021
4290.734	0.0223
4292.356	0.0217
4293.968	0.0204
4295.606	0.0213
4297.208	0.0205
4298.856	0.0206
4300.494	0.0208
4302.139	0.0218
4303.766	0.0213
4305.392	0.0202
4307.02	0.0222
4308.634	0.0222
4310.23	0.0224
4311.871	0.0214
4313.515	0.0211
4315.137	0.0214
4316.792	0.0228
4318.413	0.0219
4320.009	0.0226
4321.62	0.0231
4323.26	0.023
4324.874	0.0225
4326.5	0.0228
4328.138	0.0239
4329.75	0.0226
4331.39	0.0243
4333.016	0.0231
4334.636	0.0239
4336.302	0.0239
4337.981	0.0224
4339.621	0.0246
4341.246	0.0242
4342.859	0.0227
4344.5	0.0207
4346.13	0.0214
4347.755	0.02
4349.387	0.0192
4351.046	0.0202
4352.72	0.0208
4354.401	0.022
4356.04	0.0225
4357.652	0.0234
4359.278	0.0231
4360.902	0.0228
4362.528	0.024
4364.119	0.0229
4365.764	0.0244
4367.357	0.0218
4368.943	0.023
4370.508	0.0224
4372.114	0.0201
4373.709	0.0204
4375.284	0.02
4376.895	0.02
4378.538	0.0207
4380.167	0.0196
4381.774	0.0202
4383.394	0.0201
4384.988	0.0193
4386.629	0.0202
4388.441	0.0196
4390.073	0.019
4392.056	0.0214
4393.694	0.0195
4395.286	0.0202
4396.934	0.019
4398.51	0.0199
4400.115	0.0198
4401.745	0.0197
4403.392	0.0196
4405.019	0.0206
4406.667	0.0199
4408.305	0.0177
4409.952	0.0189
4411.583	0.0205
4413.209	0.0204
4414.832	0.0212
4416.46	0.0188
4418.099	0.0196
4419.744	0.0197
4421.402	0.0193
4423.054	0.0196
4424.697	0.0182
4426.319	0.0192
4427.947	0.0182
4429.606	0.0191
4431.252	0.021
4432.908	0.0201
4434.584	0.0213
4436.228	0.0214
4437.903	0.0217
4439.529	0.0224
4441.11	0.0223
4442.698	0.023
4444.311	0.0221
4445.9	0.0237
4447.512	0.0246
4449.108	0.0224
4450.711	0.0215
4452.3	0.021
4453.962	0.022
4455.537	0.0189
4457.093	0.0205
4458.707	0.0198
4460.311	0.0203
4461.95	0.0189
4463.595	0.0189
4465.241	0.0193
4467.119	0.0196
4468.971	0.0193
4471.08	0.0225
4474.847	0.0219
4477.563	0.0228
4480.379	0.0252
4484	0.0232
4486.405	0.0221
4488.035	0.0218
4489.643	0.0209
4491.239	0.0196
4492.847	0.0201
4494.477	0.0194
4496.133	0.0191
4497.813	0.0195
4499.423	0.0205
4501.034	0.0199
4502.661	0.0193
4504.323	0.0211
4505.985	0.0205
4507.628	0.0213
4509.27	0.0211
4510.881	0.0226
4512.52	0.0228
4514.13	0.0237
4515.76	0.0234
4517.4	0.024
4519.011	0.0248
4520.652	0.0232
4522.313	0.0236
4523.919	0.0244
4525.613	0.0244
4527.235	0.0259
4528.797	0.0232
4530.393	0.0239
4532.019	0.0246
4533.598	0.0234
4535.221	0.0238
4536.849	0.0233
4538.498	0.0222
4540.098	0.0232
4541.673	0.0222
4543.253	0.0214
4544.848	0.0215
4546.45	0.0191
4548.066	0.0198
4549.721	0.0203
4551.316	0.0194
4552.923	0.0187
4554.538	0.0193
4556.173	0.0197
4557.816	0.0199
4559.445	0.0206
4561.052	0.0215
4562.667	0.0231
4564.319	0.0227
4565.968	0.0241
4567.61	0.024
4569.275	0.0234
4570.954	0.0227
4572.582	0.0228
4574.213	0.0226
4575.843	0.0244
4577.506	0.023
4579.195	0.021
4580.801	0.0213
4582.425	0.0187
4584.074	0.0193
4585.7	0.0198
4587.341	0.0187
4589.004	0.02
4590.615	0.0184
4592.259	0.0206
4593.901	0.0191
4595.511	0.0195
4597.153	0.0191
4598.769	0.0192
4600.443	0.0196
4602.069	0.0191
4603.692	0.0204
4605.332	0.0201
4606.998	0.0198
4608.679	0.0216
4610.306	0.0213
4611.934	0.0213
4613.509	0.0223
4615.135	0.0225
4616.763	0.0226
4618.352	0.0218
4620.013	0.0218
4621.592	0.0235
4623.181	0.0236
4624.819	0.0234
4626.402	0.0245
4628.011	0.0236
4629.638	0.0233
4631.266	0.0233
4632.885	0.0227
4634.483	0.0251
4636.099	0.0227
4637.744	0.0235
4639.341	0.0243
4640.971	0.0224
4642.611	0.0213
4644.221	0.0211
4645.861	0.0185
4647.526	0.0184
4649.152	0.019
4650.792	0.0183
4652.403	0.0187
4654.032	0.0191
4655.657	0.0198
4657.281	0.0216
4658.928	0.0194
4660.567	0.0199
4662.215	0.0221
4663.827	0.0236
4665.516	0.0232
4667.145	0.0243
4668.749	0.0228
4670.419	0.0201
4672.023	0.0205
4673.669	0.0195
4675.273	0.0198
4676.937	0.0186
4678.589	0.0194
4680.236	0.022
4681.916	0.0219
4683.572	0.0201
4685.217	0.0224
4686.84	0.0225
4688.485	0.022
4690.128	0.0234
4691.723	0.0249
4693.262	0.0229
4694.862	0.0234
4696.473	0.024
4698.069	0.0218
4699.679	0.0214
4701.268	0.0198
4702.916	0.0189
4704.536	0.0187
4706.179	0.019
4707.821	0.0194
4709.434	0.0201
4711.03	0.0205
4712.667	0.0215
4714.294	0.0236
4715.902	0.022
4717.513	0.0247
4719.152	0.0233
4720.797	0.0233
4722.402	0.0244
4724.015	0.0249
4725.592	0.0237
4727.231	0.0224
4728.823	0.0227
4730.47	0.0208
4732.096	0.0209
4733.704	0.0204
4735.312	0.0195
4736.924	0.0203
4738.515	0.0179
4740.142	0.0179
4741.804	0.0174
4743.484	0.0195
4745.124	0.0182
4746.784	0.0191
4748.424	0.0179
4750.086	0.0181
4751.711	0.0194
4753.35	0.0195
4754.963	0.0208
4756.604	0.021
4758.266	0.022
4759.895	0.0242
4761.522	0.0231
4763.183	0.0245
4764.83	0.0252
4766.457	0.0248
4768.133	0.0239
4769.78	0.0244
4771.433	0.0226
4773.009	0.0243
4774.634	0.0223
4776.223	0.0243
4777.823	0.0238
4779.43	0.0233
4781.039	0.0214
4782.612	0.0197
4784.201	0.02
4785.839	0.0191
4787.403	0.0181
4789.014	0.0195
4790.642	0.02
4792.26	0.0206
4793.893	0.0227
4795.498	0.0235
4797.128	0.0236
4798.734	0.0202
4800.344	0.0204
4801.972	0.0198
4803.602	0.0217
4805.23	0.0236
4806.853	0.0243
4808.48	0.0208
4810.103	0.0203
4811.717	0.0183
4813.338	0.0204
4814.985	0.0238
4816.614	0.024
4818.24	0.0222
4819.864	0.0236
4821.503	0.0203
4823.12	0.0188
4824.777	0.0203
4826.404	0.0216
4828.05	0.0222
4829.656	0.0235
4831.303	0.0243
4832.93	0.0242
4834.608	0.0231
4836.25	0.0226
4837.914	0.0228
4839.554	0.0207
4841.22	0.02
4842.895	0.0194
4844.522	0.0197
4846.164	0.0209
4847.808	0.0226
4849.451	0.0238
4851.081	0.0246
4852.705	0.0237
4854.293	0.0208
4855.888	0.0209
4857.494	0.0202
4859.107	0.0202
4860.68	0.0191
4862.309	0.0182
4863.93	0.0191
4865.513	0.0196
4867.09	0.02
4868.711	0.0202
4870.301	0.0201
4871.914	0.0227
4873.56	0.023
4875.163	0.0239
4876.788	0.0245
4878.414	0.0238
4880.06	0.0231
4881.664	0.0253
4883.304	0.0239
4884.917	0.0243
4886.578	0.0251
4888.241	0.0243
4889.842	0.024
4891.482	0.0242
4893.147	0.0232
4894.759	0.021
4896.365	0.0218
4897.99	0.0214
4899.615	0.019
4901.242	0.0188
4902.854	0.0182
4904.501	0.0207
4906.105	0.0198
4907.73	0.0195
4909.36	0.0201
4910.985	0.0223
4912.631	0.0229
4914.235	0.0224
4915.898	0.0236
4917.553	0.023
4919.181	0.0237
4920.829	0.0244
4922.473	0.0256
4924.113	0.0239
4925.725	0.0243
4927.388	0.0234
4929.029	0.0221
4930.681	0.0195
4932.349	0.0183
4934.011	0.0203
4935.584	0.0198
4937.14	0.0196
4938.731	0.0199
4940.358	0.0193
4941.935	0.0213
4943.524	0.0207
4945.137	0.0204
4946.747	0.0211
4948.324	0.0242
4949.932	0.023
4951.543	0.0246
4953.131	0.0225
4954.745	0.0238
4956.354	0.0226
4957.964	0.022
4959.558	0.0219
4961.166	0.0207
4962.801	0.0198
4964.403	0.0192
4966.021	0.0199
4967.641	0.0204
4969.269	0.0198
4970.876	0.0206
4972.5	0.021
4974.112	0.0196
4975.742	0.0195
4977.391	0.0182
4978.993	0.0203
4980.621	0.0207
4982.239	0.0208
4983.894	0.0215
4985.506	0.0221
4987.131	0.0249
4988.756	0.0251
4990.401	0.023
4992.039	0.0218
4993.686	0.0213
4995.313	0.0203
4996.962	0.0206
4998.566	0.0203
5000.209	0.0211
5001.822	0.0232
5003.452	0.0245
5005.101	0.0233
5006.739	0.0241
5008.35	0.0246
5009.975	0.0222
5011.653	0.0216
5013.314	0.0207
5014.954	0.0198
5016.599	0.0194
5018.212	0.0187
5019.815	0.0215
5021.426	0.0231
5023.019	0.023
5024.629	0.0241
5026.235	0.0241
5027.81	0.0229
5029.435	0.0208
5031.061	0.0204
5032.677	0.0201
5034.266	0.0212
5035.879	0.0223
5037.452	0.0238
5039.079	0.0229
5040.718	0.0236
5042.329	0.0216
5043.917	0.0205
5045.552	0.0196
5047.182	0.0191
5048.802	0.0204
5050.424	0.0205
5052.035	0.0218
5053.663	0.0234
5055.311	0.0249
5056.949	0.0251
5058.541	0.0227
5060.184	0.02
5061.848	0.0196
5063.472	0.0206
5065.067	0.0199
5066.695	0.0209
5068.305	0.0238
5069.945	0.0254
5071.555	0.0253
5073.182	0.0234
5074.832	0.0229
5076.485	0.0201
5078.126	0.0181
5079.736	0.0203
5081.375	0.0206
5082.986	0.0218
5084.612	0.0229
5086.288	0.0241
5087.927	0.0252
5089.562	0.0231
5091.214	0.0227
5092.856	0.0212
5094.519	0.0201
5096.145	0.019
5097.742	0.0195
5099.33	0.0213
5100.934	0.0231
5102.53	0.0255
5104.122	0.0243
5105.712	0.0247
5107.325	0.0227
5108.914	0.0213
5110.539	0.0196
5112.15	0.0187
5113.732	0.0191
5115.35	0.0209
5116.938	0.0235
5118.567	0.0236
5120.162	0.0242
5121.759	0.0233
5123.369	0.0213
5124.989	0.0203
5126.612	0.0197
5128.258	0.0185
5129.92	0.0191
5131.532	0.0195
5133.135	0.021
5134.774	0.0219
5136.385	0.0246
5138.025	0.0243
5139.644	0.0224
5141.275	0.0212
5142.873	0.0194
5144.49	0.0208
5146.123	0.0216
5147.742	0.0235
5149.404	0.0245
5151.046	0.0216
5152.721	0.0191
5154.334	0.0195
5155.972	0.021
5157.639	0.0233
5159.266	0.0253
5160.895	0.024
5162.522	0.0221
5164.147	0.0203
5165.786	0.0153
5167.432	0.0167
5169.081	0.0202
5170.707	0.0237
5172.346	0.0264
5173.99	0.0253
5175.67	0.0216
5177.322	0.0188
5178.947	0.015
5180.559	0.015
5182.136	0.0216
5183.712	0.0249
5185.287	0.0267
5186.876	0.0232
5188.486	0.0177
5190.063	0.0153
5191.637	0.0199
5193.233	0.0234
5194.841	0.0249
5196.466	0.0231
5198.107	0.0184
5199.693	0.0167
5201.33	0.0206
5202.938	0.0239
5204.55	0.0248
5206.174	0.0214
5207.824	0.0171
5209.425	0.0172
5211.066	0.0198
5212.73	0.0233
5214.355	0.0259
5216.012	0.0239
5217.66	0.0222
5219.321	0.0196
5220.926	0.0163
5222.563	0.019
5224.178	0.023
5225.805	0.0246
5227.416	0.0239
5229.043	0.0199
5230.719	0.017
5232.38	0.0213
5234.054	0.025
5235.748	0.024
5237.41	0.0221
5239.068	0.019
5240.693	0.021
5242.358	0.0248
5244.015	0.0242
5245.663	0.0204
5247.306	0.0179
5248.917	0.0199
5250.557	0.0237
5252.203	0.0249
5253.843	0.0242
5255.482	0.0224
5257.107	0.0205
5258.719	0.019
5260.347	0.0207
5261.936	0.0235
5263.551	0.0234
5265.175	0.0217
5266.764	0.0187
5268.375	0.0174
5270.002	0.0205
5271.611	0.0259
5273.24	0.0252
5274.872	0.0211
5276.508	0.0189
5278.096	0.0188
5279.706	0.0218
5281.346	0.0252
5282.957	0.0254
5284.535	0.0217
5286.164	0.0168
5287.786	0.0214
5289.426	0.0233
5291.051	0.0234
5292.674	0.021
5294.269	0.022
5295.88	0.021
5297.544	0.0227
5299.186	0.0244
5300.815	0.024
5302.443	0.0224
5304.104	0.0201
5305.73	0.021
5307.306	0.0215
5308.971	0.0226
5310.578	0.0246
5312.188	0.0231
5313.827	0.0214
5315.494	0.0229
5317.136	0.0206
5318.801	0.0215
5320.43	0.0241
5322.041	0.0255
5323.637	0.0221
5325.275	0.0211
5326.886	0.0205
5328.525	0.0219
5330.172	0.0219
5331.834	0.0243
5333.451	0.0249
5335.094	0.024
5336.739	0.0211
5338.378	0.02
5340.021	0.0214
5341.614	0.0204
5343.223	0.0225
5344.852	0.0238
5346.444	0.0243
5348.051	0.0213
5349.698	0.0205
5351.287	0.0191
5352.901	0.0201
5354.493	0.0229
5356.105	0.0244
5357.696	0.0232
5359.308	0.0228
5360.937	0.0213
5362.567	0.0215
5364.196	0.02
5365.82	0.022
5367.423	0.0238
5369.07	0.0242
5370.646	0.0235
5372.244	0.0211
5373.846	0.0207
5375.494	0.0198
5377.096	0.0219
5378.704	0.0225
5380.299	0.0244
5381.924	0.0251
5383.565	0.022
5385.191	0.0214
5386.856	0.0201
5388.497	0.02
5390.108	0.0219
5391.734	0.0239
5393.358	0.0239
5394.984	0.0214
5396.625	0.0191
5398.287	0.0198
5399.894	0.0218
5401.504	0.0232
5403.152	0.0251
5404.791	0.0237
5406.47	0.0212
5408.094	0.0203
5409.769	0.0197
5411.397	0.022
5413.022	0.024
5414.648	0.0253
5416.294	0.0229
5417.951	0.0217
5419.577	0.02
5421.217	0.0204
5422.827	0.0219
5424.457	0.0237
5426.055	0.0235
5427.658	0.0225
5429.234	0.0209
5430.858	0.0208
5432.469	0.0206
5434.085	0.0205
5435.715	0.0228
5437.316	0.0242
5438.888	0.0238
5440.463	0.0206
5442.088	0.0202
5443.684	0.0201
5445.314	0.0219
5446.952	0.0241
5448.598	0.0255
5450.205	0.022
5451.85	0.0199
5453.48	0.0202
5455.068	0.0223
5456.686	0.0234
5458.342	0.0238
5459.95	0.0235
5461.61	0.0215
5463.24	0.0194
5464.847	0.0205
5466.49	0.0207
5468.066	0.0213
5469.706	0.0238
5471.345	0.024
5472.945	0.0241
5474.621	0.0209
5476.3	0.02
5477.927	0.0207
5479.569	0.0228
5481.23	0.0229
5482.86	0.0223
5484.499	0.021
5486.109	0.0223
5487.755	0.0236
5489.393	0.0248
5491.023	0.0228
5492.661	0.0221
5494.288	0.0222
5495.915	0.02
5497.545	0.0218
5499.188	0.0233
5500.853	0.0233
5502.513	0.022
5504.119	0.0212
5505.679	0.0206
5507.285	0.021
5508.913	0.0225
5510.504	0.0241
5512.129	0.0252
5513.757	0.0214
5515.385	0.0208
5517.01	0.019
5518.623	0.0199
5520.26	0.0194
5521.887	0.0211
5523.512	0.022
5525.137	0.0226
5526.746	0.024
5528.355	0.0241
5530.003	0.023
5531.606	0.023
5533.232	0.0213
5534.847	0.02
5536.445	0.0195
5538.047	0.0202
5539.675	0.0213
5541.306	0.0245
5542.963	0.0245
5544.575	0.023
5546.213	0.0221
5547.825	0.0216
5549.43	0.0198
5551.08	0.0214
5552.679	0.0224
5554.272	0.022
5555.948	0.0233
5557.578	0.024
5559.243	0.0225
5560.902	0.0216
5562.533	0.0216
5564.222	0.0208
5565.856	0.0216
5567.464	0.022
5569.152	0.0219
5570.792	0.0225
5572.457	0.0242
5574.081	0.0237
5575.708	0.0233
5577.355	0.0224
5578.985	0.0218
5580.63	0.0209
5582.268	0.0217
5583.908	0.0205
5585.468	0.0213
5587.056	0.0229
5588.635	0.0241
5590.25	0.0248
5591.876	0.0232
5593.464	0.0231
5595.067	0.0209
5596.668	0.0207
5598.282	0.021
5599.893	0.0202
5601.533	0.0199
5603.161	0.0208
5604.766	0.0207
5606.366	0.0243
5607.939	0.0255
5609.529	0.023
5611.173	0.0219
5612.78	0.0204
5614.406	0.0211
5616.018	0.0231
5617.607	0.0233
5619.218	0.0234
5620.844	0.0222
5622.399	0.0211
5624.015	0.0205
5625.62	0.0231
5627.244	0.0241
5628.896	0.0229
5630.549	0.0239
5632.177	0.0224
5633.817	0.02
5635.428	0.0204
5637.076	0.021
5638.7	0.0219
5640.31	0.0246
5641.94	0.0252
5643.569	0.0232
5645.207	0.0217
5646.833	0.0212
5648.484	0.0217
5650.124	0.0208
5651.748	0.0233
5653.374	0.0245
5654.983	0.0246
5656.613	0.0235
5658.256	0.0218
5659.899	0.0197
5661.564	0.021
5663.224	0.023
5664.886	0.0243
5666.542	0.022
5668.154	0.0206
5669.745	0.0195
5671.318	0.0212
5672.966	0.0206
5674.572	0.0237
5676.197	0.024
5677.786	0.0208
5679.384	0.0208
5680.996	0.0194
5682.652	0.02
5684.264	0.0231
5685.87	0.0236
5687.506	0.0222
5689.119	0.0207
5690.731	0.0204
5692.326	0.0205
5693.93	0.0225
5695.526	0.0241
5697.143	0.024
5698.772	0.0226
5700.387	0.0216
5701.996	0.0197
5703.641	0.0204
5705.246	0.0223
5706.875	0.0231
5708.468	0.0262
5710.096	0.0238
5711.718	0.0239
5713.367	0.0212
5714.971	0.0209
5716.61	0.0213
5718.254	0.0202
5719.845	0.0202
5721.42	0.0204
5723.034	0.0216
5724.645	0.0238
5726.276	0.0244
5727.881	0.0229
5729.505	0.0224
5731.129	0.0213
5732.794	0.0208
5734.446	0.0206
5736.067	0.0205
5737.699	0.0216
5739.328	0.0229
5740.974	0.0239
5742.566	0.0244
5744.216	0.0229
5745.87	0.0228
5747.447	0.0215
5749.033	0.0197
5750.597	0.0201
5752.219	0.0196
5753.848	0.0208
5755.447	0.0202
5757.001	0.0209
5758.579	0.0223
5760.185	0.0233
5761.797	0.023
5763.415	0.0254
5765.031	0.0247
5766.609	0.0225
5768.238	0.0234
5769.827	0.0215
5771.437	0.0214
5773.062	0.0199
5774.675	0.0217
5776.276	0.02
5777.887	0.0214
5779.516	0.0224
5781.091	0.0245
5782.687	0.0244
5784.289	0.0247
5785.929	0.0236
5787.556	0.0247
5789.168	0.0242
5790.791	0.024
5792.369	0.0247
5794.026	0.0238
5795.62	0.0237
5797.267	0.023
5798.871	0.0229
5800.517	0.0218
5802.102	0.0219
5803.717	0.021
5805.376	0.0209
5807.028	0.0211
5808.649	0.0195
5810.242	0.0213
5811.857	0.0205
5813.461	0.0221
5815.107	0.0208
5816.761	0.022
5818.408	0.022
5820.068	0.0223
5821.676	0.0225
5823.336	0.0239
5824.965	0.0242
5826.542	0.0245
5828.159	0.024
5829.742	0.0237
5831.316	0.0258
5832.891	0.0234
5834.452	0.0263
5836.059	0.0243
5837.656	0.0244
5839.231	0.0248
5840.821	0.0242
5842.412	0.026
5843.958	0.024
5845.582	0.0239
5847.158	0.0237
5848.73	0.0249
5850.32	0.0238
5851.908	0.024
5853.508	0.025
5855.136	0.0241
5856.762	0.0239
5858.408	0.0239
5860.011	0.0241
5861.658	0.024
5863.261	0.0229
5864.837	0.0243
5866.464	0.0222
5868.093	0.0227
5869.705	0.0222
5871.318	0.0237
5872.955	0.0237
5874.561	0.0222
5876.197	0.0218
5877.8	0.0222
5879.428	0.0215
5881.058	0.021
5882.687	0.0225
5884.264	0.0226
5885.891	0.0232
5887.555	0.0244
5889.208	0.0235
5890.84	0.023
5892.453	0.0245
5894.08	0.024
5895.728	0.0235
5897.381	0.0262
5899.005	0.0229
5900.634	0.0249
5902.274	0.025
5903.936	0.024
5905.564	0.0234
5907.19	0.0241
5908.838	0.0227
5910.441	0.0225
5912.038	0.0218
5913.641	0.022
5915.231	0.0215
5916.845	0.0219
5918.471	0.0224
5920.048	0.0221
5921.675	0.0207
5923.301	0.0214
5924.889	0.0209
5926.5	0.0211
5928.124	0.0216
5929.736	0.022
5931.307	0.0208
5932.955	0.0223
5934.584	0.0231
5936.193	0.0208
5937.808	0.0224
5939.412	0.0217
5941.037	0.0203
5942.662	0.0202
5944.301	0.0204
5945.91	0.0216
5947.558	0.0205
5949.195	0.0203
5950.791	0.0211
5952.439	0.0204
5954.04	0.0207
5955.665	0.0209
5957.294	0.0199
5958.933	0.0209
5960.561	0.0206
5962.226	0.0193
5963.852	0.0211
5965.493	0.0211
5967.155	0.0203
5968.78	0.0217
5970.359	0.0213
5971.968	0.0208
5973.596	0.0215
5975.239	0.0206
5976.88	0.0195
5978.526	0.0207
5980.189	0.0208
5981.826	0.0222
5983.456	0.0221
5985.109	0.0236
5986.721	0.025
5988.368	0.0238
5989.923	0.0244
5991.551	0.0233
5993.139	0.0219
5994.753	0.0229
5996.341	0.0202
5997.955	0.0199
5999.566	0.0203
6001.153	0.0217
6002.779	0.0223
6004.355	0.0228
6005.967	0.025
6007.587	0.0233
6009.217	0.0225
6010.821	0.0208
6012.435	0.0216
6014.046	0.021
6015.659	0.0217
6017.263	0.0222
6018.851	0.0243
6020.445	0.0237
6022.052	0.0244
6023.689	0.0231
6025.292	0.0233
6026.92	0.021
6028.549	0.0204
6030.123	0.0212
6031.748	0.0208
6033.373	0.0218
6034.982	0.0233
6036.63	0.0257
6038.219	0.0256
6039.833	0.0234
6041.462	0.0221
6043.09	0.0217
6044.707	0.0199
6046.359	0.0204
6048.025	0.0203
6049.603	0.0235
6051.249	0.0235
6052.879	0.0236
6054.533	0.0243
6056.147	0.0238
6057.8	0.0238
6059.425	0.0248
6061.087	0.025
6062.711	0.0253
6064.351	0.0249
6066.016	0.0239
6067.677	0.0234
6069.339	0.021
6070.994	0.0186
6072.569	0.0194
6074.177	0.0204
6075.807	0.0197
6077.408	0.0221
6079.023	0.0227
6080.612	0.0224
6082.226	0.0233
6083.804	0.025
6085.393	0.0249
6087.036	0.0219
6088.667	0.0217
6090.247	0.0212
6091.86	0.0201
6093.461	0.021
6095.05	0.0206
6096.697	0.022
6098.341	0.0223
6099.981	0.0219
6101.596	0.0221
6103.225	0.0226
6104.834	0.0242
6106.449	0.0249
6108.053	0.0249
6109.691	0.023
6111.337	0.0227
6112.946	0.0206
6114.575	0.0224
6116.218	0.0205
6117.83	0.0202
6119.408	0.0208
6121.034	0.0208
6122.65	0.0204
6124.257	0.0226
6125.902	0.0226
6127.544	0.022
6129.187	0.0246
6130.834	0.0247
6132.48	0.0251
6134.137	0.0238
6135.762	0.0247
6137.39	0.0235
6139.013	0.0233
6140.652	0.0207
6142.316	0.0212
6143.941	0.021
6145.581	0.021
6147.228	0.0209
6148.875	0.0213
6150.502	0.0213
6152.142	0.0221
6153.753	0.022
6155.35	0.0241
6156.987	0.0241
6158.6	0.0232
6160.202	0.0212
6161.793	0.0199
6163.406	0.0192
6165.035	0.022
6166.63	0.0224
6168.238	0.0226
6169.848	0.0246
6171.46	0.0254
6173.028	0.0251
6174.638	0.0226
6176.215	0.0232
6177.81	0.0204
6179.414	0.0214
6181.053	0.0202
6182.682	0.0208
6184.32	0.0204
6185.954	0.0239
6187.57	0.0229
6189.208	0.0249
6190.78	0.025
6192.424	0.024
6194.049	0.0233
6195.707	0.0208
6197.353	0.021
6198.978	0.021
6200.602	0.0216
6202.228	0.0218
6203.854	0.0224
6205.487	0.0251
6207.098	0.0254
6208.71	0.0242
6210.313	0.0241
6211.942	0.0215
6213.572	0.0217
6215.202	0.0207
6216.842	0.0203
6218.488	0.0213
6220.132	0.0213
6221.794	0.0216
6223.432	0.023
6225.072	0.0233
6226.734	0.0239
6228.36	0.0244
6229.986	0.0254
6231.648	0.0249
6233.241	0.0227
6234.866	0.0208
6236.441	0.0204
6238.049	0.02
6239.641	0.0205
6241.233	0.0219
6242.809	0.0232
6244.408	0.0247
6246.029	0.0238
6247.623	0.0232
6249.253	0.0228
6250.882	0.0212
6252.456	0.0193
6254.062	0.0209
6255.655	0.0203
6257.23	0.0222
6258.806	0.0232
6260.381	0.0247
6261.953	0.0245
6263.559	0.0225
6265.155	0.0234
6266.781	0.0232
6268.356	0.0225
6269.921	0.0224
6271.531	0.0223
6273.169	0.021
6274.798	0.0216
6276.411	0.0224
6278.033	0.0232
6279.624	0.0255
6281.232	0.024
6282.843	0.0235
6284.44	0.022
6286.079	0.0214
6287.723	0.0219
6289.377	0.0213
6290.975	0.0227
6292.589	0.023
6294.197	0.0235
6295.861	0.0242
6297.501	0.0229
6299.148	0.0221
6300.802	0.0217
6302.431	0.0209
6304.079	0.0209
6305.761	0.0221
6307.36	0.0219
6309.008	0.0224
6310.617	0.0235
6312.252	0.0209
6313.881	0.021
6315.435	0.022
6317.031	0.021
6318.636	0.0221
6320.249	0.0213
6321.887	0.0214
6323.475	0.0235
6325.035	0.0247
6326.611	0.0234
6328.198	0.0237
6329.809	0.0244
6331.438	0.0241
6333.067	0.0243
6334.66	0.0229
6336.241	0.0214
6337.811	0.0211
6339.429	0.0212
6341.002	0.0208
6342.609	0.0204
6344.206	0.0215
6345.831	0.0215
6347.406	0.0214
6349.034	0.0245
6350.649	0.0264
6352.242	0.025
6353.865	0.0252
6355.504	0.0231
6357.116	0.0233
6358.754	0.0216
6360.35	0.0199
6361.998	0.0204
6363.623	0.0206
6365.263	0.0199
6366.877	0.021
6368.481	0.021
6370.109	0.021
6371.703	0.0214
6373.344	0.0216
6374.994	0.0213
6376.601	0.0228
6378.241	0.024
6379.851	0.0228
6381.513	0.0248
6383.169	0.0239
6384.818	0.0247
6386.457	0.0255
6388.078	0.0241
6389.742	0.0226
6391.385	0.0223
6393.046	0.0214
6394.642	0.0207
6396.196	0.0206
6397.81	0.0215
6399.422	0.0194
6401.027	0.022
6402.622	0.0231
6404.231	0.0253
6405.821	0.0244
6407.429	0.0221
6409.058	0.0211
6410.686	0.0211
6412.256	0.023
6413.843	0.0226
6415.442	0.025
6417.048	0.0248
6418.625	0.0245
6420.232	0.0228
6421.842	0.0214
6423.468	0.0215
6425.07	0.0207
6426.714	0.0218
6428.362	0.0219
6429.964	0.0242
6431.605	0.0229
6433.216	0.0225
6434.861	0.019
6436.492	0.0202
6438.092	0.0226
6439.728	0.0249
6441.39	0.0241
6443.009	0.0198
6444.616	0.0211
6446.277	0.0204
6447.904	0.0224
6449.534	0.0256
6451.162	0.0239
6452.791	0.0223
6454.434	0.0207
6456.08	0.0223
6457.672	0.0247
6459.299	0.0239
6460.924	0.0227
6462.535	0.0216
6464.183	0.0204
6465.785	0.0208
6467.411	0.0224
6469.038	0.0247
6470.697	0.0242
6472.363	0.0219
6473.992	0.0209
6475.578	0.0212
6477.188	0.0203
6478.8	0.0211
6480.42	0.021
6482.05	0.0225
6483.689	0.0233
6485.317	0.024
6486.908	0.0244
6488.522	0.0243
6490.147	0.0235
6491.703	0.0238
6493.296	0.0224
6494.889	0.0215
6496.5	0.0205
6498.075	0.0198
6499.704	0.0211
6501.297	0.0224
6502.872	0.0239
6504.498	0.0255
6506.096	0.0258
6507.712	0.0237
6509.317	0.023
6510.941	0.0214
6512.517	0.0217
6514.112	0.022
6515.742	0.0216
6517.361	0.0239
6518.986	0.0261
6520.59	0.0243
6522.19	0.0234
6523.823	0.0213
6525.425	0.0202
6527.064	0.0198
6528.675	0.0228
6530.303	0.0235
6531.893	0.0246
6533.558	0.0233
6535.187	0.0226
6536.796	0.0203
6538.424	0.0201
6540.05	0.0213
6541.657	0.0235
6543.25	0.0242
6544.863	0.0251
6546.5	0.0252
6548.126	0.0251
6549.771	0.0226
6551.395	0.0209
6553.036	0.0201
6554.646	0.022
6556.243	0.0206
6557.847	0.0236
6559.436	0.024
6561.012	0.025
6562.589	0.0233
6564.135	0.0217
6565.742	0.0197
6567.341	0.021
6568.916	0.0215
6570.512	0.0223
6572.121	0.0255
6573.711	0.0244
6575.321	0.023
6576.926	0.0218
6578.537	0.0214
6580.112	0.0201
6581.688	0.0223
6583.277	0.0208
6584.941	0.0213
6586.55	0.023
6588.198	0.0253
6589.773	0.0251
6591.347	0.0223
6592.976	0.0217
6594.614	0.0203
6596.261	0.0211
6597.905	0.0211
6599.494	0.0207
6601.105	0.0223
6602.733	0.0217
6604.356	0.0223
6606.004	0.0224
6607.607	0.026
6609.247	0.0239
6610.862	0.0244
6612.444	0.0228
6614.078	0.0228
6615.74	0.0208
6617.401	0.0201
6619.012	0.0207
6620.644	0.0219
6622.247	0.0253
6623.887	0.0249
6625.498	0.0255
6627.123	0.0237
6628.781	0.0231
6630.415	0.0215
6632.067	0.0209
6633.683	0.0215
6635.307	0.0217
6636.936	0.0221
6638.558	0.0238
6640.172	0.0244
6641.779	0.0236
6643.389	0.0227
6645.002	0.021
6646.631	0.0212
6648.269	0.0205
6649.899	0.0204
6651.527	0.0216
6653.123	0.0217
6654.71	0.0232
6656.27	0.0241
6657.882	0.0251
6659.487	0.0242
6661.085	0.024
6662.668	0.0233
6664.256	0.0239
6665.874	0.0225
6667.443	0.0217
6669.094	0.0206
6670.707	0.0203
6672.318	0.0206
6673.947	0.0209
6675.572	0.0204
6677.182	0.0204
6678.828	0.0228
6680.467	0.0223
6682.078	0.0233
6683.706	0.0252
6685.345	0.0244
6686.956	0.0248
6688.604	0.023
6690.206	0.0232
6691.846	0.0213
6693.464	0.021
6695.102	0.0214
6696.714	0.0213
6698.331	0.0219
6699.933	0.0229
6701.558	0.0222
6703.194	0.0236
6704.851	0.0237
6706.492	0.0264
6708.118	0.0236
6709.784	0.0225
6711.441	0.0219
6713.087	0.0211
6714.766	0.0204
6716.394	0.0199
6718.021	0.0206
6719.649	0.0226
6721.278	0.0242
6722.868	0.0248
6724.429	0.0239
6726.059	0.0228
6727.645	0.0226
6729.241	0.0213
6730.848	0.0195
6732.46	0.0207
6734.1	0.0211
6735.685	0.0216
6737.286	0.0229
6738.926	0.0245
6740.572	0.0257
6742.164	0.0233
6743.791	0.0204
6745.379	0.0217
6747.015	0.0204
6748.616	0.0214
6750.205	0.0208
6751.87	0.022
6753.444	0.0242
6755.033	0.0258
6756.648	0.0244
6758.275	0.0224
6759.952	0.0192
6761.612	0.0205
6763.216	0.0206
6764.826	0.0233
6766.475	0.023
6768.131	0.0244
6769.77	0.0241
6771.412	0.0216
6773.009	0.022
6774.603	0.0197
6776.215	0.0215
6777.84	0.0235
6779.469	0.0251
6781.114	0.0257
6782.72	0.0242
6784.358	0.022
6786.012	0.0198
6787.646	0.0202
6789.295	0.0213
6790.953	0.0213
6792.612	0.0246
6794.258	0.0249
6795.897	0.0234
6797.543	0.0215
6799.15	0.0206
6800.777	0.02
6802.35	0.0213
6803.914	0.0219
6805.485	0.0233
6807.059	0.0259
6808.686	0.0233
6810.259	0.0227
6811.855	0.0213
6813.457	0.021
6815.039	0.022
6816.627	0.0221
6818.189	0.0239
6819.785	0.0247
6821.373	0.0241
6822.976	0.0227
6824.577	0.0208
6826.22	0.0192
6827.849	0.0221
6829.46	0.0233
6831.068	0.0244
6832.697	0.0253
6834.312	0.0226
6835.922	0.0212
6837.525	0.0196
6839.137	0.0211
6840.765	0.0203
6842.387	0.0244
6844.028	0.0245
6845.645	0.0231
6847.268	0.0209
6848.895	0.021
6850.524	0.0215
6852.151	0.0235
6853.777	0.0256
6855.419	0.0231
6857.048	0.0201
6858.658	0.0226
6860.289	0.0217
6861.928	0.0226
6863.592	0.0246
6865.217	0.025
6866.824	0.0215
6868.475	0.021
6870.108	0.0216
6871.752	0.0235
6873.36	0.0247
6875.002	0.0242
6876.647	0.0244
6878.303	0.0217
6879.951	0.0205
6881.563	0.021
6883.15	0.0217
6884.745	0.0216
6886.349	0.0232
6887.978	0.0251
6889.602	0.022
6891.228	0.0207
6892.857	0.0205
6894.445	0.0206
6896.059	0.0245
6897.636	0.0244
6899.257	0.0214
6900.849	0.0202
6902.443	0.0211
6904.04	0.0225
6905.628	0.0222
6907.24	0.0256
6908.818	0.023
6910.392	0.0197
6912.001	0.0202
6913.606	0.022
6915.227	0.0222
6916.848	0.0248
6918.472	0.0212
6920.098	0.0204
6921.726	0.0211
6923.382	0.0226
6925.028	0.0249
6926.676	0.0243
6928.278	0.0217
6929.906	0.0204
6931.529	0.0225
6933.156	0.0222
6934.806	0.0241
6936.459	0.0248
6938.102	0.0209
6939.726	0.0207
6941.352	0.0226
6942.977	0.0244
6944.588	0.0251
6946.229	0.0239
6947.854	0.0215
6949.52	0.022
6951.159	0.0223
6952.77	0.0246
6954.41	0.0253
6956.071	0.0229
6957.71	0.0205
6959.354	0.0212
6960.948	0.0229
6962.578	0.0245
6964.184	0.0235
6965.791	0.0223
6967.402	0.0194
6969.014	0.0213
6970.626	0.0221
6972.23	0.0243
6973.818	0.0241
6975.432	0.0214
6977.062	0.0197
6978.674	0.0212
6980.311	0.0212
6981.89	0.0246
6983.486	0.0236
6985.09	0.0214
6986.678	0.0193
6988.289	0.0219
6989.877	0.0241
6991.504	0.0214
6993.126	0.021
6994.746	0.0222
6996.354	0.0235
6997.956	0.0213
6999.621	0.0202
7001.216	0.0217
7002.836	0.0223
7004.501	0.0257
7006.126	0.0238
7007.754	0.0201
7009.377	0.0212
7011.018	0.0217
7012.643	0.0247
7014.257	0.023
7015.878	0.0204
7017.519	0.0203
7019.157	0.0211
7020.812	0.0248
7022.436	0.0237
7024.076	0.0212
7025.722	0.0223
7027.366	0.0229
7029.017	0.0252
7030.671	0.0243
7032.311	0.0202
7033.921	0.0217
7035.561	0.0226
7037.222	0.024
7038.901	0.023
7040.564	0.0214
7042.202	0.0207
7043.831	0.022
7045.44	0.0243
7047.056	0.0244
7048.694	0.0235
7050.298	0.0197
7051.911	0.02
7053.5	0.0205
7055.125	0.0225
7056.687	0.0233
7058.295	0.0244
7059.907	0.0218
7061.528	0.0199
7063.107	0.0215
7064.681	0.0217
7066.26	0.0232
7067.87	0.024
7069.5	0.0233
7071.114	0.0206
7072.752	0.0199
7074.356	0.0212
7075.957	0.0222
7077.585	0.023
7079.159	0.0244
7080.785	0.0246
7082.361	0.025
7083.957	0.0235
7085.615	0.0226
7087.239	0.022
7088.879	0.022
7090.506	0.0222
7092.131	0.0205
7093.747	0.0213
7095.387	0.0206
7097.002	0.0212
7098.629	0.0203
7100.259	0.0211
7101.851	0.0213
7103.476	0.0215
7105.124	0.0218
7106.711	0.0241
7108.336	0.0241
7109.96	0.0256
7111.607	0.0248
7113.268	0.0247
7114.889	0.0224
7116.496	0.0208
7118.144	0.0201
7119.768	0.0208
7121.412	0.0216
7123.022	0.0201
7124.627	0.0195
7126.229	0.0208
7127.854	0.0211
7129.442	0.0232
7131.069	0.0222
7132.683	0.0221
7134.312	0.0256
7135.9	0.0252
7137.511	0.0244
7139.099	0.0231
7140.691	0.0248
7142.298	0.0239
7143.909	0.0254
7145.549	0.0239
7147.194	0.0233
7148.8	0.0236
7150.463	0.0216
7152.075	0.0234
7153.713	0.023
7155.325	0.0229
7156.937	0.0224
7158.542	0.023
7160.17	0.0223
7161.81	0.0206
7163.436	0.0212
7165.06	0.0206
7166.705	0.0207
7168.31	0.0205
7169.921	0.02
7171.528	0.0204
7173.175	0.0208
7174.8	0.0207
7176.44	0.0203
7178.068	0.0197
7179.682	0.0202
7181.313	0.0201
7182.956	0.0198
7184.588	0.0193
7186.244	0.0216
7187.869	0.0218
7189.525	0.0197
7191.171	0.0215
7192.81	0.0224
7194.455	0.0223
7196.064	0.0215
7197.716	0.0221
7199.369	0.0202
7200.982	0.0222
7202.661	0.0206
7204.249	0.02
7205.837	0.0207
7207.45	0.0193
7209.062	0.0193
7210.688	0.021
7212.297	0.0208
7213.894	0.0205
7215.522	0.0201
7217.117	0.0201
7218.673	0.0214
7220.261	0.0215
7221.877	0.0225
7223.505	0.0213
7225.13	0.0226
7226.727	0.0232
7228.365	0.0249
7230.006	0.0247
7231.618	0.0243
7233.223	0.0244
7234.838	0.0237
7236.438	0.0239
7238.038	0.0237
7239.64	0.0241
7241.292	0.0238
7242.918	0.0225
7244.576	0.0237
7246.188	0.0223
7247.792	0.0219
7249.368	0.0225
7250.981	0.0239
7252.624	0.0234
7254.235	0.0236
7255.828	0.0246
7257.399	0.025
7259.028	0.0245
7260.669	0.0238
7262.283	0.025
7263.916	0.0249
7265.54	0.0249
7267.168	0.0238
7268.807	0.0243
7270.432	0.0246
7272.076	0.0251
7273.706	0.0254
7275.359	0.0234
7276.97	0.0255
7278.598	0.0247
7280.241	0.0241
7281.869	0.0245
7283.532	0.0242
7285.121	0.0223
7286.735	0.0217
7288.327	0.0217
7289.941	0.0205
7291.546	0.019
7293.141	0.0206
7294.731	0.0202
7296.326	0.0202
7297.956	0.0215
7299.561	0.0211
7301.187	0.0231
7302.798	0.0236
7304.423	0.0242
7305.999	0.0242
7307.572	0.0253
7309.146	0.024
7310.774	0.0237
7312.384	0.0209
7313.992	0.0221
7315.609	0.0219
7317.231	0.0218
7318.87	0.0214
7320.499	0.0218
7322.164	0.0217
7323.792	0.0229
7325.422	0.0226
7327.061	0.0232
7328.671	0.0235
7330.311	0.023
7331.926	0.0238
7333.551	0.0237
7335.178	0.0234
7336.803	0.0246
7338.412	0.0246
7340.02	0.0243
7341.631	0.025
7343.262	0.0253
7344.891	0.0238
7346.53	0.0231
7348.141	0.0239
7349.789	0.0234
7351.426	0.0226
7353.069	0.0238
7354.694	0.023
7356.319	0.023
7357.943	0.0233
7359.571	0.0223
7361.199	0.0226
7362.872	0.0222
7364.519	0.0215
7366.176	0.0209
7367.8	0.0204
7369.398	0.0198
7370.98	0.0203
7372.606	0.0206
7374.213	0.0203
7375.774	0.0207
7377.402	0.021
7378.991	0.0206
7380.602	0.0206
7382.231	0.0235
7383.837	0.0241
7385.431	0.0255
7387.009	0.0247
7388.584	0.0246
7390.172	0.0241
7391.783	0.0243
7393.408	0.0221
7394.983	0.0232
7396.575	0.0232
7398.217	0.0222
7399.809	0.023
7401.431	0.0222
7403.027	0.0237
7404.652	0.0235
7406.263	0.0244
7407.902	0.0242
7409.504	0.025
7411.14	0.0243
7412.762	0.0249
7414.354	0.0245
7415.982	0.0225
7417.619	0.0219
7419.25	0.0212
7420.833	0.0218
7422.5	0.0205
7424.153	0.0206
7425.817	0.0218
7427.429	0.0211
7429.067	0.0199
7430.662	0.0207
7432.309	0.0208
7433.94	0.0206
7435.592	0.0211
7437.232	0.02
7438.842	0.0215
7440.47	0.022
7442.109	0.0203
7443.785	0.0213
7445.446	0.0209
7447.071	0.0203
7448.649	0.0203
7450.223	0.0201
7451.85	0.0198
7453.44	0.0191
7455.054	0.0204
7456.642	0.0203
7458.254	0.0204
7459.882	0.021
7461.51	0.0214
7463.117	0.0205
7464.712	0.0212
7466.29	0.0216
7467.912	0.0231
7469.517	0.0222
7471.125	0.0199
7472.751	0.021
7474.362	0.0229
7475.951	0.0208
7477.565	0.022
7479.19	0.0219
7480.799	0.0208
7482.393	0.0211
7484.032	0.0209
7485.645	0.0213
7487.272	0.0201
7488.9	0.0199
7490.503	0.0208
7492.1	0.0195
7493.72	0.021
7495.347	0.0197
7496.972	0.0213
7498.612	0.0206
7500.224	0.0214
7501.85	0.0209
7503.5	0.0209
7505.103	0.0215
7506.732	0.0202
7508.377	0.02
7510.038	0.021
7511.663	0.0216
7513.31	0.0202
7514.914	0.0206
7516.56	0.0207
7518.164	0.0214
7519.81	0.022
7521.429	0.0207
7523.078	0.0218
7524.684	0.0211
7526.328	0.0208
7527.934	0.02
7529.547	0.0205
7531.158	0.0208
7532.803	0.0214
7534.408	0.0201
7536.003	0.0212
7537.581	0.0208
7539.203	0.0217
7540.793	0.0218
7542.404	0.0219
7544	0.0238
7545.606	0.0223
7547.195	0.0241
7548.856	0.023
7550.468	0.0234
7552.074	0.0238
7553.685	0.0252
7555.298	0.0241
7556.94	0.0235
7558.591	0.0243
7560.197	0.024
7561.826	0.0231
7563.455	0.025
7565.094	0.0249
7566.705	0.0247
7568.312	0.0249
7569.938	0.0241
7571.549	0.0242
7573.162	0.0255
7574.791	0.0234
7576.413	0.0254
7578.061	0.0244
7579.681	0.0234
7581.292	0.023
7582.922	0.0238
7584.549	0.0227
7586.192	0.0208
7587.789	0.022
7589.396	0.0207
7591.058	0.0199
7592.683	0.0204
7594.331	0.0204
7595.935	0.0214
7597.575	0.0216
7599.199	0.0219
7600.861	0.0224
7602.511	0.0233
7604.161	0.0256
7605.787	0.0254
7607.426	0.0244
7609.037	0.0248
7610.628	0.023
7612.202	0.0215
7613.78	0.0207
7615.341	0.0209
7616.969	0.0204
7618.544	0.02
7620.17	0.0192
7621.746	0.0211
7623.341	0.0205
7624.996	0.0211
7626.571	0.0221
7628.144	0.0237
7629.737	0.0243
7631.314	0.0248
7632.925	0.0235
7634.501	0.023
7636.073	0.0212
7637.703	0.0207
7639.277	0.0205
7640.906	0.0212
7642.498	0.0219
7644.123	0.0217
7645.737	0.0235
7647.366	0.0235
7648.991	0.0241
7650.62	0.0229
7652.279	0.0233
7653.889	0.024
7655.514	0.0238
7657.125	0.0231
7658.764	0.023
7660.394	0.0238
7662.005	0.0239
7663.645	0.0247
7665.281	0.0235
7666.883	0.0252
7668.549	0.0255
7670.14	0.0252
7671.764	0.0249
7673.392	0.0244
7675.018	0.0251
7676.642	0.025
7678.291	0.0238
7679.907	0.0245
7681.534	0.0251
7683.195	0.0249
7684.822	0.0254
7686.498	0.024
7688.138	0.0239
7689.762	0.0212
7691.324	0.0213
7692.913	0.0209
7694.523	0.0199
7696.148	0.0194
7697.731	0.0195
7699.301	0.0209
7700.873	0.0207
7702.503	0.0214
7704.094	0.0219
7705.654	0.0245
7707.209	0.0232
7708.839	0.0245
7710.451	0.0245
7712.055	0.0236
7713.679	0.0231
7715.308	0.0211
7716.912	0.0208
7718.511	0.0218
7720.139	0.0195
7721.732	0.0199
7723.397	0.0198
7725.012	0.0209
7726.647	0.021
7728.276	0.0225
7729.902	0.0231
7731.482	0.0232
7733.117	0.0237
7734.778	0.024
7736.418	0.0246
7738.052	0.0249
7739.654	0.0243
7741.281	0.0232
7742.921	0.022
7744.546	0.0219
7746.138	0.0216
7747.745	0.0212
7749.374	0.02
7751.004	0.0204
7752.634	0.0209
7754.26	0.021
7755.892	0.0206
7757.531	0.0223
7759.178	0.0239
7760.818	0.0256
7762.452	0.0244
7764.108	0.023
7765.748	0.0219
7767.413	0.0218
7769.037	0.0211
7770.663	0.02
7772.262	0.0191
7773.9	0.0207
7775.512	0.0207
7777.119	0.0207
7778.696	0.0233
7780.307	0.0223
7781.902	0.0233
7783.477	0.0249
7785.065	0.0236
7786.674	0.0229
7788.315	0.0217
7789.925	0.0209
7791.514	0.0204
7793.119	0.0205
7794.749	0.0215
7796.36	0.0214
7798.007	0.0232
7799.634	0.0241
7801.212	0.0249
7802.835	0.0238
7804.416	0.0257
7806.079	0.0231
7807.681	0.022
7809.329	0.021
7810.917	0.02
7812.493	0.0203
7814.143	0.0215
7815.755	0.0208
7817.368	0.0239
7818.994	0.0239
7820.62	0.0251
7822.249	0.0244
7823.874	0.0233
7825.484	0.0229
7827.129	0.0208
7828.807	0.0195
7830.436	0.0217
7832.061	0.0215
7833.686	0.0238
7835.325	0.0248
7836.953	0.0246
7838.6	0.0233
7840.246	0.024
7841.892	0.0208
7843.55	0.0211
7845.179	0.0192
7846.805	0.0221
7848.433	0.0211
7850.106	0.0226
7851.753	0.0241
7853.371	0.0246
7854.995	0.0228
7856.572	0.0209
7858.186	0.0212
7859.763	0.0203
7861.35	0.02
7862.975	0.0209
7864.535	0.0216
7866.133	0.0225
7867.743	0.0236
7869.344	0.0243
7870.952	0.0253
7872.563	0.025
7874.137	0.0234
7875.733	0.0222
7877.337	0.0202
7878.975	0.0214
7880.593	0.0213
7882.183	0.0207
7883.786	0.0212
7885.379	0.0199
7886.981	0.0204
7888.618	0.0199
7890.245	0.0207
7891.884	0.0187
7893.509	0.0203
7895.143	0.0198
7896.745	0.0216
7898.385	0.0219
7900.03	0.0232
7901.623	0.0238
7903.248	0.0249
7904.887	0.0244
7906.497	0.025
7908.139	0.0243
7909.773	0.0233
7911.428	0.0238
7913.072	0.0239
7914.683	0.0239
7916.309	0.0233
7917.938	0.0236
7919.577	0.0233
7921.186	0.0235
7922.813	0.0229
7924.439	0.0223
7926.068	0.0218
7927.706	0.0211
7929.317	0.0209
7930.956	0.0198
7932.583	0.0207
7934.157	0.0198
7935.718	0.0204
7937.345	0.0205
7938.974	0.022
7940.548	0.0235
7942.131	0.0246
7943.761	0.0236
7945.352	0.023
7946.96	0.0206
7948.523	0.0204
7950.112	0.0202
7951.686	0.0206
7953.297	0.0225
7954.873	0.0237
7956.5	0.0243
7958.074	0.0232
7959.7	0.0206
7961.306	0.0206
7962.949	0.0195
7964.574	0.0219
7966.149	0.0223
7967.778	0.0255
7969.407	0.0255
7971.033	0.0229
7972.691	0.0236
7974.304	0.0216
7975.941	0.0208
7977.589	0.0201
7979.216	0.0206
7980.843	0.0201
7982.468	0.0211
7984.132	0.0233
7985.751	0.0243
7987.379	0.0255
7988.973	0.0242
7990.598	0.0243
7992.228	0.0235
7993.867	0.0227
7995.478	0.0223
7997.117	0.0209
7998.742	0.0204
8000.395	0.0209
8002.029	0.0233
8003.655	0.0237
8005.304	0.0242
8006.942	0.0231
8008.589	0.021
8010.228	0.0204
8011.871	0.022
8013.478	0.0214
8015.038	0.0223
8016.616	0.0241
8018.244	0.0254
8019.833	0.0224
8021.432	0.022
8023.044	0.0189
8024.681	0.0212
8026.311	0.0219
8027.931	0.0241
8029.538	0.0245
8031.148	0.0235
8032.777	0.0223
8034.403	0.0206
8035.972	0.0207
8037.564	0.0208
8039.178	0.0244
8040.756	0.0229
8042.354	0.0228
8043.938	0.021
8045.534	0.0215
8047.108	0.0203
8048.715	0.0213
8050.309	0.0233
8051.897	0.0252
8053.503	0.0233
8055.147	0.0203
8056.758	0.0201
8058.364	0.0208
8059.972	0.0226
8061.604	0.0242
8063.208	0.025
8064.837	0.0224
8066.484	0.0199
8068.068	0.0207
8069.684	0.0221
8071.287	0.0229
8072.93	0.0253
8074.595	0.0228
8076.24	0.0207
8077.91	0.0199
8079.525	0.0209
8081.147	0.0237
8082.786	0.0244
8084.396	0.0246
8086.044	0.0227
8087.681	0.0225
8089.329	0.0213
8090.954	0.0207
8092.624	0.021
8094.219	0.0222
8095.812	0.0231
8097.404	0.0235
8099.004	0.0236
8100.625	0.0234
8102.23	0.0214
8103.842	0.0203
8105.454	0.0195
8107.092	0.0208
8108.673	0.0193
8110.265	0.0223
8111.892	0.0247
8113.469	0.0255
8115.057	0.0234
8116.668	0.0215
8118.297	0.0213
8119.925	0.0205
8121.498	0.0206
8123.095	0.0209
8124.713	0.0229
8126.335	0.0235
8127.968	0.0226
8129.582	0.0247
8131.205	0.0244
8132.831	0.0233
8134.454	0.0217
8136.07	0.0223
8137.717	0.0215
8139.296	0.0206
8140.925	0.0206
8142.547	0.0222
8144.186	0.0232
8145.797	0.0249
8147.437	0.0246
8149.102	0.0234
8150.762	0.0231
8152.369	0.0205
8153.962	0.0215
8155.594	0.0202
8157.235	0.0205
8158.893	0.0201
8160.532	0.0223
8162.192	0.0245
8163.838	0.0254
8165.481	0.0248
8167.133	0.0256
8168.772	0.025
8170.397	0.0243
8172.037	0.0255
8173.682	0.0248
8175.289	0.023
8176.849	0.0243
8178.435	0.0245
8180.016	0.0228
8181.613	0.0231
8183.225	0.0235
8184.828	0.0238
8186.452	0.023
8188.04	0.0256
8189.683	0.0236
8191.294	0.0246
8192.919	0.0229
8194.581	0.0222
8196.207	0.0217
8197.785	0.0224
8199.393	0.0228
8201.031	0.0218
8202.661	0.0215
8204.285	0.0225
8205.862	0.0232
8207.49	0.0229
8209.117	0.0234
8210.758	0.0226
8212.368	0.0243
8214.015	0.0231
8215.645	0.024
8217.25	0.0244
8218.878	0.0249
8220.518	0.0243
8222.129	0.0247
8223.768	0.0239
8225.379	0.0238
8227.004	0.0243
8228.629	0.0256
8230.27	0.0252
8231.898	0.0242
8233.563	0.024
8235.205	0.0235
8236.819	0.0237
8238.447	0.0245
8240.087	0.0241
8241.752	0.0236
8243.38	0.0253
8245.019	0.0244
8246.63	0.0236
8248.294	0.0234
8249.956	0.0224
8251.574	0.0239
8253.219	0.025
8254.885	0.0232
8256.49	0.0249
8258.103	0.0224
8259.716	0.0224
8261.33	0.0234
8262.896	0.025
8264.45	0.0242
8266.044	0.0223
8267.673	0.0231
8269.25	0.0237
8270.809	0.0227
8272.452	0.0215
8274.077	0.0224
8275.683	0.0216
8277.278	0.0222
8278.909	0.022
8280.555	0.0215
8282.173	0.0223
8283.786	0.0227
8285.358	0.0228
8286.948	0.0217
8288.562	0.0218
8290.188	0.0247
8291.816	0.0229
8293.466	0.0238
8295.096	0.0232
8296.726	0.024
8298.38	0.0253
8299.956	0.026
8301.548	0.0235
8303.158	0.0251
8304.799	0.0253
8306.408	0.0243
8308.049	0.0238
8309.693	0.0235
8311.299	0.0241
8312.929	0.0238
8314.566	0.0232
8316.219	0.0237
8317.884	0.025
8319.526	0.0243
8321.165	0.0232
8322.79	0.0229
8324.4	0.0234
8326.026	0.0241
8327.65	0.0242
8329.291	0.0238
8330.937	0.024
8332.548	0.0234
8334.214	0.0231
8335.837	0.024
8337.436	0.0226
8339.04	0.0244
8340.647	0.0231
8342.24	0.0237
8343.869	0.024
8345.498	0.0243
8347.122	0.0232
8348.711	0.0244
8350.355	0.0233
8351.933	0.0249
8353.571	0.0224
8355.198	0.023
8356.772	0.0213
8358.351	0.0215
8359.946	0.0222
8361.548	0.0218
8363.136	0.0204
8364.75	0.0195
8366.346	0.0192
8367.984	0.0212
8369.614	0.0204
8371.204	0.0199
8372.834	0.0193
8374.463	0.0209
8376.068	0.0218
8377.717	0.0223
8379.342	0.0218
8380.967	0.0242
8382.608	0.0233
8384.233	0.0247
8385.859	0.0233
8387.469	0.0231
8389.096	0.022
8390.704	0.0225
8392.3	0.021
8393.93	0.0209
8395.559	0.021
8397.187	0.0202
8398.862	0.0198
8400.524	0.022
8402.17	0.0225
8403.834	0.0228
8405.524	0.0232
8407.163	0.0245
8408.829	0.0241
8410.458	0.0238
8412.097	0.0228
8413.776	0.0222
8415.417	0.021
8417.067	0.0217
8418.637	0.0203
8420.244	0.0232
8421.85	0.0238
8423.426	0.0233
8425.04	0.0205
8426.665	0.0192
8428.253	0.022
8429.863	0.0233
8431.439	0.0235
8433.054	0.0232
8434.637	0.0212
8436.201	0.0217
8437.808	0.0196
8439.455	0.0194
8441.059	0.0196
8442.669	0.0226
8444.258	0.0241
8445.873	0.0233
8447.498	0.0237
8449.106	0.0204
8450.747	0.0205
8452.397	0.0206
8453.984	0.0219
8455.629	0.0231
8457.277	0.0238
8458.916	0.025
8460.558	0.0224
8462.198	0.0194
8463.807	0.0204
8465.457	0.0203
8467.061	0.0231
8468.667	0.0251
8470.31	0.0245
8471.94	0.0214
8473.548	0.0208
8475.143	0.0218
8476.772	0.0219
8478.427	0.0216
8480.047	0.0244
8481.704	0.0249
8483.383	0.0209
8485.007	0.0206
8486.683	0.021
8488.363	0.0206
8490.043	0.0228
8491.672	0.0249
8493.3	0.0265
8494.942	0.0237
8496.552	0.0213
8498.192	0.02
8499.853	0.0188
8501.43	0.0203
8503.021	0.0211
8504.597	0.0234
8506.158	0.0258
8507.75	0.024
8509.345	0.0232
8510.951	0.0209
8512.566	0.0192
8514.194	0.0199
8515.77	0.0201
8517.344	0.0232
8518.922	0.0257
8520.51	0.0246
8522.155	0.024
8523.802	0.0234
8525.398	0.0219
8527.035	0.0223
8528.625	0.0213
8530.251	0.0211
8531.848	0.0206
8533.485	0.0205
8535.128	0.0194
8536.753	0.0212
8538.381	0.0211
8540.006	0.0218
8541.645	0.0227
8543.31	0.0248
8544.949	0.0246
8546.596	0.0269
8548.199	0.0231
8549.81	0.0227
8551.45	0.0213
8553.095	0.0218
8554.702	0.0198
8556.331	0.0202
8558.026	0.0215
8559.622	0.0243
8561.246	0.0253
8562.872	0.0264
8564.518	0.025
8566.12	0.0237
8567.71	0.0221
8569.34	0.0196
8570.952	0.0209
8572.591	0.02
8574.254	0.0225
8575.932	0.024
8577.558	0.025
8579.188	0.0251
8580.815	0.0228
8582.403	0.0225
8584.015	0.0203
8585.59	0.0205
8587.211	0.0185
8588.809	0.0196
8590.424	0.0198
8592.051	0.0221
8593.648	0.0241
8595.266	0.0253
8596.892	0.0257
8598.518	0.0231
8600.143	0.0218
8601.778	0.019
8603.388	0.0199
8605.005	0.0197
8606.63	0.0194
8608.26	0.0227
8609.848	0.0239
8611.464	0.0244
8613.038	0.0249
8614.612	0.022
8616.188	0.0216
8617.812	0.02
8619.451	0.0205
8621.062	0.0224
8622.709	0.0247
8624.331	0.0255
8625.941	0.0241
8627.569	0.021
8629.159	0.0216
8630.784	0.02
8632.446	0.0204
8634.076	0.0228
8635.753	0.023
8637.385	0.0242
8639.013	0.0213
8640.641	0.0201
8642.272	0.0212
8643.91	0.0223
8645.504	0.0251
8647.148	0.0252
8648.776	0.0229
8650.436	0.0208
8652.079	0.0208
8653.705	0.0204
8655.331	0.0212
8656.978	0.0227
8658.646	0.0235
8660.273	0.0252
8661.924	0.0231
8663.508	0.0208
8665.097	0.02
8666.675	0.0204
8668.286	0.0204
8669.859	0.0228
8671.485	0.0229
8673.064	0.0254
8674.655	0.0245
8676.269	0.02
8677.876	0.0205
8679.455	0.0203
8681.076	0.0184
8682.679	0.0196
8684.293	0.0207
8685.881	0.0228
8687.491	0.0254
8689.071	0.0249
8690.649	0.0233
8692.275	0.0222
8693.892	0.0211
8695.485	0.0203
8697.074	0.0201
8698.689	0.019
8700.328	0.0222
8701.953	0.0236
8703.578	0.0245
8705.203	0.0257
8706.813	0.0257
8708.409	0.0246
8710.029	0.0211
8711.643	0.0215
8713.289	0.0189
8714.892	0.0209
8716.557	0.0219
8718.194	0.0217
8719.807	0.0231
8721.43	0.0267
8723.041	0.0255
8724.703	0.027
8726.342	0.0256
8727.967	0.0236
8729.581	0.0212
8731.229	0.0196
8732.867	0.0204
8734.521	0.0195
8736.186	0.0197
8737.811	0.0209
8739.452	0.0201
8741.069	0.0223
8742.69	0.024
8744.283	0.0256
8745.849	0.0255
8747.437	0.0257
8749.062	0.0218
8750.658	0.0224
8752.251	0.0206
8753.85	0.0206
8755.421	0.0192
8756.982	0.0191
8758.571	0.0189
8760.149	0.019
8761.763	0.02
8763.359	0.0194
8764.976	0.0207
8766.587	0.022
8768.195	0.0223
8769.803	0.0225
8771.416	0.0231
8773.019	0.0252
8774.62	0.0248
8776.2	0.0258
8777.822	0.0254
8779.462	0.0251
8781.107	0.0251
8782.713	0.0239
8784.357	0.0231
8785.949	0.0207
8787.574	0.0221
8789.18	0.02
8790.779	0.0196
8792.403	0.0215
8794.042	0.0208
8795.672	0.0227
8797.269	0.0248
8798.916	0.0247
8800.519	0.0256
8802.171	0.0239
8803.788	0.0214
8805.433	0.0231
8807.059	0.0212
8808.684	0.0206
8810.31	0.0203
8811.937	0.0215
8813.562	0.0205
8815.209	0.0203
8816.814	0.0235
8818.453	0.0231
8820.118	0.0233
8821.745	0.0256
8823.357	0.0252
8824.954	0.0238
8826.542	0.023
8828.12	0.0208
8829.732	0.0207
8831.337	0.0193
8832.934	0.0202
8834.523	0.0186
8836.134	0.0199
8837.722	0.0191
8839.334	0.0199
8840.91	0.0189
8842.536	0.0204
8844.147	0.0226
8845.761	0.0236
8847.364	0.0259
8848.961	0.0249
8850.597	0.0261
8852.24	0.0244
8853.87	0.0227
8855.52	0.0226
8857.134	0.0224
8858.77	0.0212
8860.377	0.0216
8861.982	0.0199
8863.632	0.0218
8865.262	0.0189
8866.861	0.0193
8868.475	0.0203
8870.11	0.0206
8871.715	0.0196
8873.354	0.0186
8874.99	0.0198
8876.62	0.019
8878.25	0.0199
8879.915	0.0188
8881.558	0.0199
8883.188	0.02
8884.841	0.0193
8886.516	0.021
8888.181	0.0212
8889.811	0.0214
8891.44	0.0225
8893.06	0.0235
8894.718	0.0227
8896.345	0.0238
8897.991	0.0234
8899.63	0.0243
8901.24	0.0256
8902.879	0.0248
8904.493	0.0254
8906.09	0.0259
8907.695	0.025
8909.322	0.022
8910.952	0.0212
8912.54	0.0192
8914.114	0.0189
8915.675	0.0189
8917.251	0.0196
8918.831	0.0195
8920.434	0.0211
8922.043	0.0219
8923.658	0.0229
8925.283	0.0233
8926.888	0.0262
8928.496	0.0253
8930.122	0.0203
8931.749	0.021
8933.32	0.0191
8934.92	0.0219
8936.521	0.0231
8938.147	0.0231
8939.74	0.0234
8941.365	0.0229
8943.008	0.0228
8944.603	0.0199
8946.209	0.0195
8947.803	0.0206
8949.451	0.0186
8951.068	0.0198
8952.694	0.0221
8954.319	0.0236
8955.944	0.0242
8957.556	0.0262
8959.183	0.024
8960.811	0.0216
8962.454	0.0213
8964.045	0.0199
8965.673	0.0196
8967.271	0.0186
8968.946	0.0216
8970.573	0.0231
8972.213	0.0246
8973.838	0.0257
8975.485	0.0255
8977.151	0.0233
8978.807	0.0216
8980.461	0.0192
8982.081	0.0186
8983.705	0.0193
8985.366	0.0201
8986.979	0.0229
8988.568	0.0234
8990.144	0.0248
8991.732	0.0234
8993.358	0.0231
8994.991	0.0205
8996.598	0.0207
8998.208	0.0196
8999.839	0.0194
9001.44	0.0196
9003.039	0.019
9004.676	0.0211
9006.282	0.0228
9007.89	0.0258
9009.515	0.0261
9011.177	0.0227
9012.782	0.0231
9014.394	0.02
9016.003	0.02
9017.593	0.0179
9019.221	0.0189
9020.846	0.022
9022.461	0.0225
9024.086	0.0253
9025.714	0.0258
9027.361	0.0246
9028.999	0.023
9030.605	0.0209
9032.267	0.0204
9033.877	0.0218
9035.523	0.0211
9037.163	0.0215
9038.809	0.0225
9040.413	0.0223
9042.026	0.0232
9043.658	0.024
9045.302	0.0226
9046.931	0.0229
9048.556	0.0225
9050.171	0.0232
9051.795	0.0244
9053.421	0.0227
9055.06	0.0224
9056.685	0.0221
9058.294	0.0222
9059.941	0.0199
9061.524	0.0215
9063.177	0.0185
9064.816	0.0191
9066.477	0.0182
9068.106	0.02
9069.72	0.0194
9071.32	0.0189
9072.885	0.0196
9074.495	0.019
9076.091	0.019
9077.666	0.0197
9079.272	0.0191
9080.841	0.02
9082.461	0.0202
9084.086	0.0197
9085.711	0.02
9087.304	0.02
9088.915	0.0188
9090.502	0.0203
9092.104	0.02
9093.752	0.0207
9095.355	0.0225
9096.952	0.0224
9098.569	0.0235
9100.22	0.0243
9101.839	0.0242
9103.446	0.0248
9105.091	0.0257
9106.719	0.0243
9108.362	0.0239
9110.002	0.0238
9111.615	0.021
9113.246	0.0215
9114.884	0.0206
9116.498	0.0207
9118.137	0.0199
9119.75	0.019
9121.427	0.0191
9123.053	0.0204
9124.663	0.0202
9126.307	0.0205
9127.953	0.0201
9129.572	0.0227
9131.236	0.0225
9132.876	0.0223
9134.505	0.0227
9136.168	0.0224
9137.794	0.0222
9139.434	0.0215
9141.081	0.0235
9142.71	0.024
9144.357	0.0235
9146.037	0.0251
9147.628	0.0235
9149.222	0.0223
9150.843	0.02
9152.427	0.0195
9154.043	0.0191
9155.645	0.0196
9157.243	0.0204
9158.846	0.0226
9160.452	0.0197
9162.045	0.0215
9163.674	0.0228
9165.262	0.0227
9166.858	0.0258
9168.452	0.0232
9170.032	0.0226
9171.655	0.0212
9173.233	0.0195
9174.857	0.0196
9176.452	0.0207
9178.052	0.02
9179.648	0.0203
9181.29	0.0223
9182.887	0.0253
9184.516	0.026
9186.126	0.0227
9187.723	0.0206
9189.344	0.0194
9190.985	0.0191
9192.595	0.0234
9194.235	0.0245
9195.823	0.0238
9197.457	0.0227
9199.104	0.0199
9200.73	0.0206
9202.36	0.0196
9203.999	0.0212
9205.641	0.0236
9207.285	0.0246
9208.933	0.0242
9210.589	0.0236
9212.195	0.0216
9213.789	0.0211
9215.365	0.0197
9217.006	0.0199
9218.668	0.019
9220.295	0.0193
9221.935	0.0197
9223.599	0.0197
9225.228	0.02
9226.84	0.0209
9228.453	0.0193
9230.055	0.0202
9231.644	0.0202
9233.206	0.0213
9234.816	0.0222
9236.441	0.0223
9238.071	0.0242
9239.663	0.0242
9241.218	0.0239
9242.827	0.0229
9244.421	0.0236
9246.015	0.0246
9247.645	0.0248
9249.269	0.0247
9250.881	0.0254
9252.519	0.0243
9254.093	0.025
9255.668	0.025
9257.293	0.0248
9258.868	0.0222
9260.456	0.0218
9262.085	0.021
9263.696	0.0211
9265.323	0.0199
9266.961	0.0198
9268.573	0.02
9270.195	0.02
9271.843	0.0209
9273.44	0.0217
9275.093	0.0218
9276.732	0.0236
9278.326	0.0249
9279.973	0.025
9281.611	0.0248
9283.223	0.0253
9284.885	0.0241
9286.514	0.0233
9288.146	0.0221
9289.773	0.0204
9291.396	0.0213
9292.988	0.021
9294.649	0.0202
9296.275	0.0193
9297.901	0.0201
9299.526	0.0218
9301.205	0.0212
9302.846	0.0223
9304.51	0.0227
9306.172	0.0254
9307.826	0.0242
9309.44	0.0217
9311.028	0.021
9312.602	0.0207
9314.194	0.0196
9315.801	0.0194
9317.411	0.0192
9319.04	0.0189
9320.633	0.0195
9322.229	0.0202
9323.836	0.0193
9325.482	0.0214
9327.087	0.021
9328.698	0.0235
9330.311	0.0236
9331.916	0.024
9333.527	0.0261
9335.115	0.0245
9336.725	0.0253
9338.315	0.0227
9339.954	0.0217
9341.555	0.0216
9343.144	0.0196
9344.769	0.0201
9346.43	0.0188
9348.058	0.0193
9349.688	0.0211
9351.328	0.021
9352.937	0.0235
9354.567	0.0237
9356.206	0.0239
9357.817	0.0257
9359.456	0.0252
9361.122	0.0239
9362.731	0.0234
9364.361	0.0223
9365.955	0.0223
9367.588	0.0209
9369.213	0.0214
9370.874	0.0211
9372.5	0.0203
9374.162	0.0199
9375.816	0.0193
9377.446	0.0183
9379.055	0.0195
9380.685	0.0213
9382.31	0.0199
9383.971	0.0221
9385.626	0.0216
9387.291	0.0217
9388.916	0.0233
9390.506	0.0239
9392.12	0.0243
9393.732	0.0245
9395.336	0.0236
9396.899	0.0251
9398.538	0.0238
9400.099	0.0234
9401.688	0.0217
9403.299	0.0193
9404.921	0.0206
9406.551	0.0188
9408.177	0.0187
9409.815	0.0179
9411.427	0.0213
9413.042	0.0201
9414.68	0.0189
9416.264	0.0203
9417.88	0.0218
9419.51	0.0221
9421.135	0.0236
9422.764	0.025
9424.394	0.0246
9426.061	0.0246
9427.696	0.025
9429.372	0.0244
9430.979	0.0256
9432.556	0.0258
9434.2	0.0248
9435.829	0.0252
9437.456	0.0255
9439.097	0.0249
9440.671	0.0247
9442.296	0.024
9443.874	0.025
9445.499	0.0231
9447.125	0.0215
9448.746	0.021
9450.385	0.0216
9452.031	0.0184
9453.674	0.0202
9455.314	0.019
9456.98	0.0191
9458.619	0.0205
9460.244	0.0208
9461.855	0.0199
9463.494	0.0196
9465.119	0.0206
9466.765	0.0202
9468.41	0.0206
9470.085	0.0224
9471.713	0.0222
9473.323	0.0222
9474.928	0.0233
9476.503	0.0243
9478.079	0.0244
9479.639	0.0242
9481.267	0.0223
9482.891	0.0213
9484.52	0.02
9486.146	0.0193
9487.776	0.0185
9489.4	0.0188
9491.012	0.0199
9492.618	0.0201
9494.229	0.0219
9495.805	0.023
9497.431	0.0245
9499.059	0.0245
9500.647	0.0243
9502.261	0.0239
9503.89	0.02
9505.502	0.0202
9507.115	0.0197
9508.719	0.0212
9510.358	0.021
9511.983	0.0239
9513.593	0.0254
9515.222	0.0232
9516.861	0.0224
9518.522	0.0203
9520.162	0.02
9521.773	0.0191
9523.375	0.0207
9525.028	0.0216
9526.617	0.0223
9528.227	0.0246
9529.869	0.0262
9531.48	0.0236
9533.119	0.0232
9534.73	0.0221
9536.355	0.0203
9537.98	0.0201
9539.619	0.0197
9541.23	0.0209
9542.869	0.0197
9544.48	0.0227
9546.125	0.0223
9547.763	0.0243
9549.408	0.0258
9551.049	0.0251
9552.694	0.0227
9554.266	0.0221
9555.859	0.0206
9557.455	0.0194
9559.06	0.0191
9560.649	0.019
9562.285	0.021
9563.923	0.023
9565.527	0.0238
9567.145	0.0244
9568.762	0.0233
9570.392	0.0235
9571.979	0.0242
9573.555	0.0221
9575.169	0.0217
9576.759	0.0192
9578.403	0.02
9579.995	0.0193
9581.57	0.0222
9583.209	0.0232
9584.837	0.0247
9586.467	0.0242
9588.08	0.0252
9589.656	0.0237
9591.315	0.0207
9592.909	0.0203
9594.549	0.0196
9596.16	0.0206
9597.788	0.021
9599.435	0.0196
9601.066	0.0234
9602.668	0.0242
9604.276	0.0258
9605.925	0.0259
9607.516	0.0237
9609.135	0.022
9610.766	0.0207
9612.388	0.0209
9614.053	0.0183
9615.697	0.0191
9617.353	0.0193
9618.998	0.0209
9620.638	0.023
9622.246	0.0253
9623.896	0.0248
9625.533	0.0253
9627.173	0.0231
9628.799	0.0225
9630.439	0.0199
9632.068	0.0183
9633.679	0.0185
9635.256	0.0198
9636.809	0.0202
9638.402	0.0196
9640.032	0.0201
9641.606	0.0218
9643.235	0.0234
9644.81	0.0244
9646.385	0.0244
9647.99	0.0232
9649.601	0.0226
9651.236	0.0208
9652.84	0.0215
9654.436	0.0205
9656.038	0.0184
9657.636	0.0194
9659.239	0.0206
9660.836	0.0196
9662.453	0.0222
9664.104	0.0231
9665.741	0.0228
9667.367	0.0261
9669.017	0.0245
9670.673	0.0243
9672.302	0.0214
9673.89	0.0207
9675.5	0.0198
9677.129	0.0188
9678.776	0.0197
9680.377	0.021
9682.007	0.022
9683.631	0.0241
9685.27	0.026
9686.907	0.0234
9688.529	0.0224
9690.141	0.0214
9691.77	0.0202
9693.367	0.0184
9694.979	0.0196
9696.609	0.0211
9698.249	0.0202
9699.851	0.0229
9701.485	0.0248
9703.112	0.0257
9704.724	0.0253
9706.368	0.0226
9708.009	0.0206
9709.621	0.0209
9711.247	0.0204
9712.897	0.0199
9714.534	0.0207
9716.136	0.0182
9717.75	0.0209
9719.325	0.022
9720.953	0.0239
9722.528	0.026
9724.153	0.0242
9725.745	0.0233
9727.336	0.0219
9728.93	0.0206
9730.506	0.0184
9732.129	0.02
9733.754	0.0181
9735.383	0.0189
9736.971	0.0195
9738.633	0.021
9740.244	0.0223
9741.856	0.0223
9743.457	0.0238
9745.086	0.0247
9746.677	0.0246
9748.291	0.0245
9749.915	0.0232
9751.524	0.02
9753.154	0.0197
9754.793	0.0189
9756.422	0.0213
9757.997	0.0204
9759.605	0.0209
9761.234	0.0221
9762.86	0.0234
9764.468	0.0238
9766.08	0.0234
9767.727	0.0242
9769.302	0.0258
9770.929	0.0244
9772.575	0.0229
9774.169	0.0232
9775.812	0.0218
9777.474	0.0194
9779.153	0.0196
9780.783	0.0207
9782.422	0.0205
9784.064	0.0189
9785.659	0.02
9787.299	0.0198
9788.944	0.0202
9790.593	0.0221
9792.231	0.021
9793.896	0.0217
9795.52	0.0215
9797.147	0.0228
9798.74	0.0233
9800.335	0.0236
9801.965	0.0242
9803.551	0.0249
9805.177	0.0243
9806.802	0.0237
9808.432	0.0258
9810.02	0.0255
9811.631	0.0256
9813.227	0.0251
9814.832	0.0251
9816.464	0.0251
9818.056	0.0233
9819.617	0.0227
9821.225	0.0237
9822.818	0.0225
9824.407	0.0225
9826.019	0.0244
9827.648	0.0245
9829.237	0.0243
9830.835	0.0259
9832.444	0.0256
9834.056	0.0241
9835.637	0.0233
9837.257	0.0239
9838.933	0.0214
9840.546	0.0214
9842.152	0.0209
9843.788	0.0199
9845.39	0.021
9847.031	0.0194
9848.642	0.0195
9850.268	0.0194
9851.91	0.019
9853.52	0.0199
9855.148	0.0203
9856.791	0.0203
9858.417	0.019
9860.042	0.0188
9861.685	0.0202
9863.277	0.0214
9864.953	0.0222
9866.597	0.0261
9868.222	0.0237
9869.847	0.0217
9871.495	0.0198
9873.149	0.0195
9874.815	0.0208
9876.415	0.0247
9878.065	0.0232
9879.693	0.0236
9881.321	0.0222
9882.926	0.0184
9884.52	0.0193
9886.118	0.0203
9887.72	0.0218
9889.311	0.024
9890.955	0.0244
9892.561	0.0223
9894.198	0.0221
9895.812	0.0187
9897.437	0.0201
9899.086	0.0205
9900.674	0.0221
9902.303	0.025
9903.913	0.0255
9905.558	0.022
9907.127	0.0209
9908.722	0.019
9910.358	0.0196
9911.962	0.0204
9913.572	0.0238
9915.188	0.0254
9916.798	0.0244
9918.406	0.0235
9920.054	0.0209
9921.716	0.0201
9923.335	0.0201
9924.943	0.02
9926.591	0.0198
9928.188	0.0241
9929.81	0.0248
9931.388	0.0239
9933.011	0.0233
9934.652	0.0213
9936.263	0.0205
9937.907	0.0207
9939.568	0.0207
9941.244	0.0217
9942.868	0.0247
9944.497	0.0241
9946.121	0.0247
9947.761	0.0228
9949.371	0.022
9951.012	0.02
9952.656	0.0204
9954.281	0.0201
9955.949	0.0199
9957.569	0.0192
9959.184	0.0206
9960.75	0.0221
9962.351	0.0226
9963.929	0.0236
9965.543	0.0241
9967.136	0.0238
9968.769	0.0237
9970.372	0.0214
9971.961	0.0204
9973.575	0.0193
9975.204	0.0187
9976.779	0.0193
9978.352	0.0202
9979.929	0.0215
9981.552	0.0218
9983.148	0.022
9984.752	0.0246
9986.377	0.0248
9988.004	0.0236
9989.625	0.0228
9991.258	0.0242
9992.833	0.0223
9994.412	0.0206
9996.039	0.0195
9997.675	0.0195
9999.289	0.0188
10000.91	0.0207
10002.55	0.0198
10004.16	0.0216
10005.79	0.0216
10007.43	0.0213
10009.05	0.0235
10010.67	0.0221
10012.3	0.0252
10013.97	0.0255
10015.58	0.025
10017.18	0.0241
10018.81	0.0216
10020.45	0.022
10022.07	0.0209
10023.7	0.0212
10025.34	0.0199
10027	0.021
10028.63	0.0196
10030.25	0.0217
10031.88	0.0202
10033.52	0.0206
10035.15	0.0221
10036.76	0.0236
10038.34	0.0232
10039.95	0.0249
10041.55	0.0233
10043.15	0.0224
10044.76	0.0219
10046.38	0.0213
10047.98	0.0211
10049.58	0.0196
10051.19	0.022
10052.78	0.0194
10054.41	0.0212
10056.44	0.0197
10059.97	0.0223
10061.61	0.0235
10098.24	0.0228
10099.83	0.0242
10101.45	0.022
10103.06	0.0215
10104.7	0.0204
10106.33	0.0198
10107.93	0.0195
10109.53	0.0203
10111.1	0.0218
10112.71	0.0235
10114.36	0.0223
10115.97	0.0241
10117.62	0.0238
10119.24	0.0222
10120.85	0.0233
10122.44	0.0238
10124.08	0.0218
10125.69	0.0219
10127.32	0.0204
10129	0.0193
10130.63	0.0198
10132.25	0.021
10133.88	0.0201
10135.52	0.0193
10137.13	0.0207
10138.71	0.0214
10140.37	0.0213
10142.01	0.0216
10143.65	0.0215
10145.26	0.0222
10146.9	0.0218
10148.51	0.0231
10150.14	0.0226
10151.8	0.0235
10153.42	0.0218
10155.08	0.0224
10156.68	0.0202
10158.27	0.0199
10159.86	0.0199
10161.48	0.018
10163.05	0.0188
10164.65	0.0179
10166.26	0.0202
10167.88	0.0194
10169.51	0.02
10171.1	0.0198
10172.71	0.0209
10174.32	0.0206
10175.91	0.0225
10177.54	0.0227
10179.17	0.0205
10180.79	0.0208
10182.4	0.0194
10184.01	0.0183
10185.62	0.0182
10187.25	0.0185
10188.88	0.0179
10190.46	0.0179
10192.03	0.0189
10193.66	0.0205
10195.28	0.0213
10196.86	0.0235
10198.49	0.0214
10200.11	0.022
10201.75	0.021
10203.38	0.0162
10205	0.0204
10206.61	0.013
10208.2	0.0137
10209.87	0.0065
10211.49	0.0215
10213.13	0.0195
10214.71	0.0205
10216.33	0.0199
10217.95	0.0222
10219.59	0.0222
10221.2	0.0238
10222.83	0.0257
10224.47	0.0272
10226.1	0.0246
10227.77	0.0212
10229.43	0.0214
10231.09	0.0165
10269.39	0.0173
10271.01	-0.0858
10312.53	-0.1246
