5447.638	0.1355
5449.226	0.1368
5451.02	0.1362
5452.573	0.1371
5454.163	0.1367
5455.778	0.1362
5457.388	0.1355
5458.995	0.1361
5460.604	0.1373
5462.233	0.1363
5463.81	0.1351
5465.437	0.1367
5467.067	0.1364
5468.635	0.138
5470.233	0.1372
5471.859	0.1385
5473.49	0.1368
5475.094	0.1379
5476.691	0.1376
5478.329	0.1389
5479.979	0.1384
5481.61	0.1386
5483.227	0.1387
5484.803	0.14
5486.443	0.1386
5488.052	0.1396
5489.692	0.1396
5491.306	0.1392
5492.919	0.1399
5494.556	0.139
5496.186	0.1411
5497.778	0.1404
5499.334	0.1409
5500.983	0.1396
5502.609	0.1393
5504.205	0.1407
5505.853	0.1406
5507.448	0.141
5509.081	0.1404
5510.72	0.1398
5512.681	0.1386
5514.26	0.1391
5515.834	0.1374
5517.414	0.1387
5518.974	0.1395
5520.551	0.1389
5522.158	0.1391
5523.751	0.1385
5525.331	0.1377
5526.938	0.1386
5528.476	0.1394
5530.054	0.1398
5531.632	0.1401
5533.231	0.1397
5534.786	0.1399
5536.399	0.1398
5537.935	0.1405
5539.527	0.1406
5541.423	0.1409
5550.152	0.1442
5552.092	0.1484
5553.711	0.1457
5555.258	0.1454
5556.869	0.1467
5558.459	0.1454
5559.985	0.1458
5561.53	0.1449
5563.111	0.1444
5564.664	0.1446
5566.241	0.1454
5567.783	0.1437
5569.398	0.1442
5570.973	0.1451
5572.551	0.1456
5574.178	0.1439
5575.79	0.1445
5577.384	0.1445
5579.228	0.1461
5580.854	0.1476
5582.479	0.1475
5584.071	0.1477
5585.678	0.1488
5587.303	0.1479
5588.913	0.1485
5590.553	0.1483
5592.178	0.1492
5593.844	0.1487
5595.459	0.1495
5597.06	0.1489
5598.722	0.1493
5600.379	0.1483
5602.026	0.1509
5603.651	0.15
5605.291	0.1502
5606.956	0.1524
5608.595	0.1513
5610.206	0.1523
5611.832	0.1519
5613.456	0.1527
5615.119	0.1513
5616.773	0.1512
5618.334	0.1506
5619.922	0.1507
5621.486	0.151
5623.075	0.1507
5624.669	0.1499
5626.267	0.1502
5627.894	0.1499
5629.492	0.1489
5631.096	0.1496
5632.685	0.1492
5634.296	0.1495
5635.884	0.1476
5637.498	0.1489
5639.076	0.1489
5640.689	0.148
5642.328	0.1475
5643.92	0.1478
5645.545	0.1469
5647.173	0.147
5648.786	0.148
5650.372	0.1484
5651.969	0.1476
5653.564	0.1476
5655.204	0.1479
5656.815	0.1474
5658.423	0.1489
5660.017	0.1492
5661.605	0.1496
5663.196	0.1508
5664.813	0.152
5666.435	0.1534
5668.045	0.1546
5669.672	0.1526
5671.33	0.1522
5672.975	0.1519
5674.602	0.1512
5676.216	0.1503
5677.812	0.1497
5679.435	0.1492
5681.059	0.1499
5682.684	0.1513
5684.324	0.1523
5685.934	0.1542
5687.574	0.1545
5689.184	0.1546
5690.773	0.155
5692.411	0.1537
5694.048	0.153
5695.693	0.1531
5697.367	0.1498
5698.943	0.1511
5700.55	0.1496
5702.18	0.1485
5703.751	0.1504
5705.345	0.1523
5706.923	0.1552
5708.522	0.1544
5710.125	0.1553
5711.722	0.1526
5713.329	0.1514
5714.954	0.1512
5716.542	0.1478
5718.157	0.1508
5719.685	0.1529
5721.274	0.1539
5722.884	0.1564
5724.483	0.1544
5726.086	0.1537
5727.673	0.152
5729.285	0.151
5730.911	0.1504
5732.521	0.15
5734.128	0.1513
5735.763	0.1542
5737.365	0.1543
5738.971	0.1566
5740.567	0.1549
5742.193	0.1534
5743.82	0.1525
5745.48	0.1514
5747.12	0.1514
5748.712	0.1521
5750.343	0.1525
5751.98	0.1566
5753.553	0.1552
5755.222	0.157
5756.862	0.1562
5758.497	0.1556
5760.126	0.1533
5761.741	0.1521
5763.383	0.1542
5765.009	0.1552
5766.635	0.1569
5768.283	0.157
5769.888	0.1574
5771.513	0.1547
5773.137	0.156
5774.777	0.1558
5776.439	0.1564
5778.065	0.1558
5779.689	0.1527
5781.278	0.1537
5782.871	0.1531
5784.501	0.1537
5786.131	0.1535
5787.743	0.1505
5789.345	0.1522
5790.892	0.1522
5792.496	0.1514
5794.093	0.1531
5795.749	0.1526
5797.361	0.1526
5798.967	0.1522
5800.56	0.1523
5802.153	0.1554
5803.763	0.1537
5805.41	0.1529
5807.035	0.1553
5808.66	0.1538
5810.285	0.1546
5811.909	0.1538
5813.498	0.1554
5815.123	0.1543
5816.737	0.1545
5818.326	0.1532
5819.937	0.1537
5821.562	0.1532
5823.171	0.153
5824.768	0.1542
5826.407	0.1525
5828.051	0.1532
5829.708	0.1542
5831.336	0.1546
5833	0.1544
5834.626	0.1554
5836.235	0.1554
5837.865	0.1561
5839.457	0.1564
5841.085	0.1556
5842.711	0.1555
5844.335	0.1583
5845.946	0.1585
5847.574	0.159
5849.156	0.1579
5850.782	0.1604
5852.394	0.1601
5854.031	0.1587
5855.657	0.1569
5857.317	0.1552
5858.953	0.1539
5860.566	0.154
5862.161	0.1555
5863.734	0.1553
5865.328	0.1574
5866.904	0.1577
5868.511	0.1595
5870.106	0.158
5871.696	0.1574
5873.31	0.1546
5874.937	0.1539
5876.517	0.1542
5878.146	0.1534
5879.72	0.1538
5881.294	0.1552
5882.901	0.1557
5884.496	0.1566
5886.085	0.1572
5887.695	0.158
5889.285	0.1591
5890.866	0.1592
5892.495	0.1588
5894.16	0.1598
5895.77	0.1592
5897.393	0.1592
5899.007	0.1575
5900.618	0.1585
5902.257	0.1553
5903.868	0.156
5905.514	0.1544
5907.136	0.1533
5908.761	0.1541
5910.425	0.1545
5912.05	0.154
5913.711	0.1559
5915.32	0.156
5916.963	0.155
5918.613	0.155
5920.238	0.1561
5921.877	0.1566
5923.494	0.1572
5925.116	0.1569
5926.742	0.1575
5928.402	0.1576
5930.008	0.157
5931.617	0.1569
5933.247	0.1566
5934.895	0.157
5936.551	0.1556
5938.212	0.1568
5939.875	0.1556
5941.445	0.1541
5943.056	0.1542
5944.681	0.1531
5946.285	0.1539
5947.885	0.1547
5949.458	0.1559
5951.087	0.1559
5952.68	0.1583
5954.315	0.158
5955.915	0.1596
5957.541	0.1613
5959.133	0.1608
5960.707	0.1604
5962.332	0.1593
5963.958	0.1593
5965.552	0.1577
5967.198	0.1562
5968.812	0.1558
5970.458	0.1555
5972.085	0.156
5973.711	0.1549
5975.339	0.1583
5976.966	0.1587
5978.594	0.1599
5980.27	0.1603
5981.855	0.1609
5983.489	0.1602
5985.132	0.1601
5986.777	0.1579
5988.404	0.1569
5989.994	0.156
5991.624	0.1559
5993.249	0.1566
5994.885	0.1561
5996.49	0.1592
5998.116	0.1607
5999.759	0.1604
6001.402	0.1623
6003.032	0.1627
6004.722	0.1604
6006.345	0.1591
6007.986	0.157
6009.647	0.1576
6011.286	0.1557
6012.897	0.1577
6014.537	0.1597
6016.147	0.1622
6017.787	0.1631
6019.452	0.1602
6021.092	0.1604
6022.705	0.1575
6024.305	0.1561
6025.943	0.1576
6027.546	0.1594
6029.16	0.16
6030.766	0.1614
6032.36	0.1598
6033.948	0.1571
6035.561	0.1577
6037.165	0.1619
6038.779	0.1616
6040.39	0.1609
6041.967	0.1613
6043.565	0.1599
6045.181	0.1577
6046.806	0.1555
6048.398	0.1572
6049.995	0.1595
6051.57	0.1613
6053.199	0.1625
6054.825	0.1611
6056.414	0.162
6058.025	0.1586
6059.616	0.1583
6061.242	0.1565
6062.856	0.157
6064.531	0.1569
6066.143	0.1588
6067.776	0.1601
6069.407	0.1629
6071.046	0.1615
6072.658	0.1612
6074.248	0.1592
6075.859	0.1593
6077.499	0.1582
6079.16	0.1571
6080.74	0.1589
6082.369	0.1588
6083.997	0.1606
6085.672	0.1617
6087.301	0.1622
6088.93	0.164
6090.593	0.1637
6092.225	0.1625
6093.81	0.1612
6095.449	0.1615
6097.06	0.1606
6098.685	0.1589
6100.308	0.1605
6101.949	0.1585
6103.574	0.1588
6105.133	0.1566
6106.707	0.1572
6108.285	0.158
6109.875	0.1588
6111.439	0.162
6113.068	0.162
6114.675	0.1627
6116.284	0.1643
6117.899	0.1627
6119.487	0.1621
6121.102	0.161
6122.681	0.1606
6124.292	0.1607
6125.887	0.1609
6127.516	0.1606
6129.133	0.1608
6130.771	0.1605
6132.396	0.1595
6134.003	0.1597
6135.616	0.1586
6137.253	0.1581
6138.9	0.1586
6140.476	0.1581
6142.1	0.158
6143.745	0.1571
6145.403	0.158
6147.031	0.1601
6148.671	0.16
6150.298	0.1597
6151.908	0.1624
6153.548	0.1627
6155.16	0.163
6156.8	0.1636
6158.416	0.1628
6160.042	0.1626
6161.67	0.1634
6163.313	0.163
6164.924	0.162
6166.55	0.1624
6168.189	0.1628
6169.826	0.1627
6171.428	0.163
6173.068	0.1629
6174.733	0.1619
6176.411	0.162
6178.055	0.1625
6179.703	0.164
6181.357	0.1621
6183.019	0.1645
6184.607	0.163
6186.198	0.1633
6187.798	0.1637
6189.427	0.1634
6191.052	0.1634
6192.664	0.163
6194.252	0.1647
6195.828	0.1637
6197.426	0.1633
6199.064	0.1633
6200.677	0.1633
6202.298	0.1623
6203.897	0.1637
6205.538	0.163
6207.164	0.1625
6208.774	0.1617
6210.369	0.1629
6211.958	0.1621
6213.57	0.1633
6215.208	0.1637
6216.873	0.1642
6218.483	0.1624
6220.131	0.164
6221.719	0.1629
6223.33	0.1615
6224.958	0.1603
6226.565	0.1586
6228.186	0.1588
6229.786	0.162
6231.411	0.1621
6233.056	0.164
6234.667	0.1643
6236.305	0.1657
6237.927	0.1633
6239.541	0.162
6241.168	0.1606
6242.795	0.1587
6244.447	0.1577
6246.066	0.1599
6247.714	0.1631
6249.404	0.1637
6250.996	0.165
6252.644	0.164
6254.257	0.1634
6255.875	0.1607
6257.507	0.1601
6259.111	0.1597
6260.757	0.1587
6262.361	0.1602
6263.988	0.1616
6265.566	0.162
6267.138	0.1639
6268.778	0.1644
6270.346	0.1628
6271.931	0.1628
6273.505	0.1633
6275.119	0.1627
6276.743	0.1609
6278.369	0.1616
6279.944	0.16
6281.533	0.1608
6283.16	0.1593
6284.721	0.1589
6286.349	0.1598
6287.989	0.1589
6289.634	0.1585
6291.277	0.1603
6292.907	0.163
6294.491	0.1629
6296.127	0.1634
6297.732	0.1639
6299.361	0.1663
6300.987	0.1646
6302.613	0.1638
6304.238	0.1641
6305.83	0.1628
6307.474	0.1634
6309.087	0.1615
6310.71	0.1607
6312.321	0.1612
6313.95	0.1604
6315.59	0.1596
6317.216	0.1597
6318.828	0.1596
6320.485	0.1584
6322.079	0.1583
6323.727	0.1604
6325.331	0.16
6326.942	0.1592
6328.516	0.1591
6330.174	0.1592
6331.8	0.1595
6333.437	0.158
6335.041	0.1595
6336.666	0.1589
6338.29	0.1604
6339.917	0.1596
6341.535	0.1624
6343.177	0.1616
6344.853	0.1616
6346.483	0.162
6348.111	0.1639
6349.72	0.1637
6351.28	0.1636
6352.842	0.1654
6354.434	0.1643
6356.068	0.163
6357.637	0.1626
6359.212	0.1601
6360.855	0.1591
6362.428	0.1591
6364.072	0.1579
6365.685	0.1594
6367.272	0.1598
6368.861	0.1615
6370.472	0.163
6372.067	0.1632
6373.671	0.1644
6375.248	0.1637
6376.87	0.1649
6378.494	0.1627
6380.103	0.163
6381.711	0.1617
6383.322	0.1604
6384.91	0.158
6386.521	0.1594
6388.158	0.1589
6389.787	0.1617
6391.412	0.1611
6393.022	0.1606
6394.663	0.1621
6396.298	0.1623
6397.92	0.1635
6399.566	0.1657
6401.208	0.1658
6402.839	0.1647
6404.47	0.1637
6406.136	0.1642
6407.79	0.1621
6409.437	0.1612
6411.082	0.1613
6412.72	0.1583
6414.334	0.1596
6415.962	0.1599
6417.588	0.1593
6419.211	0.1599
6420.838	0.1596
6422.496	0.1599
6424.138	0.161
6425.796	0.1601
6427.402	0.1614
6428.988	0.162
6430.591	0.164
6432.197	0.1644
6433.791	0.1651
6435.42	0.1641
6437.025	0.1621
6438.654	0.1614
6440.262	0.1598
6441.887	0.1584
6443.448	0.1602
6445.022	0.1597
6446.598	0.1581
6448.221	0.1596
6449.818	0.1606
6451.421	0.1619
6453.01	0.1628
6454.571	0.1652
6456.168	0.1653
6457.772	0.164
6459.411	0.1619
6461.056	0.16
6462.686	0.1587
6464.279	0.1584
6465.901	0.1603
6467.541	0.1594
6469.153	0.16
6470.78	0.1599
6472.41	0.1609
6474.037	0.1598
6475.662	0.1612
6477.301	0.1605
6478.931	0.1601
6480.543	0.1619
6482.183	0.1619
6483.818	0.162
6485.42	0.1627
6487.063	0.1627
6488.725	0.1629
6490.337	0.1631
6491.984	0.1645
6493.623	0.1637
6495.268	0.1636
6496.861	0.1648
6498.501	0.1643
6500.146	0.164
6501.792	0.1633
6503.417	0.1635
6505.043	0.1644
6506.682	0.1626
6508.292	0.1633
6509.868	0.1624
6511.476	0.1631
6513.066	0.1633
6514.626	0.1635
6516.223	0.1644
6517.799	0.1633
6519.406	0.1638
6520.978	0.1654
6522.598	0.1644
6524.203	0.1648
6525.791	0.1658
6527.386	0.1638
6528.984	0.1644
6530.609	0.164
6532.258	0.1632
6533.877	0.1629
6535.488	0.1619
6537.113	0.161
6538.751	0.1619
6540.364	0.1608
6541.977	0.1616
6543.569	0.161
6545.192	0.1614
6546.789	0.1619
6548.391	0.1638
6550.039	0.1624
6551.677	0.1631
6553.32	0.1634
6554.96	0.1633
6556.556	0.1628
6558.186	0.1633
6559.788	0.1643
6561.399	0.1642
6562.999	0.1637
6564.614	0.165
6566.223	0.165
6567.853	0.1647
6569.431	0.1651
6571.072	0.164
6572.709	0.1639
6574.364	0.1646
6576.027	0.1648
6577.664	0.1642
6579.257	0.1646
6580.906	0.165
6582.545	0.1659
6584.151	0.165
6585.81	0.1625
6587.456	0.1637
6589.049	0.1626
6590.678	0.1628
6592.266	0.163
6593.84	0.1619
6595.451	0.1621
6597.052	0.1619
6598.656	0.1617
6600.231	0.163
6601.86	0.1621
6603.439	0.1625
6605.007	0.1618
6606.617	0.1622
6608.222	0.1614
6609.833	0.1611
6611.429	0.1613
6613.031	0.1614
6614.62	0.1598
6616.232	0.1602
6617.821	0.1599
6619.449	0.1606
6621.013	0.1593
6622.652	0.1585
6624.263	0.1595
6625.887	0.1584
6627.479	0.1584
6629.103	0.1582
6630.728	0.1579
6632.339	0.16
6633.967	0.1587
6635.607	0.1591
6637.232	0.1597
6638.857	0.1613
6640.471	0.1632
6642.119	0.1641
6643.776	0.1628
6645.384	0.162
6646.978	0.1597
6648.587	0.1588
6650.235	0.1589
6651.859	0.1586
6653.499	0.161
6655.124	0.1605
6656.785	0.1612
6658.466	0.1626
6660.144	0.1637
6661.784	0.1644
6663.42	0.1641
6665.021	0.1639
6666.67	0.1638
6668.273	0.1635
6669.862	0.1626
6671.422	0.1621
6673.02	0.1604
6674.624	0.1611
6676.216	0.1598
6677.827	0.1575
6679.455	0.1572
6681.019	0.1584
6682.61	0.1585
6684.195	0.1576
6685.837	0.1597
6687.485	0.16
6689.062	0.1604
6690.651	0.1632
6692.247	0.1637
6693.853	0.1631
6695.464	0.1646
6697.059	0.1635
6698.662	0.1652
6700.26	0.1631
6701.86	0.1637
6703.491	0.1633
6705.116	0.1623
6706.744	0.1634
6708.383	0.1604
6709.994	0.162
6711.62	0.1608
6713.244	0.1609
6714.831	0.16
6716.445	0.1592
6718.07	0.1588
6719.72	0.1575
6721.325	0.1588
6722.951	0.1595
6724.591	0.1586
6726.237	0.1597
6727.868	0.1619
6729.48	0.1611
6731.103	0.1606
6732.767	0.1605
6734.374	0.1602
6736.003	0.1595
6737.597	0.1588
6739.22	0.1592
6740.87	0.1592
6742.49	0.1589
6744.138	0.1598
6745.78	0.1614
6747.405	0.1627
6749.03	0.1637
6750.605	0.1638
6752.21	0.1646
6753.823	0.1638
6755.434	0.1611
6757.031	0.1604
6758.65	0.1609
6760.241	0.1585
6761.834	0.1592
6763.431	0.1584
6765.034	0.1587
6766.658	0.1588
6768.288	0.1584
6769.898	0.1596
6771.503	0.16
6773.148	0.1614
6774.771	0.1628
6776.371	0.1622
6777.997	0.163
6779.606	0.1635
6781.254	0.1648
6782.878	0.1646
6784.488	0.1635
6786.131	0.1618
6787.74	0.1603
6789.334	0.1601
6790.949	0.1596
6792.604	0.1575
6794.214	0.1587
6795.843	0.1579
6797.484	0.1578
6799.095	0.1586
6800.741	0.1591
6802.343	0.1601
6803.984	0.1599
6805.615	0.1615
6807.223	0.1622
6808.865	0.1626
6810.526	0.1635
6812.138	0.1633
6813.784	0.1634
6815.411	0.163
6817.033	0.1627
6818.661	0.1618
6820.252	0.1615
6821.863	0.1616
6823.503	0.1603
6825.149	0.1589
6826.796	0.1589
6828.458	0.1585
6830.115	0.1588
6831.724	0.1588
6833.314	0.1585
6834.876	0.1585
6836.488	0.1575
6838.082	0.1581
6839.67	0.1593
6841.285	0.1601
6842.911	0.1598
6844.518	0.1618
6846.111	0.1622
6847.685	0.1626
6849.314	0.1641
6850.893	0.1646
6852.491	0.1638
6854.074	0.1645
6855.718	0.163
6857.347	0.1628
6858.953	0.1645
6860.572	0.1622
6862.175	0.1615
6863.803	0.1612
6865.381	0.1604
6867.006	0.16
6868.612	0.1596
6870.256	0.1601
6871.835	0.1595
6873.432	0.158
6875.043	0.1589
6876.691	0.1588
6878.293	0.158
6879.92	0.1575
6881.544	0.1589
6883.185	0.1582
6884.793	0.1586
6886.435	0.158
6888.071	0.1575
6889.709	0.1581
6891.357	0.1576
6892.969	0.1589
6894.631	0.1594
6896.236	0.1606
6897.862	0.1605
6899.486	0.1617
6901.112	0.1632
6902.741	0.1641
6904.341	0.1642
6905.961	0.1625
6907.578	0.1638
6909.204	0.1629
6910.865	0.1623
6912.462	0.1607
6914.064	0.1605
6915.655	0.1603
6917.265	0.1595
6918.842	0.1602
6920.416	0.1589
6922.04	0.1578
6923.669	0.1572
6925.297	0.1565
6926.886	0.1578
6928.529	0.1588
6930.135	0.1582
6931.797	0.1558
6933.374	0.1586
6934.948	0.1571
6936.552	0.1578
6938.165	0.1581
6939.778	0.1591
6941.406	0.1589
6943.017	0.158
6944.591	0.1578
6946.183	0.1575
6947.773	0.1574
6949.384	0.1578
6951.01	0.1573
6952.601	0.1569
6954.25	0.1572
6955.869	0.157
6957.473	0.1577
6959.112	0.158
6960.716	0.1591
6962.342	0.1578
6964.017	0.1567
6965.657	0.1586
6967.318	0.1583
6968.946	0.1583
6970.588	0.1586
6972.222	0.157
6973.876	0.1579
6975.505	0.1582
6977.132	0.1574
6978.79	0.1586
6980.43	0.1585
6982.056	0.1585
6983.682	0.1584
6985.32	0.1587
6986.945	0.1572
6988.555	0.1588
6990.182	0.1578
6991.812	0.1577
6993.42	0.1576
6995.031	0.156
6996.643	0.1579
6998.218	0.1586
6999.847	0.1585
7001.44	0.1585
7003.073	0.1589
7004.709	0.16
7006.302	0.1596
7007.926	0.1608
7009.502	0.1614
7011.124	0.1603
7012.715	0.1618
7014.359	0.1625
7015.951	0.1618
7017.526	0.163
7019.122	0.163
7020.74	0.1626
7022.354	0.1638
7023.943	0.1623
7025.505	0.163
7027.128	0.1629
7028.782	0.1618
7030.42	0.1621
7032.04	0.1608
7033.635	0.1614
7035.283	0.161
7036.94	0.1604
7038.563	0.1608
7040.204	0.16
7041.815	0.1604
7043.462	0.1593
7045.067	0.1595
7046.658	0.1589
7048.3	0.1576
7049.931	0.1565
7051.536	0.1577
7053.147	0.1571
7054.786	0.1573
7056.402	0.1572
7058.041	0.1575
7059.703	0.1576
7061.342	0.1578
7062.99	0.1573
7064.644	0.1565
7066.262	0.1577
7067.882	0.1578
7069.513	0.1574
7071.136	0.1576
7072.762	0.1576
7074.353	0.1566
7075.963	0.1564
7077.543	0.1572
7079.133	0.1568
7080.737	0.1576
7082.326	0.1563
7083.937	0.1564
7085.542	0.1567
7087.135	0.1573
7088.733	0.1561
7090.339	0.1564
7091.968	0.1584
7093.562	0.158
7095.174	0.1571
7096.78	0.1576
7098.375	0.1577
7099.974	0.1581
7101.556	0.1569
7103.164	0.1569
7104.775	0.1579
7106.373	0.1578
7107.975	0.1583
7109.623	0.1578
7111.225	0.1572
7112.865	0.1555
7114.466	0.1573
7116.104	0.1578
7117.744	0.1573
7119.408	0.1558
7121.035	0.1565
7122.663	0.1566
7124.251	0.1565
7125.883	0.1579
7127.506	0.1571
7129.151	0.1568
7130.799	0.1562
7132.407	0.1581
7134.054	0.1566
7135.683	0.1565
7137.29	0.1576
7138.933	0.1572
7140.563	0.1557
7142.189	0.1565
7143.818	0.1571
7145.481	0.1565
7147.123	0.1567
7148.799	0.1557
7150.44	0.1581
7152.051	0.157
7153.696	0.157
7155.306	0.157
7156.896	0.1557
7158.507	0.1557
7160.137	0.1572
7161.726	0.1556
7163.313	0.1563
7164.916	0.1568
7166.504	0.1573
7168.102	0.1567
7169.696	0.1576
7171.325	0.1565
7172.931	0.1569
7174.527	0.1581
7176.124	0.1571
7177.761	0.1558
7179.366	0.1558
7180.962	0.1562
7182.564	0.1575
7184.144	0.1585
7185.764	0.1581
7187.367	0.1586
7188.976	0.1583
7190.587	0.1603
7192.226	0.1608
7193.87	0.1609
7195.514	0.1622
7197.144	0.1624
7198.764	0.1626
7200.392	0.162
7202.017	0.1624
7203.61	0.1618
7205.274	0.1612
7206.95	0.1612
7208.59	0.1609
7210.216	0.1605
7211.828	0.1602
7213.441	0.1592
7215.054	0.1596
7216.663	0.159
7218.239	0.159
7219.866	0.1587
7221.504	0.1576
7223.169	0.157
7224.849	0.157
7226.474	0.1569
7228.131	0.1574
7229.789	0.156
7231.449	0.1573
7233.112	0.1585
7234.754	0.1591
7236.328	0.1603
7237.924	0.1611
7239.542	0.1626
7241.157	0.1628
7242.786	0.1625
7244.4	0.1613
7246.039	0.161
7247.627	0.1611
7249.241	0.1584
7250.824	0.159
7252.403	0.1578
7254.014	0.1567
7255.664	0.1566
7257.267	0.1561
7258.855	0.1568
7260.47	0.1568
7262.063	0.1581
7263.67	0.1592
7265.263	0.1603
7266.912	0.1604
7268.525	0.1618
7270.129	0.1631
7271.717	0.1626
7273.326	0.1623
7274.952	0.1622
7276.582	0.1603
7278.192	0.1602
7279.798	0.1603
7281.409	0.1601
7283.036	0.1589
7284.712	0.1583
7286.322	0.1576
7287.942	0.1562
7289.572	0.1561
7291.21	0.1576
7292.837	0.156
7294.464	0.1571
7296.109	0.1567
7297.737	0.1582
7299.366	0.1575
7300.991	0.1591
7302.624	0.1587
7304.278	0.1614
7305.918	0.1607
7307.527	0.1618
7309.192	0.1614
7310.882	0.1619
7312.542	0.1627
7314.205	0.162
7315.858	0.1626
7317.497	0.1614
7319.112	0.1613
7320.74	0.1603
7322.365	0.1613
7323.939	0.1608
7325.567	0.1611
7327.172	0.1601
7328.768	0.1608
7330.357	0.1607
7331.968	0.1609
7333.556	0.1614
7335.202	0.162
7336.806	0.1623
7338.368	0.1624
7339.965	0.1619
7341.583	0.1621
7343.194	0.162
7344.771	0.1618
7346.399	0.1604
7348.011	0.162
7349.625	0.1603
7351.23	0.1616
7352.842	0.1601
7354.465	0.1614
7356.078	0.1611
7357.689	0.1624
7359.319	0.1608
7360.959	0.1609
7362.584	0.1619
7364.195	0.1614
7365.769	0.1622
7367.377	0.1623
7368.994	0.16
7370.597	0.1592
7372.213	0.1569
7373.853	0.1553
7375.513	0.1562
7377.138	0.1578
7378.731	0.1607
7380.357	0.1609
7381.983	0.1619
7383.608	0.1613
7385.214	0.1624
7386.862	0.1589
7388.487	0.1596
7390.135	0.1575
7391.788	0.1569
7393.429	0.1551
7395.073	0.1582
7396.697	0.1594
7398.341	0.1607
7399.951	0.1618
7401.559	0.1603
7403.134	0.1596
7404.715	0.1585
7406.319	0.1569
7407.908	0.1554
7409.503	0.1555
7411.11	0.157
7412.735	0.1599
7414.346	0.1616
7415.918	0.1616
7417.524	0.1611
7419.153	0.1593
7420.759	0.1571
7422.403	0.1564
7423.996	0.1558
7425.569	0.1579
7427.145	0.1598
7428.719	0.1615
7430.315	0.1605
7431.9	0.1592
7433.548	0.1569
7435.175	0.1551
7436.8	0.1578
7438.413	0.1602
7440.017	0.162
7441.663	0.1616
7443.276	0.1585
7444.932	0.1567
7446.593	0.1561
7448.182	0.1567
7449.808	0.1593
7451.447	0.1613
7453.074	0.1611
7454.724	0.1596
7456.275	0.1568
7457.908	0.1549
7459.555	0.1568
7461.15	0.1596
7462.779	0.1618
7464.418	0.16
7466.028	0.1609
7467.658	0.1573
7469.299	0.1566
7470.945	0.1553
7472.587	0.1574
7474.217	0.1595
7475.857	0.1606
7477.503	0.1604
7479.115	0.1579
7480.718	0.1549
7482.309	0.1554
7483.903	0.1572
7485.511	0.1597
7487.122	0.1601
7488.749	0.1602
7490.377	0.1595
7491.933	0.1556
7493.528	0.1555
7495.138	0.1563
7496.756	0.158
7498.386	0.1593
7500.023	0.1605
7501.627	0.1603
7503.237	0.1589
7504.834	0.1575
7506.484	0.1556
7508.121	0.1547
7509.746	0.1591
7511.355	0.1592
7512.997	0.1606
7514.626	0.1596
7516.301	0.157
7517.93	0.1564
7519.556	0.1548
7521.194	0.1576
7522.806	0.1594
7524.43	0.1624
7526.068	0.1595
7527.681	0.1588
7529.308	0.1575
7530.931	0.1556
7532.559	0.1551
7534.188	0.1577
7535.818	0.1595
7537.46	0.1611
7539.096	0.1622
7540.747	0.1604
7542.386	0.1583
7544.011	0.157
7545.673	0.1555
7547.298	0.1554
7548.878	0.1558
7550.506	0.1584
7552.13	0.1602
7553.756	0.1609
7555.38	0.161
7557.02	0.1597
7558.631	0.159
7560.205	0.1572
7561.834	0.155
7563.409	0.1547
7565.04	0.1552
7566.657	0.1576
7568.256	0.1586
7569.865	0.1604
7571.441	0.1605
7573.037	0.1583
7574.644	0.1566
7576.273	0.1555
7577.849	0.1558
7579.479	0.1554
7581.094	0.1555
7582.679	0.1582
7584.277	0.1603
7585.88	0.1609
7587.477	0.1597
8081.671	0.1647
8083.278	0.1667
8084.91	0.1683
8086.544	0.1681
8088.121	0.1689
8089.75	0.1687
8091.374	0.1696
8093.021	0.1704
8094.622	0.1701
8096.262	0.1706
8097.872	0.1712
8099.488	0.1709
8101.89	0.1706
8104.412	0.1695
8106.769	0.1699
8108.721	0.1706
8110.291	0.1692
8111.902	0.1712
8113.49	0.1711
8115.053	0.1718
8116.654	0.1707
8118.26	0.17
8119.835	0.1702
8121.43	0.1691
8123.037	0.1686
8124.611	0.1691
8126.199	0.1686
8127.824	0.1666
8129.435	0.1676
8130.99	0.1673
8132.603	0.1649
8134.229	0.1656
8135.854	0.1663
8137.466	0.1674
8139.054	0.1681
8140.615	0.1718
8142.245	0.1726
8143.858	0.1722
8145.503	0.1726
8147.077	0.172
8148.705	0.1705
8150.329	0.1691
8151.953	0.1698
8153.583	0.1694
8155.222	0.167
8156.848	0.1665
8158.512	0.166
8160.16	0.166
8161.767	0.1673
8163.378	0.1711
8164.971	0.1714
8166.621	0.1707
8168.259	0.1711
8169.913	0.1698
8171.579	0.1676
8173.204	0.1676
8174.843	0.1656
8176.455	0.1663
8178.102	0.1666
8179.76	0.1692
8181.385	0.1717
8183.013	0.1731
8184.688	0.1712
8186.313	0.1706
8187.941	0.169
8189.585	0.1677
8191.195	0.1672
8192.804	0.1659
8194.402	0.1648
8195.975	0.1682
8197.549	0.1684
8199.125	0.1714
8200.713	0.1716
8202.325	0.171
8203.902	0.171
8205.488	0.1693
8207.121	0.1674
8208.743	0.1669
8210.354	0.1664
8211.944	0.1653
8213.506	0.1673
8215.081	0.1672
8216.709	0.1678
8218.333	0.1699
8219.922	0.1712
8221.534	0.1719
8223.123	0.1718
8224.737	0.1706
8226.366	0.1694
8227.962	0.1676
8229.566	0.1678
8231.154	0.1669
8232.765	0.1681
8234.37	0.1668
8236.017	0.1695
8237.648	0.1724
8239.259	0.172
8240.903	0.1718
8242.531	0.1711
8244.161	0.1704
8245.801	0.1691
8247.411	0.1671
8249.04	0.166
8250.672	0.1658
8252.294	0.1686
8253.934	0.1688
8255.545	0.1711
8257.17	0.1728
8258.795	0.1724
8260.442	0.1702
8262.044	0.1704
8263.724	0.1693
8265.384	0.1685
8267.032	0.1669
8268.642	0.1676
8270.287	0.1652
8271.866	0.1664
8273.491	0.1661
8275.066	0.1668
8276.641	0.166
8278.215	0.169
8279.812	0.1689
8281.412	0.1706
8283.039	0.1715
8284.668	0.1712
8286.297	0.172
8287.892	0.1726
8289.522	0.1703
8291.122	0.172
8292.729	0.1717
8294.359	0.1705
8296.002	0.1705
8297.576	0.1706
8299.165	0.17
8300.76	0.17
8302.366	0.1695
8303.981	0.1689
8305.562	0.1701
8307.169	0.1693
8308.812	0.169
8310.436	0.1695
8312.033	0.1702
8313.64	0.1705
8315.25	0.1704
8316.855	0.17
8318.468	0.1699
8320.08	0.1702
8321.686	0.1713
8323.297	0.1726
8324.922	0.1717
8326.555	0.1719
8328.163	0.1717
8329.832	0.1712
8331.47	0.1716
8333.1	0.1723
8334.77	0.1723
8336.418	0.1719
8338.056	0.1723
8339.692	0.1709
8341.347	0.173
8343.01	0.1717
8344.646	0.1718
8346.287	0.1709
8347.947	0.1709
8349.627	0.1709
8351.267	0.1707
8352.882	0.1696
8354.462	0.1703
8356.043	0.168
8357.605	0.1691
8359.22	0.1675
8360.822	0.1678
8362.433	0.1682
8364.032	0.1665
8365.615	0.1678
8367.26	0.1677
8368.869	0.1663
8370.463	0.1653
8372.088	0.1661
8373.665	0.1663
8375.294	0.1665
8376.904	0.1675
8378.497	0.1687
8380.086	0.1681
8381.712	0.1682
8383.328	0.168
8384.932	0.1695
8386.543	0.1692
8388.191	0.1683
8389.803	0.169
8391.433	0.1691
8393.039	0.1687
8394.65	0.1677
8396.246	0.1678
8397.886	0.1686
8399.511	0.1673
8401.136	0.1679
8402.78	0.1683
8404.426	0.1682
8406.073	0.1671
8407.695	0.1671
8409.306	0.1676
8410.933	0.1674
8412.562	0.1669
8414.187	0.1678
8415.827	0.1676
8417.415	0.1688
8419.05	0.1683
8420.713	0.1685
8422.334	0.168
8423.958	0.1689
8425.601	0.1693
8427.232	0.1692
8428.875	0.1704
8430.515	0.1709
8432.18	0.172
8433.804	0.1715
8435.429	0.1702
8437.003	0.1721
8438.592	0.1725
8440.206	0.1716
8441.834	0.1718
8443.406	0.1709
8444.996	0.1701
8446.557	0.1716
8448.146	0.1726
8449.757	0.172
8451.345	0.1713
8452.956	0.1721
8454.585	0.171
8456.211	0.1711
8457.839	0.1712
8459.423	0.1713
8461.037	0.1723
8462.626	0.1715
8464.29	0.1707
8465.9	0.1724
8467.521	0.1717
8469.15	0.1716
8470.793	0.1719
8472.367	0.172
8473.956	0.1719
8475.567	0.1717
8477.191	0.1706
8478.782	0.1719
8480.374	0.171
8481.981	0.1706
8483.614	0.1707
8485.216	0.1714
8486.856	0.1696
8488.521	0.1705
8490.154	0.1702
8491.774	0.171
8493.403	0.1699
8494.984	0.1717
8496.608	0.1712
8498.253	0.171
8499.871	0.1722
8501.537	0.1717
8503.184	0.1719
8504.79	0.1713
8506.414	0.1718
8508.054	0.1717
8509.682	0.1717
8511.307	0.1718
8512.919	0.1727
8514.513	0.1713
8516.101	0.1719
8517.695	0.1705
8519.283	0.169
8520.864	0.169
8522.472	0.1668
8524.082	0.1659
8525.694	0.1655
8527.274	0.1655
8528.876	0.1672
8530.508	0.1669
8532.099	0.1687
8533.761	0.1677
8535.336	0.169
8536.934	0.1703
8538.538	0.1707
8540.166	0.1719
8541.771	0.171
8543.366	0.1714
8544.995	0.1703
8546.57	0.1693
8548.181	0.1674
8549.772	0.1672
8551.348	0.1666
8552.987	0.1662
8554.598	0.1677
8556.227	0.167
8557.866	0.1677
8559.477	0.1686
8561.116	0.1691
8562.742	0.1708
8564.365	0.1715
8565.977	0.1722
8567.604	0.1713
8569.23	0.1712
8570.892	0.1726
8572.536	0.1695
8574.202	0.17
8575.864	0.1699
8577.519	0.1684
8579.144	0.1683
8580.768	0.1671
8582.408	0.1666
8584.037	0.1679
8585.703	0.1658
8587.328	0.1669
8588.974	0.1655
8590.577	0.1666
8592.204	0.1665
8593.843	0.1676
8595.452	0.1666
8597.035	0.1655
8598.608	0.1661
8600.204	0.1651
8601.807	0.1666
8603.438	0.1654
8605.027	0.1651
8606.589	0.1667
8608.166	0.1661
8609.792	0.1665
8611.381	0.1666
8612.994	0.1665
8614.62	0.1678
8616.226	0.1683
8617.845	0.1673
8619.448	0.1698
8621.062	0.1694
8622.701	0.169
8624.289	0.1701
8625.918	0.1703
8627.554	0.1708
8629.157	0.1724
8630.804	0.1717
8632.407	0.1714
8634.004	0.1721
8635.634	0.1711
8637.289	0.1717
8638.914	0.172
8640.564	0.1706
8642.185	0.1715
8643.793	0.17
8645.423	0.169
8647.033	0.1676
8648.639	0.1688
8650.267	0.1669
8651.931	0.1664
8653.559	0.1657
8655.188	0.1683
8656.835	0.1669
8658.445	0.1681
8660.12	0.1697
8661.765	0.1717
8663.424	0.1709
8665.1	0.1719
8666.727	0.172
8668.367	0.1706
8669.994	0.1695
8671.656	0.1676
8673.284	0.1657
8674.963	0.1662
8676.592	0.1656
8678.169	0.1679
8679.745	0.1691
8681.371	0.1702
8682.945	0.1702
8684.552	0.1701
8686.125	0.1718
8687.72	0.1709
8689.324	0.1697
8690.923	0.1685
8692.533	0.1687
8694.139	0.1674
8695.748	0.1674
8697.339	0.1663
8698.899	0.167
8700.486	0.1672
8702.132	0.1704
8703.745	0.1704
8705.364	0.1712
8707.013	0.1712
8708.635	0.1721
8710.228	0.1725
8711.868	0.1714
8713.484	0.1707
8715.111	0.1701
8716.688	0.1698
8718.265	0.1692
8719.915	0.1673
8721.519	0.1679
8723.108	0.1664
8724.773	0.1664
8726.397	0.1669
8727.99	0.1671
8729.651	0.1675
8731.285	0.1688
8732.905	0.1697
8734.516	0.1711
8736.175	0.1707
8737.781	0.1726
8739.409	0.1728
8741.037	0.1726
8742.685	0.1719
8744.341	0.1705
8746.003	0.1692
8747.665	0.1667
8749.318	0.1652
8750.957	0.166
8752.585	0.1669
8754.197	0.1683
8755.838	0.1689
8757.449	0.1695
8759.077	0.1712
8760.703	0.1714
8762.291	0.1708
8763.885	0.1707
8765.505	0.1675
8767.143	0.1665
8768.782	0.1659
8770.409	0.1677
8772.037	0.1692
8773.662	0.1707
8775.236	0.1707
8776.825	0.1721
8778.396	0.1698
8780.035	0.1667
8781.639	0.1663
8783.226	0.1686
8784.796	0.1705
8786.429	0.1704
8788.057	0.1712
8789.674	0.1717
8791.299	0.172
8792.926	0.1722
8794.535	0.1716
8796.103	0.1712
8797.698	0.1702
8799.338	0.1692
8800.983	0.1695
8802.609	0.1692
8804.226	0.1672
8805.848	0.1672
8807.494	0.1674
8809.139	0.1682
8810.766	0.1668
8812.373	0.1676
8813.966	0.1661
8815.596	0.166
8817.219	0.1661
8818.844	0.1662
8820.449	0.1674
8822.057	0.1664
8823.668	0.1676
8825.296	0.1667
8826.919	0.1678
8828.595	0.168
8830.22	0.1675
8831.858	0.1672
8833.504	0.1683
8835.15	0.1681
8836.756	0.1681
8838.367	0.167
8839.981	0.167
8841.57	0.167
8843.112	0.1685
8844.72	0.1687
8846.336	0.1683
8847.944	0.169
8849.54	0.1701
8851.126	0.17
8852.697	0.1684
8854.285	0.17
8855.866	0.1695
8857.475	0.1694
8859.031	0.1707
8860.639	0.1689
8862.25	0.1692
8863.838	0.1686
8865.427	0.1683
8867.028	0.1691
8868.658	0.1684
8870.236	0.1667
8871.861	0.1684
8873.489	0.1677
8875.116	0.1662
8876.74	0.167
8878.365	0.1665
8879.993	0.1661
8881.568	0.1666
8883.216	0.1665
8884.821	0.1663
8886.409	0.1669
8888.023	0.1655
8889.647	0.1679
8891.287	0.1685
8892.899	0.1694
8894.539	0.1708
8896.154	0.1702
8897.807	0.1699
8899.459	0.1705
8901.085	0.171
8902.71	0.1727
8904.301	0.1718
8905.911	0.1726
8907.556	0.1715
8909.212	0.1704
8910.875	0.1718
8912.494	0.1701
8914.088	0.1702
8915.737	0.1706
8917.339	0.1698
8918.929	0.1696
8920.543	0.1679
8922.154	0.1691
8923.758	0.1679
8925.336	0.1686
8926.948	0.1688
8928.527	0.1689
8930.097	0.1686
8931.704	0.1703
8933.31	0.1689
8934.921	0.1683
8936.497	0.1683
8938.103	0.1685
8939.729	0.1675
8941.327	0.1674
8942.899	0.1664
8944.488	0.1668
8946.086	0.1671
8947.697	0.167
8949.3	0.1672
8950.947	0.1669
8952.553	0.167
8954.184	0.1663
8955.809	0.167
8957.437	0.1666
8959.062	0.1656
8960.691	0.1667
8962.315	0.1682
8963.921	0.1699
8965.53	0.1711
8967.144	0.1706
8968.769	0.1711
8970.361	0.169
8971.997	0.1678
8973.619	0.1658
8975.216	0.165
8976.823	0.1671
8978.449	0.1691
8980.06	0.1711
8981.685	0.1721
8983.31	0.1722
8984.958	0.1707
8986.562	0.169
8988.189	0.1677
8989.837	0.1661
8991.467	0.1653
8993.1	0.1657
8994.767	0.1662
8996.398	0.1666
8998.049	0.1676
8999.673	0.1675
9001.285	0.1682
9002.873	0.1703
9004.453	0.1697
9006.022	0.1716
9007.611	0.17
9009.172	0.1709
9010.8	0.1701
9012.405	0.1684
9014.035	0.1689
9015.64	0.1681
9017.217	0.1673
9018.833	0.1668
9020.422	0.166
9022.047	0.1648
9023.672	0.1651
9025.284	0.1671
9026.895	0.1668
9028.516	0.1677
9030.145	0.1706
9031.764	0.1714
9033.358	0.1722
9034.965	0.1722
9036.608	0.1706
9038.236	0.1701
9039.809	0.1691
9041.437	0.1684
9043.062	0.1675
9044.691	0.1668
9046.338	0.1659
9047.96	0.1659
9049.57	0.1666
9051.199	0.1683
9052.828	0.1678
9054.448	0.1715
9056.089	0.1709
9057.698	0.1724
9059.342	0.1712
9060.951	0.1717
9062.584	0.1696
9064.212	0.169
9065.836	0.1667
9067.46	0.1671
9069.088	0.1647
9070.727	0.1667
9072.375	0.1683
9074.063	0.1692
9075.691	0.1709
9077.331	0.1713
9078.942	0.1718
9080.53	0.1689
9082.144	0.1682
9083.751	0.1667
9085.368	0.1662
9086.97	0.1657
9088.568	0.1661
9090.171	0.1673
9091.748	0.1686
9093.355	0.1699
9094.962	0.172
9096.574	0.1706
9098.198	0.1697
9099.774	0.1688
9101.377	0.1679
9102.974	0.1671
9104.6	0.1664
9106.178	0.1656
9107.75	0.166
9109.398	0.1683
9111.001	0.1695
9112.649	0.1697
9114.258	0.1718
9115.89	0.171
9117.536	0.17
9119.14	0.1692
9120.759	0.1667
9122.434	0.1647
9124.01	0.1682
9125.652	0.1715
9127.289	0.1707
9128.874	0.1695
9130.522	0.1684
9132.119	0.1671
9133.72	0.1666
9135.331	0.166
9136.923	0.1666
9138.554	0.1669
9140.138	0.1683
9141.763	0.1697
9143.408	0.1705
9145.044	0.1713
9146.692	0.1719
9148.305	0.1695
9149.929	0.1688
9151.598	0.1678
9153.251	0.1674
9154.891	0.1655
9156.556	0.1649
9158.184	0.1666
9159.798	0.1678
9161.392	0.1694
9162.972	0.17
9164.561	0.1707
9166.172	0.1701
9167.761	0.1684
9169.373	0.1682
9170.959	0.1673
9172.504	0.1658
9174.097	0.1661
9175.687	0.1649
9177.264	0.1652
9178.925	0.1656
9180.554	0.1656
9182.129	0.167
9183.757	0.1687
9185.38	0.1693
9186.956	0.1709
9188.582	0.171
9190.173	0.1711
9191.789	0.1711
9193.41	0.1711
9195.004	0.1707
9196.619	0.1705
9198.189	0.1688
9199.838	0.1666
9201.476	0.1648
9203.078	0.1686
9204.726	0.1709
9206.38	0.1708
9207.972	0.1706
9209.589	0.1676
9211.192	0.1664
9212.8	0.1656
9214.444	0.1681
9216.071	0.1706
9217.697	0.172
9219.339	0.1714
9220.986	0.1689
9222.579	0.1687
9224.236	0.1667
9225.876	0.166
9227.504	0.1682
9229.143	0.17
9230.805	0.1721
9232.433	0.172
9234.087	0.1692
9235.716	0.1676
9237.359	0.1656
9238.989	0.166
9240.639	0.169
9242.226	0.1709
9243.837	0.1695
9245.412	0.1685
9246.973	0.1676
9248.562	0.1649
9250.173	0.1666
9251.763	0.1679
9253.356	0.1703
9255.003	0.1707
9256.595	0.1684
9258.209	0.1668
9259.783	0.1649
9261.372	0.1664
9262.983	0.1681
9264.547	0.1699
9266.185	0.1702
9267.812	0.1693
9269.41	0.1682
9271.009	0.1658
9272.639	0.1651
9274.262	0.1666
9275.86	0.1693
9277.454	0.1715
9279.101	0.1707
9280.712	0.169
9282.341	0.1673
9283.967	0.1659
9285.627	0.166
9287.251	0.1673
9288.895	0.1677
9290.524	0.1707
9292.15	0.1709
9293.777	0.17
9295.403	0.1699
9297.033	0.1679
9298.66	0.1671
9300.303	0.1661
9301.929	0.1649
9303.591	0.1688
9305.215	0.1689
9306.809	0.1698
9308.434	0.1712
9310.095	0.1704
9311.735	0.1717
9313.377	0.1713
9315.007	0.1705
9316.633	0.1731
9318.281	0.1715
9319.923	0.1715
9321.534	0.1707
9323.107	0.1693
9324.717	0.1703
9326.323	0.1687
9327.884	0.1692
9329.474	0.1691
9331.068	0.1697
9332.66	0.1711
9334.287	0.1714
9335.862	0.1701
9337.488	0.1713
9339.116	0.1697
9340.74	0.1718
9342.329	0.1711
9343.954	0.1708
9345.579	0.1705
9347.19	0.1701
9348.779	0.1685
9350.427	0.1679
9352.066	0.1658
9353.656	0.1653
9355.272	0.165
9356.859	0.1661
9358.49	0.1652
9360.138	0.1657
9361.777	0.1679
9363.353	0.1695
9364.93	0.1698
9366.553	0.1708
9368.192	0.1705
9369.802	0.1707
9371.395	0.1723
9373.056	0.1709
9374.682	0.1697
9376.308	0.1675
9377.934	0.1668
9379.581	0.1656
9381.218	0.1658
9382.846	0.166
9384.454	0.1676
9386.064	0.1697
9387.704	0.1694
9389.333	0.1697
9390.979	0.1701
9392.623	0.1721
9394.25	0.1706
9395.836	0.1703
9397.461	0.1687
9399.122	0.1657
9400.762	0.1657
9402.39	0.1664
9403.984	0.1684
9405.595	0.1694
9407.154	0.1705
9408.78	0.1713
9410.381	0.1695
9411.982	0.1673
9413.606	0.1645
9415.236	0.1653
9416.81	0.1672
9418.428	0.1688
9420.03	0.1702
9421.645	0.1707
9423.233	0.168
9424.843	0.1663
9426.466	0.166
9428.096	0.1655
9429.702	0.1694
9431.301	0.1697
9432.855	0.1724
9434.434	0.1704
9436.044	0.1676
9437.673	0.1668
9439.299	0.1656
9440.924	0.1657
9442.535	0.1679
9444.163	0.1702
9445.791	0.1715
9447.43	0.171
9449.055	0.1685
9450.72	0.1662
9452.321	0.1659
9453.959	0.1672
9455.562	0.1691
9457.173	0.171
9458.821	0.17
9460.477	0.1679
9462.103	0.1657
9463.733	0.1657
9465.362	0.1688
9466.969	0.1704
9468.613	0.1721
9470.261	0.1697
9471.89	0.166
9473.544	0.1642
9475.185	0.1678
9476.847	0.1704
9478.509	0.1715
9480.178	0.1686
9481.789	0.1667
9483.414	0.1656
9485.025	0.1692
9486.613	0.1693
9488.208	0.17
9489.773	0.1662
9491.388	0.1647
9492.963	0.1672
9494.594	0.1699
9496.191	0.1699
9497.794	0.1698
9499.423	0.1653
9501.048	0.1644
9502.623	0.1688
9504.253	0.171
9505.841	0.1703
9507.453	0.1654
9509.042	0.166
9510.667	0.1683
9512.292	0.1711
9513.903	0.1689
9515.543	0.165
9517.181	0.1661
9518.795	0.1689
9520.411	0.1712
9522.031	0.1694
9523.64	0.1648
9525.284	0.1656
9526.922	0.1686
9528.532	0.1719
9530.161	0.1693
9531.783	0.1669
9533.412	0.1652
9535.069	0.1683
9536.681	0.17
9538.34	0.1705
9539.964	0.1692
9541.572	0.166
9543.148	0.1647
9544.793	0.167
9546.423	0.1684
9548.097	0.1693
9549.722	0.1718
9551.362	0.1702
9552.976	0.1665
9554.616	0.1658
9556.277	0.1678
9557.904	0.1714
9559.532	0.1699
9561.174	0.1671
9562.838	0.1655
9564.463	0.1675
9566.074	0.1685
9567.692	0.1712
9569.245	0.1675
9570.873	0.165
9572.482	0.1657
9574.057	0.1692
9575.652	0.1702
9577.278	0.1676
9578.903	0.1648
9580.533	0.1648
9582.157	0.1683
9583.727	0.1714
9585.357	0.1674
9586.946	0.1646
9588.571	0.1645
9590.196	0.1676
9591.857	0.1699
9593.484	0.1697
9595.071	0.1661
9596.719	0.165
9598.312	0.1679
9599.885	0.1702
9601.511	0.1714
9603.138	0.1669
9604.764	0.1645
9606.411	0.1655
9608.031	0.1682
9609.662	0.1707
9611.271	0.1694
9612.896	0.1667
9614.524	0.1657
9616.164	0.1667
9617.775	0.1699
9619.404	0.1712
9621.044	0.171
9622.709	0.1653
9624.351	0.1657
9626.007	0.1681
9627.688	0.1694
9629.314	0.1704
9630.942	0.1672
9632.564	0.1651
9634.204	0.1667
9635.85	0.1698
9637.512	0.1707
9639.114	0.1684
9640.754	0.1653
9642.381	0.1659
9643.996	0.1679
9645.621	0.1703
9647.245	0.1707
9648.836	0.1675
9650.45	0.1643
9652.075	0.1653
9653.663	0.1664
9655.226	0.1702
9656.851	0.1697
9658.46	0.1708
9660.072	0.1662
9661.675	0.1647
9663.265	0.1669
9664.875	0.1688
9666.481	0.1708
9668.075	0.1693
9669.65	0.165
9671.278	0.1637
9672.89	0.1682
9674.509	0.1695
9676.14	0.1699
9677.777	0.1685
9679.402	0.1658
9681.033	0.1651
9682.606	0.1682
9684.234	0.1704
9685.883	0.1702
9687.54	0.1675
9689.115	0.1656
9690.763	0.1667
9692.348	0.1696
9693.942	0.171
9695.569	0.1684
9697.23	0.1657
9698.87	0.1646
9700.53	0.1685
9702.121	0.171
9703.813	0.1704
9705.424	0.1674
9707.067	0.1659
9708.695	0.1649
9710.292	0.166
9711.887	0.1643
9713.731	0.1666
9715.445	0.1671
9717.173	0.1674
9718.765	0.1678
9720.479	0.1687
9722.358	0.1701
9723.974	0.1715
9725.573	0.169
9727.135	0.1675
9728.733	0.1665
9730.37	0.1657
9731.963	0.1635
9733.589	0.165
9735.178	0.1656
9736.803	0.1675
9738.4	0.1678
9739.993	0.1684
9741.619	0.1702
9743.197	0.1709
9744.79	0.1704
9746.401	0.1679
9808.254	0.1678
9809.828	0.1683
9811.423	0.1675
9813.042	0.1663
9814.654	0.1647
9816.234	0.1631
9817.815	0.1629
9819.432	0.163
9821.007	0.1632
9822.636	0.1631
9824.243	0.1635
9825.871	0.1653
9827.52	0.165
9829.112	0.1658
9830.761	0.1656
9832.348	0.1659
9833.974	0.1665
9835.6	0.1666
9837.239	0.1669
9838.851	0.1669
9840.529	0.1668
9842.158	0.1686
9843.784	0.168
9845.412	0.1676
9847.036	0.1679
9848.676	0.1675
9850.314	0.1676
9851.952	0.1677
9853.591	0.1668
9855.232	0.1659
9856.857	0.1649
9858.461	0.1639
9860.095	0.1634
9861.743	0.1621
9863.399	0.161
9865.025	0.161
9866.616	0.1614
9868.227	0.1623
9869.852	0.1636
9871.462	0.1645
9873.067	0.1651
9874.677	0.1656
9876.303	0.1672
9877.858	0.1666
9879.466	0.1663
9881.112	0.1659
9882.704	0.1645
9884.328	0.1636
9885.904	0.1608
9887.53	0.1604
9889.118	0.1601
9890.709	0.1613
9892.304	0.1624
9893.934	0.1629
9895.56	0.1653
9897.184	0.1657
9898.757	0.1675
9900.434	0.1646
9902.109	0.1633
9903.722	0.1616
9905.342	0.1604
9906.972	0.1623
9908.609	0.1636
9910.24	0.1646
9911.902	0.1672
9913.506	0.1688
9915.117	0.1597
9916.764	0.1693
9918.42	0.1563
9920.045	0.1616
9921.694	0.1616
9923.332	0.1638
9924.974	0.165
9926.603	0.1659
9928.228	0.1669
9929.874	0.1656
9931.496	0.16
9933.107	0.1616
9934.747	0.1555
9936.358	0.1654
9938.004	0.1482
9939.608	0.1482
9941.248	0.1484
9942.892	0.1488
9944.536	0.1498
9946.114	0.1504
9947.686	0.1494
9949.315	0.1507
9950.94	0.1529
9952.553	0.1548
9954.19	0.1542
9955.783	0.1544
9957.397	0.1525
9959.025	0.1513
9960.639	0.1499
9962.278	0.1494
9963.906	0.1502
9965.522	0.1481
9967.134	0.1469
9968.765	0.1478
9970.366	0.1476
9971.944	0.147
9973.569	0.1468
9975.144	0.1463
9976.725	0.148
9978.314	0.1477
9979.919	0.1481
9981.527	0.1486
9983.172	0.1476
9984.797	0.1475
9986.42	0.1477
9988.05	0.1474
9989.679	0.1483
9991.257	0.1483
9992.863	0.1478
9994.472	0.1488
9996.097	0.1467
9997.708	0.1479
9999.347	0.1466
10000.98	0.1471
10002.6	0.1467
10004.21	0.1482
10005.83	0.1486
10007.44	0.1472
10009.03	0.1491
10010.63	0.1492
10012.22	0.1478
10013.83	0.1489
10015.47	0.1499
10017.11	0.1493
10018.76	0.1497
10020.39	0.1508
10022.04	0.15
10023.67	0.1503
10025.35	0.1511
10026.96	0.1513
10028.57	0.1501
10030.14	0.1491
10031.73	0.1485
10033.33	0.1466
10034.92	0.1465
10036.55	0.1512
10038.14	0.1541
10039.71	0.1525
10041.29	0.1496
10042.92	0.1469
10044.54	0.1469
10046.16	0.1473
10047.76	0.1517
10049.38	0.1525
10050.97	0.1528
10052.61	0.1501
10054.2	0.1469
10055.81	0.1474
10057.41	0.1508
10059.02	0.1523
10060.65	0.1507
10062.3	0.1491
10063.94	0.1468
10065.54	0.1469
10067.2	0.1495
10068.82	0.1513
10070.43	0.1524
10072.06	0.1506
10073.7	0.1472
10075.36	0.1471
10076.99	0.1494
10078.62	0.1538
10080.24	0.1513
10081.86	0.1496
10083.51	0.1481
10085.14	0.1472
10086.77	0.1493
10088.4	0.1525
10090.04	0.152
10091.7	0.1502
10093.34	0.1487
10095	0.146
10096.63	0.1483
10098.26	0.1528
10099.9	0.1511
10101.52	0.1495
10103.18	0.1469
10104.83	0.1461
10106.47	0.1495
10108.04	0.1519
10109.59	0.1521
10111.19	0.149
10112.84	0.1474
10114.46	0.1475
10116.06	0.1474
10117.67	0.1507
10119.26	0.1518
10120.87	0.1517
10122.5	0.151
10124.1	0.1497
10125.72	0.147
10127.33	0.1456
10128.95	0.1461
10130.58	0.1496
10132.17	0.1515
10133.78	0.1521
10135.37	0.1513
10136.98	0.1497
10138.57	0.15
10140.19	0.1473
10141.82	0.1463
10143.46	0.1482
10145.1	0.1492
10146.69	0.1514
10148.29	0.153
10149.89	0.1522
10151.49	0.1514
10153.1	0.1495
10154.75	0.1476
10156.4	0.1462
10158.03	0.1469
10159.68	0.1489
10161.31	0.1513
10162.94	0.1517
10164.59	0.1512
10166.25	0.1501
10167.89	0.1474
10169.5	0.1461
10171.13	0.1467
10172.78	0.1486
10174.41	0.1503
10176.05	0.1513
10177.68	0.1513
10179.34	0.1512
10180.97	0.1504
10182.6	0.1493
10184.25	0.1465
10185.9	0.1451
10187.56	0.1458
10189.19	0.1456
10190.84	0.1479
10192.46	0.1496
10194.05	0.151
10195.61	0.1521
10197.2	0.1519
10198.76	0.1507
10200.39	0.1489
10201.98	0.148
10203.59	0.1458
10205.2	0.1461
10206.84	0.1446
10208.42	0.1461
10210.03	0.1452
10211.64	0.1465
10213.28	0.1492
10214.88	0.1507
10216.45	0.1506
10218.03	0.1523
10219.62	0.152
10221.18	0.1526
10222.77	0.152
10224.38	0.1516
10226.01	0.1521
10227.64	0.1512
10229.27	0.1504
10230.89	0.1499
10232.53	0.1497
10234.13	0.1496
10235.77	0.1485
10237.41	0.1489
10239.04	0.1487
10240.65	0.1494
10242.28	0.1474
10243.91	0.1477
10245.5	0.1468
10247.11	0.1484
10248.74	0.1483
10250.37	0.1488
10251.99	0.1487
10253.63	0.1482
10255.24	0.1484
10256.92	0.1488
10258.55	0.1501
10260.19	0.1489
10261.85	0.1507
10263.49	0.1503
10265.11	0.1503
10266.71	0.1489
10268.36	0.1492
10269.95	0.1499
10271.55	0.149
10273.14	0.1497
10274.75	0.1504
10276.34	0.1503
10277.93	0.1501
10279.54	0.1511
10281.13	0.1515
10282.74	0.1511
10284.33	0.1505
10285.95	0.149
10287.55	0.1494
10289.15	0.1472
10290.75	0.1478
10292.36	0.1444
10293.98	0.1453
10295.55	0.1462
10297.18	0.1456
10298.78	0.1468
10300.38	0.1474
10302	0.15
10303.63	0.1521
10305.26	0.1515
10306.89	0.1496
10308.54	0.1458
10310.2	0.1448
10311.82	0.1447
10313.46	0.1464
10315.07	0.1484
10316.71	0.1492
10318.32	0.1518
10319.95	0.151
10321.57	0.1521
10323.18	0.1508
10324.79	0.1489
10326.39	0.1481
10328.03	0.1473
10329.66	0.147
10331.32	0.1449
10332.98	0.1449
10334.59	0.1443
10336.23	0.1461
10337.84	0.1473
10339.47	0.1477
10341.11	0.1482
10342.75	0.1499
10344.41	0.1513
10346.04	0.151
10347.66	0.1502
10349.27	0.1501
10350.86	0.1481
10352.47	0.146
10354.03	0.1451
10355.64	0.1444
10357.25	0.1445
10358.84	0.1458
10360.45	0.1469
10362.05	0.1486
10363.64	0.1495
10365.24	0.1497
10366.87	0.1499
10368.49	0.1487
10370.1	0.1458
10371.72	0.1441
10373.33	0.1444
10374.92	0.1438
10376.54	0.1455
10378.17	0.1467
10379.77	0.1477
10381.42	0.1481
10383.04	0.1493
10384.64	0.1493
10386.26	0.1509
10387.86	0.1507
10389.5	0.1496
10391.12	0.1492
10392.7	0.1483
10394.33	0.1475
10395.96	0.1464
10397.59	0.1444
10399.21	0.1444
10400.84	0.1448
10402.45	0.1448
10404.07	0.1448
10405.7	0.1456
10407.33	0.148
10408.99	0.1481
10410.63	0.149
10412.29	0.1496
10413.89	0.1503
10415.51	0.1502
10417.19	0.1502
10418.82	0.1512
10420.45	0.1502
10422.13	0.1503
10423.75	0.1503
10425.38	0.151
10426.99	0.1496
10428.63	0.1497
10430.28	0.1487
10431.93	0.1486
10433.54	0.1506
10435.14	0.1503
10436.74	0.1503
10438.34	0.1502
10439.93	0.1496
10441.54	0.1478
10443.16	0.1496
10444.77	0.1475
10446.37	0.1487
10447.98	0.1469
10449.63	0.1462
10451.25	0.146
10452.87	0.1446
10454.5	0.1438
10456.12	0.1445
10457.72	0.1431
10459.33	0.1442
10460.96	0.1453
10462.56	0.1462
10464.16	0.148
10465.75	0.1486
10467.36	0.1507
10468.99	0.1495
10470.57	0.1487
10472.21	0.1466
10473.85	0.1456
10475.46	0.1439
10477.06	0.1445
10478.7	0.1445
10480.33	0.1465
10481.95	0.1477
10483.56	0.1503
10485.19	0.1498
10486.76	0.1499
10488.39	0.1492
10490.02	0.1471
10491.65	0.1456
10493.26	0.1443
10494.9	0.143
10496.54	0.1453
10498.16	0.1474
10499.78	0.1493
10501.41	0.1499
10503.06	0.1499
10504.73	0.1469
10506.38	0.1458
10508.02	0.1436
10509.67	0.1435
10511.3	0.1445
10512.91	0.1466
10514.52	0.1483
10516.1	0.1489
10517.71	0.1468
10519.3	0.1455
10520.86	0.1453
10522.46	0.143
10524.09	0.1451
10525.69	0.1468
10527.27	0.1474
10528.88	0.1485
10530.47	0.1492
10532.06	0.1481
10533.68	0.1456
10535.3	0.1443
10536.95	0.144
10538.57	0.1441
10540.19	0.1449
10541.8	0.1464
10543.39	0.1483
10545.01	0.1492
10546.58	0.1491
10548.21	0.1472
10549.84	0.1447
10551.47	0.1437
10553.04	0.1437
10554.68	0.1455
10556.31	0.1476
10557.93	0.1483
10559.54	0.1499
10561.18	0.148
10562.82	0.1465
10564.42	0.146
10566.05	0.1447
10567.72	0.1419
10569.34	0.1452
10570.9	0.1479
10572.52	0.1483
10574.16	0.1495
10575.76	0.1486
10577.4	0.1475
10579.07	0.1456
10580.69	0.1452
10582.33	0.1434
10584	0.143
10585.63	0.146
10587.25	0.1476
10588.88	0.1487
10590.5	0.1507
10592.13	0.149
10593.76	0.1466
10595.38	0.144
10597.01	0.1415
10598.62	0.1437
10600.22	0.1432
10601.81	0.1455
10603.41	0.1478
10605	0.1484
10606.62	0.1475
10608.23	0.148
10609.82	0.1456
10611.39	0.1432
10613.02	0.1432
10614.65	0.1464
10616.27	0.1485
10617.87	0.1468
10619.48	0.1443
10621.11	0.1424
10622.72	0.1462
10624.35	0.1478
10625.99	0.1476
10627.6	0.1455
10629.25	0.143
10630.89	0.143
10632.54	0.1456
10634.16	0.1476
10635.81	0.1476
10637.41	0.145
10639.06	0.1419
10640.66	0.1449
10642.3	0.1473
10643.91	0.1491
10645.56	0.1459
10647.17	0.1447
10648.79	0.1426
10650.41	0.1448
10652.04	0.1468
10653.67	0.1483
10655.3	0.1476
10656.92	0.1474
10658.55	0.1452
10660.18	0.144
10661.81	0.1437
10663.43	0.1435
10665.07	0.1457
10666.73	0.1468
10668.36	0.149
10670	0.1484
10671.61	0.1495
10673.25	0.1473
10674.86	0.1484
10676.46	0.1467
10678.08	0.1472
10679.64	0.1485
10681.26	0.1474
10682.89	0.1472
10684.51	0.1463
10686.09	0.1451
10687.67	0.146
10689.25	0.1451
10690.83	0.1446
10692.39	0.1445
10693.98	0.1446
10695.57	0.1438
10697.15	0.1444
10698.77	0.1442
10700.37	0.1447
10701.97	0.1443
10703.57	0.1454
10705.17	0.144
10706.77	0.1445
10708.37	0.1448
10709.97	0.1447
10711.55	0.1458
10713.16	0.1462
10714.76	0.1471
10716.37	0.1482
10717.99	0.1479
10719.61	0.1492
10721.22	0.148
10722.84	0.1475
10724.48	0.145
10726.14	0.1437
10727.8	0.1432
10729.4	0.1416
10731.03	0.1419
10732.7	0.1417
10734.34	0.1434
10736	0.1431
10737.64	0.1423
10739.25	0.1435
10740.9	0.1428
10742.5	0.1439
10744.14	0.1447
10745.75	0.1459
10747.39	0.1453
10749.04	0.1468
10750.64	0.1468
10752.25	0.1469
10753.91	0.1465
10755.49	0.1464
10757.08	0.1466
10758.69	0.1468
10760.26	0.1471
10761.87	0.1465
10763.48	0.1464
10765.11	0.1478
10766.72	0.148
10768.35	0.1476
10769.97	0.1474
10771.57	0.148
10773.22	0.1465
10774.81	0.1454
10776.44	0.1453
10778.03	0.1451
10779.66	0.1437
10781.26	0.1439
10782.86	0.1412
10784.42	0.1424
10786.04	0.1409
10787.67	0.1423
10789.27	0.1413
10790.91	0.1424
10792.55	0.1419
10794.18	0.1416
10795.81	0.1427
10797.43	0.1435
10799.06	0.1434
10800.69	0.1434
10802.35	0.143
10803.95	0.1446
10805.6	0.1445
10807.21	0.1437
10808.78	0.1444
10810.4	0.1436
10812.03	0.1435
10813.7	0.1436
10815.35	0.143
10816.97	0.1435
10818.58	0.1441
10820.2	0.1443
10821.84	0.1441
10823.45	0.1456
10825.11	0.1438
10826.69	0.1432
10828.33	0.143
10830.02	0.145
10831.68	0.1442
10833.33	0.1444
10835	0.1442
10836.58	0.1445
10838.15	0.1442
10839.73	0.1426
10841.29	0.1435
10842.92	0.1433
10844.5	0.1444
10846.08	0.1433
10847.67	0.1427
10849.28	0.1441
10850.89	0.143
10852.48	0.1437
10854.09	0.1442
10855.7	0.1436
10857.36	0.1426
10858.98	0.1436
10860.61	0.143
10862.2	0.1427
10863.82	0.1419
10865.41	0.1422
10867.01	0.1425
10868.61	0.1428
10870.22	0.1431
10871.84	0.1425
10873.47	0.1423
10875.1	0.1418
10876.72	0.1413
10878.36	0.1408
10879.97	0.1417
10881.6	0.1414
10883.23	0.141
10884.85	0.1417
10886.48	0.1415
10888.11	0.1401
10889.71	0.1408
10891.31	0.1418
10892.94	0.1406
10894.58	0.1406
10896.23	0.141
10897.85	0.1415
10899.48	0.1412
10901.11	0.1412
10902.7	0.142
10904.31	0.1417
10905.95	0.1424
10907.58	0.1421
10909.21	0.141
10910.84	0.1427
10912.47	0.1408
10914.09	0.1425
10915.76	0.1419
10917.34	0.1416
10918.97	0.1411
10920.58	0.1403
10922.15	0.1424
10923.74	0.1406
10925.32	0.1404
10926.95	0.1418
10928.55	0.1419
10930.2	0.1403
10931.82	0.1401
10933.4	0.1406
10935.03	0.1426
10936.6	0.141
10938.19	0.1397
10939.84	0.1424
10941.43	0.1413
10943.01	0.1432
10944.59	0.1412
10946.19	0.1418
10947.82	0.1435
10949.42	0.142
10951.04	0.143
10952.67	0.1416
10954.3	0.1438
10955.89	0.143
10957.5	0.1436
10959.12	0.1428
10960.75	0.1452
10962.33	0.1442
10963.95	0.1453
10965.59	0.145
10967.21	0.1465
10968.8	0.1457
10970.41	0.1473
10972.04	0.1462
10973.66	0.1473
10975.29	0.1468
10976.95	0.146
10978.58	0.1458
10980.2	0.1455
10981.83	0.1452
10983.45	0.1445
10985.09	0.1452
10986.72	0.1451
10988.35	0.1448
10989.98	0.1453
10991.61	0.1468
10993.23	0.1467
10994.91	0.1468
10996.57	0.146
10998.2	0.1471
10999.79	0.1459
11001.35	0.146
11002.98	0.1459
11004.55	0.1455
11006.13	0.1457
11007.74	0.1452
11009.34	0.1443
11010.94	0.1428
11012.54	0.1438
11014.14	0.1433
11015.79	0.1418
11017.38	0.1409
11019	0.1411
11020.62	0.1399
11022.2	0.1412
11023.79	0.1398
11025.43	0.1401
11027.04	0.1398
11028.67	0.1409
11030.29	0.1434
11031.91	0.1456
11033.54	0.1465
11035.18	0.1451
11036.82	0.1451
11038.47	0.1438
11040.09	0.1422
11041.72	0.1419
11043.34	0.1399
11044.93	0.14
11046.54	0.141
11048.18	0.1434
11049.79	0.1455
11051.41	0.1457
11053.05	0.145
11054.67	0.1441
11056.32	0.1432
11057.98	0.1414
11059.6	0.1402
11061.25	0.1408
11062.86	0.1436
11064.48	0.1447
11066.09	0.1455
11067.72	0.1448
11069.32	0.1435
11070.95	0.1419
11072.59	0.1408
11074.25	0.1408
11075.86	0.1401
11077.51	0.1392
11079.13	0.14
11080.72	0.1423
11082.33	0.1438
11083.92	0.1448
11085.48	0.1463
11087.05	0.1458
11088.66	0.1447
11090.25	0.1429
11091.84	0.1405
11093.42	0.1408
11095	0.1401
11096.61	0.141
11098.18	0.1399
11099.81	0.1413
11101.39	0.1427
11102.98	0.1433
11104.61	0.1442
11106.21	0.1448
11107.79	0.1459
11109.39	0.1456
11111.01	0.144
11112.64	0.1413
11114.25	0.141
11115.88	0.1401
11117.5	0.1394
11119.18	0.14
11120.79	0.1421
11122.45	0.1438
11124.05	0.1448
11125.68	0.1454
11127.31	0.1443
11128.94	0.1449
11130.58	0.1419
11132.2	0.1406
11133.81	0.1397
11135.42	0.1389
11137.03	0.1399
11138.66	0.1411
11140.26	0.1439
11141.89	0.1452
11143.52	0.1448
11145.14	0.1456
11146.79	0.143
11148.41	0.1435
11150.07	0.1416
11151.7	0.1402
11153.34	0.139
11154.96	0.1415
11156.59	0.1431
11158.25	0.1437
11159.87	0.145
11161.45	0.1446
11163.04	0.144
11164.59	0.1429
11166.17	0.1408
11167.8	0.1405
11169.39	0.1393
11170.97	0.1382
11172.56	0.1395
11174.17	0.1394
11175.76	0.139
11177.36	0.1392
11178.95	0.1418
11180.53	0.1425
11182.19	0.1417
11183.78	0.1434
11185.39	0.1443
11187	0.1455
11188.64	0.1446
11190.24	0.1442
11191.85	0.1428
11193.46	0.1422
11195.07	0.1418
11196.68	0.14
11198.26	0.1405
11199.89	0.14
11201.53	0.1391
11203.14	0.1381
11204.77	0.1398
11206.41	0.1388
11208.01	0.1392
11209.64	0.1383
11211.22	0.1395
11212.83	0.1394
11214.47	0.1387
11216.1	0.1398
11217.72	0.1388
11219.37	0.1393
11220.98	0.1404
11222.57	0.1404
11224.23	0.1399
11225.89	0.1428
11227.5	0.1425
11229.16	0.1427
11230.8	0.1435
11232.46	0.1436
11234.12	0.1448
11235.72	0.1463
11237.34	0.1453
11238.97	0.1441
11240.6	0.1418
11242.2	0.14
11243.8	0.1396
11245.39	0.1386
11246.99	0.1385
11248.58	0.1393
11250.16	0.1393
11251.76	0.14
11253.36	0.1426
11254.94	0.1423
11256.53	0.1425
11258.17	0.1428
11259.77	0.1448
11261.34	0.1437
11262.97	0.145
11264.56	0.1447
11266.17	0.1446
11267.76	0.1421
11269.38	0.14
11271	0.1391
11272.59	0.1383
11274.2	0.1388
11275.8	0.1388
11277.42	0.141
11279.03	0.1432
11280.67	0.1428
11282.28	0.1446
11283.92	0.1451
11285.56	0.1446
11287.18	0.143
11288.83	0.1417
11290.46	0.1404
11292.06	0.1394
11293.71	0.1392
11295.3	0.1391
11296.9	0.1415
11298.51	0.1426
11300.12	0.1438
11301.74	0.1442
11303.4	0.1449
11305.01	0.1441
11306.64	0.1413
11308.3	0.1399
11309.92	0.1388
11311.54	0.1385
11313.21	0.1386
11314.82	0.1393
11316.43	0.1393
11318.06	0.1402
11319.68	0.1401
11321.31	0.1395
11322.88	0.1398
11324.48	0.1407
11326.09	0.1404
11327.7	0.1417
11329.3	0.1424
11330.92	0.1413
11332.51	0.1419
11334.08	0.1427
11335.68	0.1437
11337.29	0.1429
11338.9	0.1436
11340.47	0.1439
11342.07	0.1446
11343.66	0.1453
11345.27	0.1432
11346.89	0.1435
11348.51	0.1438
11350.11	0.1424
11351.72	0.1427
11353.35	0.1426
11354.98	0.1426
11356.6	0.144
11358.24	0.1424
11359.87	0.1431
11361.52	0.1443
11363.17	0.144
11364.77	0.1438
11366.4	0.1446
11368.03	0.144
11369.67	0.1428
11371.31	0.1445
11372.92	0.1436
11374.56	0.1433
11376.16	0.1439
11377.75	0.142
11379.37	0.1412
11381.02	0.1408
11382.63	0.1409
11384.24	0.1399
11385.87	0.139
11387.51	0.1379
11389.17	0.1389
11390.79	0.1377
11392.42	0.1384
11394.06	0.1395
11395.7	0.1414
11397.31	0.1447
11398.95	0.1432
11400.59	0.143
11402.19	0.143
11403.78	0.1429
11405.38	0.1414
11406.95	0.142
11408.58	0.1394
11410.16	0.1383
11411.74	0.1382
11413.4	0.1375
11414.99	0.1388
11416.61	0.1399
11418.23	0.1416
11419.83	0.1412
11421.45	0.1421
11423.06	0.1426
11424.69	0.1436
11426.26	0.1432
11427.9	0.1432
11429.47	0.1439
11431.07	0.1432
11432.68	0.1423
11434.32	0.1412
11435.93	0.1412
11437.55	0.1406
11439.14	0.1392
11440.73	0.1402
11442.38	0.1377
11444.01	0.1376
11445.63	0.1372
11447.26	0.1377
11448.9	0.1373
11450.51	0.1371
11452.16	0.137
11453.76	0.14
11455.41	0.1406
11457.06	0.1425
11458.72	0.1439
11460.32	0.143
11461.97	0.1429
11463.62	0.1431
11465.25	0.1434
11466.89	0.1429
11468.52	0.1422
11470.18	0.1439
11471.81	0.1423
11473.43	0.1429
11475.05	0.1419
11476.73	0.1407
11478.32	0.1406
11479.99	0.14
11481.62	0.1398
11483.22	0.1383
11484.8	0.1391
11486.4	0.1381
11488.02	0.1381
11489.65	0.1375
11491.22	0.1375
11492.8	0.1371
11494.41	0.1378
11496.03	0.1375
11497.63	0.1373
11499.24	0.1364
11500.86	0.1361
11502.46	0.1375
11504.06	0.1382
11505.64	0.1378
11507.24	0.1369
11508.82	0.1374
11510.41	0.137
11512.03	0.1381
11513.64	0.139
11515.22	0.1393
11516.84	0.1388
11518.44	0.1381
11520.05	0.1378
11521.68	0.1378
11523.31	0.1379
11524.94	0.1375
11526.53	0.1374
11528.17	0.1397
11529.82	0.1379
11531.45	0.1377
11533.08	0.1387
11534.7	0.1382
11536.32	0.1387
11537.95	0.1368
11539.6	0.1367
11541.25	0.1363
11542.88	0.1381
11544.54	0.1361
11546.2	0.1374
11547.86	0.1394
11549.52	0.1428
11551.12	0.1435
11552.74	0.1425
11554.37	0.1405
11556.01	0.1387
11557.67	0.1387
11559.32	0.1366
11560.92	0.1384
11562.57	0.1378
11564.15	0.1382
11565.74	0.1409
11567.34	0.1417
11568.95	0.141
11570.57	0.1401
11572.16	0.139
11573.75	0.1394
11575.34	0.1392
11576.93	0.1388
11578.56	0.1393
11580.19	0.1391
11581.81	0.1399
11583.39	0.1415
11584.99	0.1415
11586.59	0.1415
11588.14	0.1416
11589.75	0.1434
11591.37	0.1421
11592.96	0.1422
11594.55	0.1427
11596.18	0.143
11597.79	0.1427
11599.41	0.1432
11601.04	0.1433
11602.61	0.1417
11604.23	0.1399
11605.85	0.1392
11607.48	0.1374
11609.12	0.1358
11610.76	0.1376
11612.41	0.1387
11614.06	0.1377
11615.66	0.1392
11617.3	0.1402
11618.94	0.141
11620.6	0.1416
11622.22	0.1424
11623.84	0.1432
11625.46	0.141
11627.09	0.1398
11628.73	0.1374
11630.34	0.1376
11631.98	0.1367
11633.61	0.1377
11635.23	0.1388
11636.84	0.1406
11638.5	0.1416
11640.13	0.1415
11641.8	0.1433
11643.43	0.1433
11645.02	0.1427
11646.61	0.1401
11648.17	0.139
11649.77	0.137
11651.37	0.1365
11653	0.1359
11654.61	0.137
11656.2	0.1378
11657.8	0.1395
11659.39	0.1409
11661	0.1425
11662.6	0.1419
11664.19	0.1425
11665.8	0.1426
11667.43	0.1422
11669	0.1409
11670.61	0.1376
11672.25	0.1375
11673.85	0.1373
11675.5	0.1365
11677.14	0.1364
11678.75	0.1367
11680.36	0.1362
11681.97	0.1385
11683.6	0.1375
11685.22	0.1386
11686.86	0.1387
11688.47	0.1392
11690.1	0.1398
11691.72	0.1401
11693.36	0.1394
11694.98	0.1395
11696.61	0.1396
11698.24	0.1387
11699.89	0.1394
11701.49	0.1404
11703.12	0.1394
11704.75	0.1409
11706.42	0.1403
11708.02	0.1395
11709.63	0.1402
11711.26	0.1393
11712.9	0.14
11714.54	0.1406
11716.16	0.1401
11717.76	0.1404
11719.42	0.1396
11721.08	0.1387
11722.7	0.1398
11724.36	0.1374
11725.97	0.1377
11727.59	0.1352
11729.2	0.1358
11730.81	0.1362
11732.36	0.1385
11733.99	0.1412
11735.59	0.1409
11737.22	0.1415
11738.81	0.1407
11740.46	0.1411
11742.05	0.1385
11743.62	0.139
11745.2	0.1384
11746.82	0.1381
11748.43	0.1362
11749.99	0.1365
11751.61	0.1364
11753.18	0.1384
11754.78	0.1396
11756.4	0.1411
11758.01	0.1419
11759.64	0.1413
11761.25	0.1403
11762.88	0.1383
11764.51	0.1366
11766.14	0.1365
11767.72	0.1361
11769.34	0.1364
11770.94	0.1387
11772.59	0.1385
11774.19	0.1409
11775.8	0.1406
11777.39	0.1401
11779	0.1403
11780.67	0.1381
11782.25	0.1363
11783.89	0.137
11785.5	0.1368
11787.13	0.1379
11788.76	0.1406
11790.35	0.1421
11791.99	0.1416
11793.64	0.1405
11795.27	0.1377
11796.91	0.1374
11798.52	0.1363
11800.15	0.1361
11802.22	0.1383
11803.8	0.1407
11805.39	0.1418
11807.01	0.1406
11931.14	0.1383
11932.75	0.1388
11934.35	0.1367
11935.93	0.138
11937.54	0.1371
11939.15	0.1365
11940.73	0.1385
11942.3	0.1386
11943.88	0.1371
11945.45	0.1376
11947.06	0.1379
11948.67	0.1377
11950.29	0.1382
11951.96	0.137
11953.57	0.1377
11955.17	0.1381
11956.81	0.1379
11958.42	0.1389
11960.06	0.1375
11961.67	0.1385
11963.29	0.1383
11964.95	0.1401
11966.58	0.1417
11968.2	0.1404
11969.79	0.1403
11971.38	0.1401
11973	0.1381
11974.57	0.1375
11976.22	0.1367
11977.8	0.1387
11979.4	0.1379
11981.01	0.1405
11982.6	0.1393
11984.25	0.1417
11985.87	0.139
11987.54	0.1392
11989.16	0.1395
11990.81	0.1388
11992.43	0.1379
11994.06	0.138
11995.72	0.1378
11997.36	0.1372
11998.99	0.1378
12000.65	0.1392
12002.28	0.1406
12003.92	0.14
12005.59	0.1408
12007.2	0.1412
12008.81	0.1391
12010.41	0.1395
12012	0.1378
12013.62	0.1387
12015.22	0.1384
12016.87	0.1361
12018.5	0.1368
12020.11	0.1376
12021.7	0.1364
12023.28	0.1365
12024.86	0.1382
12026.44	0.1375
12028.04	0.1377
12029.63	0.1371
12031.2	0.1378
12032.83	0.1371
12034.44	0.1372
12036.07	0.1388
12037.7	0.1389
12039.34	0.1388
12040.96	0.1388
12042.55	0.1403
12044.16	0.1406
12045.81	0.1399
12047.43	0.1409
12049.05	0.1413
12050.65	0.1415
12052.24	0.1417
12053.88	0.1397
12055.49	0.1405
12057.15	0.1403
12058.77	0.1406
12060.37	0.1403
12062	0.1406
12063.64	0.1399
12065.29	0.1409
12066.93	0.1406
12068.56	0.14
12070.19	0.1413
12071.79	0.1398
12073.4	0.1391
12075.01	0.1392
12076.65	0.1394
12078.32	0.1392
12079.95	0.1383
12081.57	0.1383
12083.2	0.1362
12084.86	0.1354
12086.5	0.1375
12088.11	0.1381
12089.71	0.1372
12091.33	0.1377
12092.94	0.1393
12094.54	0.1385
12096.1	0.1393
12097.69	0.139
12099.25	0.139
12100.86	0.1388
12102.46	0.1397
12104.03	0.139
12105.61	0.1384
12107.2	0.1376
12108.79	0.1392
12110.39	0.1364
12112.01	0.1372
12113.64	0.1371
12115.22	0.1374
12116.84	0.1359
12118.41	0.1369
12119.99	0.1372
12121.61	0.1354
12123.24	0.1371
12124.86	0.1369
12126.45	0.1371
12128.04	0.1361
12129.64	0.1378
12131.26	0.1377
12132.84	0.1382
12134.48	0.1369
12136.13	0.1382
12137.74	0.1384
12139.35	0.1386
12140.97	0.1404
12142.6	0.14
12144.21	0.1407
12145.8	0.1408
12147.45	0.1404
12149.07	0.1408
12150.7	0.1412
12152.33	0.1393
12153.98	0.1399
12155.62	0.1399
12157.26	0.139
12158.91	0.1394
12160.5	0.1401
12162.14	0.1389
12163.8	0.1401
12165.45	0.1402
12167.11	0.1395
12168.7	0.1407
12170.26	0.1403
12171.88	0.1405
12173.48	0.14
12175.08	0.1404
12176.67	0.1395
12178.27	0.1403
12179.88	0.1392
12181.49	0.1389
12183.08	0.138
12184.71	0.1369
12186.35	0.1376
12187.93	0.1372
12189.56	0.1357
12191.19	0.1363
12192.74	0.1368
12194.36	0.1369
12195.95	0.1377
12197.56	0.1359
12199.19	0.1374
12200.79	0.137
12202.43	0.1368
12204.06	0.1367
12205.71	0.1379
12207.31	0.1364
12208.93	0.137
12210.55	0.137
12212.19	0.1361
12213.82	0.1376
12215.43	0.1372
12217.05	0.1369
12218.68	0.137
12220.31	0.1368
12221.9	0.137
12223.53	0.1369
12225.19	0.1363
12226.83	0.1365
12228.44	0.1373
12230.09	0.1365
12231.75	0.138
12233.37	0.1368
12235.01	0.1367
12236.63	0.1363
12238.27	0.136
12239.88	0.1369
12241.52	0.1362
12243.18	0.1378
12244.82	0.1375
12246.43	0.1388
12248.09	0.1393
12249.68	0.1397
12251.3	0.1393
12252.93	0.1402
12254.52	0.1383
12256.12	0.1383
12257.72	0.1385
12259.35	0.1375
12260.96	0.1365
12262.59	0.1362
12264.22	0.1363
12265.81	0.1366
12267.42	0.1365
12269.02	0.1362
12270.63	0.1362
12272.25	0.1376
12273.87	0.1374
12275.48	0.1385
12277.11	0.1397
12278.7	0.1388
12280.32	0.1391
12281.96	0.138
12283.58	0.1375
12285.15	0.1373
12286.75	0.1372
12288.37	0.1366
12289.97	0.1365
12291.57	0.1367
12293.19	0.1369
12294.79	0.1378
12296.38	0.1359
12298	0.1362
12299.65	0.1351
12301.26	0.1367
12302.85	0.1373
12304.46	0.1371
12306.12	0.1377
12307.7	0.1386
12309.34	0.139
12310.93	0.1392
12312.56	0.1398
12314.15	0.1403
12315.81	0.1402
12317.42	0.1411
12319.04	0.1399
12320.68	0.1388
12322.33	0.1396
12323.95	0.1381
12325.62	0.136
12327.28	0.1366
12328.92	0.136
12330.53	0.1366
12332.12	0.136
12333.67	0.1375
12335.29	0.1382
12336.88	0.1387
12338.49	0.1386
12340.09	0.1382
12341.67	0.1379
12343.25	0.1397
12344.86	0.1394
12346.44	0.1389
12348.06	0.1388
12349.69	0.138
12351.33	0.1361
12352.9	0.1375
12354.53	0.1364
12356.13	0.1365
12357.74	0.1363
12359.35	0.135
12360.92	0.1355
12362.51	0.1378
12364.14	0.1373
12365.79	0.1376
12367.4	0.1381
12369.01	0.1405
12370.63	0.139
12372.26	0.1388
12373.85	0.1372
12375.44	0.1368
12377.05	0.1356
12378.66	0.1369
12380.26	0.1373
12381.85	0.1395
12383.45	0.1392
12385.08	0.138
12386.74	0.1365
12388.39	0.1349
12389.98	0.1366
12391.61	0.137
12393.24	0.1379
12394.86	0.1392
12396.47	0.1383
12398.12	0.1375
12399.72	0.1371
12401.35	0.1376
12402.99	0.1397
12404.62	0.1382
12406.23	0.1367
12407.87	0.1366
12409.53	0.137
12411.12	0.1383
12412.71	0.1385
12414.34	0.1375
12415.95	0.1349
12417.56	0.1352
12419.14	0.1373
12420.74	0.1392
12422.34	0.1377
12423.91	0.136
12425.52	0.1356
12427.11	0.136
12428.68	0.1383
12430.28	0.1385
12431.89	0.1386
12433.48	0.1374
12435.09	0.1365
12436.66	0.1351
12438.24	0.1367
12439.87	0.1387
12441.46	0.1387
12443.03	0.1383
12444.65	0.1378
12446.26	0.136
12447.87	0.1346
12449.48	0.1375
12451.12	0.1379
12452.75	0.1392
12454.36	0.138
12455.93	0.1385
12457.56	0.1344
12459.2	0.1376
12460.83	0.1376
12462.44	0.1377
12464.05	0.138
12465.64	0.134
12467.27	0.135
12468.9	0.1368
12470.48	0.1393
12472.12	0.1401
12473.78	0.1375
12475.39	0.1368
12477.03	0.1364
12478.66	0.1352
12480.29	0.1369
12481.91	0.1395
12483.57	0.1383
12485.2	0.1365
12486.79	0.1362
12488.43	0.1351
12490.06	0.1367
12491.72	0.1375
12493.3	0.138
12494.89	0.1374
12496.45	0.1375
12498.02	0.1347
12499.57	0.1351
12501.18	0.1332
12502.75	0.1362
12504.35	0.1372
12505.97	0.1382
12507.57	0.1373
12509.18	0.1357
12510.81	0.1381
12512.43	0.137
12514.06	0.135
12515.67	0.135
12517.25	0.1356
12518.82	0.137
12520.41	0.1377
12522.06	0.1379
12523.65	0.1384
12525.23	0.1385
12526.83	0.1371
12528.41	0.1371
12530.02	0.1371
12531.63	0.1367
12533.25	0.1364
12534.86	0.1351
12536.46	0.1362
12538.05	0.1358
12539.68	0.1371
12541.29	0.1377
12542.93	0.1381
12544.57	0.1396
12546.17	0.1379
12547.81	0.1388
12549.44	0.1382
12551.05	0.1505
12555.79	0.1501
12557.42	0.1397
12559.03	0.1375
12560.66	0.1387
12562.28	0.1387
12563.89	0.1405
12565.53	0.14
12567.14	0.1409
12568.8	0.1402
12570.41	0.1404
12572.05	0.1397
12573.71	0.1403
12575.34	0.141
12576.93	0.1398
12578.52	0.1414
12580.12	0.1416
12581.73	0.1409
12583.37	0.1409
12584.96	0.1408
12586.55	0.1405
12588.15	0.1414
12589.74	0.1398
12591.29	0.1393
12592.93	0.1385
12594.55	0.1373
12596.16	0.1372
12597.75	0.1393
12599.36	0.1409
12600.93	0.1493
12602.53	0.1436
12604.11	0.1407
12605.68	0.1377
12607.26	0.1523
12608.89	0.1569
12610.46	0.1696
12612.09	0.1421
12613.71	0.1558
12615.34	0.1645
12616.97	0.1447
12618.61	0.153
12621.83	0.1043
12623.45	0.1388
12625.03	0.1375
12626.64	0.1387
12628.27	0.1388
12629.89	0.1382
12631.53	0.1381
12633.19	0.1389
12634.84	0.1406
12636.45	0.1415
