Date:	Mon, Nov 18, 2013		
measured by:	Rotem		
3-5mOhm Si-H, started 2min 50s after etch
32W, 36W jump			
Time [s]	CPD stream	Light	SPV
0.000000	-774.237000		
0.499000	-774.152000		
0.999000	-774.118000		
1.499000	-774.333000		
1.999000	-774.579000		
2.499000	-774.666000		
2.999000	-774.533000		
3.500000	-774.406000		
4.000000	-774.597000		
4.499000	-774.640000		
4.999000	-775.056000		
5.499000	-775.699000		
5.999000	-775.858000		
6.499000	-774.952000		
7.000000	-774.450000		
7.500000	-774.323000		
8.000000	-774.391000		
8.500000	-774.907000		
9.000000	-774.728000		
9.500000	-774.240000		
10.000000	-773.938000		
10.499000	-773.935000		
10.999000	-774.104000		
11.499000	-774.401000		
11.999000	-774.660000		
12.499000	-774.736000		
12.999000	-774.288000		
13.499000	-774.047000		
13.999000	-774.207000		
14.499000	-774.255000		
14.999000	-774.167000		
15.499000	-774.226000		
15.999000	-774.154000		
16.499000	-773.731000		
16.999000	-773.866000		
17.499000	-774.444000		
17.999000	-774.059000		
18.499000	-774.248000		
19.000000	-774.006000		
19.500000	-773.810000		
20.000000	-773.967000		
20.500000	-774.167000		
21.000000	-774.034000		
21.500000	-773.593000		
22.000000	-773.727000		
22.500000	-773.757000		
23.000000	-774.063000		
23.500000	-774.081000		
24.000000	-774.065000		
24.500000	-773.523000		
25.000000	-773.461000		
25.500000	-773.567000		
26.000000	-773.775000		
26.500000	-773.962000		
27.000000	-773.921000		
27.500000	-773.501000		
28.000000	-773.492000		
28.500000	-773.990000		
29.000000	-774.311000		
29.500000	-773.962000		
30.000000	-773.717000		
30.500000	-773.451000		
31.000000	-773.623000		
31.500000	-773.507000		
32.000000	-773.369000		
32.500000	-773.199000		
33.000000	-772.838000		
33.500000	-773.027000		
34.000000	-773.158000		
34.500000	-772.884000		
35.000000	-772.161000		
35.500000	-772.004000		
36.000000	-772.129000		
36.500000	-772.363000		
37.000000	-772.300000		
37.500000	-772.157000		
38.000000	-772.015000		
38.500000	-772.489000		
39.000000	-772.753000		
39.500000	-772.993000		
40.000000	-772.824000		
40.500000	-772.967000		
41.000000	-773.072000		
41.500000	-773.615000		
42.000000	-773.722000		
42.500000	-773.038000		
43.000000	-773.053000		
43.500000	-773.539000		
44.000000	-773.648000		
44.500000	-773.561000		
45.000000	-773.461000		
45.500000	-773.274000		
46.000000	-773.617000		
46.500000	-773.797000		
47.000000	-773.589000		
47.500000	-773.002000		
48.000000	-773.309000		
48.500000	-773.446000		
49.000000	-773.623000		
49.500000	-773.523000		
50.000000	-773.191000		
50.500000	-773.557000		
51.000000	-773.665000		
51.500000	-773.372000		
52.000000	-772.879000		
52.500000	-773.037000		
53.000000	-773.233000		
53.500000	-773.253000		
54.000000	-773.304000		
54.500000	-773.306000		
55.000000	-773.551000		
55.500000	-773.686000		
56.000000	-773.245000		
56.500000	-772.957000		
57.000000	-773.018000		
57.500000	-772.966000		
58.000000	-772.734000		
58.500000	-772.437000		
59.000000	-772.677000		
59.500000	-773.019000		
60.000000	-773.331000		
60.500000	-773.032000		
61.000000	-773.201000		
61.500000	-773.345000		
62.000000	-773.079000		
62.500000	-772.879000		
63.000000	-772.715000		
63.500000	-772.877000		
64.000000	-772.963000		
64.500000	-772.995000		
65.000000	-773.057000		
65.500000	-773.044000		
66.000000	-773.394000		
66.500000	-772.931000		
67.000000	-772.568000		
67.500000	-772.849000		
68.000000	-772.680000		
68.500000	-772.257000		
69.000000	-772.281000		
69.500000	-772.583000		
70.000000	-772.472000		
70.500000	-772.369000		
71.000000	-772.423000		
71.500000	-772.797000		
72.000000	-772.681000		
72.500000	-772.293000		
73.000000	-772.254000		
73.500000	-772.623000		
74.000000	-772.170000		
74.500000	-771.709000		
75.000000	-771.724000		
75.500000	-772.122000		
76.000000	-772.588000		
76.500000	-772.212000		
77.000000	-772.412000		
77.500000	-772.666000		
78.000000	-772.340000		
78.500000	-772.463000		
79.000000	-772.689000		
79.500000	-772.914000		
80.000000	-772.533000		
80.500000	-772.753000		
81.000000	-772.615000		
81.500000	-772.477000		
82.000000	-772.552000		
82.500000	-772.414000		
83.000000	-772.378000		
83.500000	-772.395000		
84.000000	-772.325000		
84.500000	-772.650000		
85.000000	-772.802000		
85.500000	-772.402000		
86.000000	-772.047000		
86.500000	-772.257000		
87.000000	-772.259000		
87.500000	-772.158000		
88.000000	-772.178000		
88.500000	-772.699000		
89.000000	-772.720000		
89.500000	-772.456000		
90.000000	-772.725000		
90.500000	-773.166000		
91.000000	-772.892000		
91.500000	-773.277000		
92.000000	-773.722000		
92.500000	-773.569000		
93.000000	-773.192000		
93.500000	-773.205000		
94.000000	-773.051000		
94.500000	-772.897000		
95.000000	-773.137000		
95.500000	-773.450000		
96.000000	-773.156000		
96.500000	-772.624000		
97.000000	-772.849000		
97.500000	-772.543000		
98.000000	-772.626000		
98.500000	-772.367000		
99.000000	-772.377000		
99.500000	-771.911000		
100.000000	-772.009000		
100.500000	-772.596000		
101.000000	-772.487000		
101.500000	-772.337000		
102.000000	-772.604000		
102.500000	-772.268000		
103.000000	-772.346000		
103.500000	-772.329000		
104.000000	-772.254000		
104.500000	-772.363000		
105.000000	-772.266000		
105.500000	-772.079000		
106.000000	-771.695000		
106.500000	-771.526000		
107.000000	-772.004000		
107.500000	-772.187000		
108.000000	-772.202000		
108.500000	-772.053000		
109.000000	-772.062000		
109.500000	-772.044000		
110.000000	-771.868000		
110.500000	-771.873000		
111.000000	-771.629000		
111.500000	-771.562000		
112.000000	-771.731000		
112.500000	-771.931000		
113.000000	-771.933000		
113.500000	-772.511000		
114.000000	-772.359000		
114.500000	-771.970000		
115.000000	-772.131000		
115.500000	-771.860000		
116.000000	-771.474000		
116.500000	-771.626000		
117.000000	-771.778000		
117.500000	-771.652000		
118.000000	-771.744000		
118.500000	-771.663000		
119.000000	-771.642000		
119.500000	-771.981000		
120.000000	-772.060000		
120.500000	-771.844000		
121.000000	-771.793000		
121.500000	-772.038000		
122.000000	-771.327000		
122.500000	-771.332000		
123.000000	-771.653000		
123.500000	-771.793000		
124.000000	-771.857000		
124.500000	-772.230000		
125.000000	-772.158000		
125.500000	-771.878000		
126.000000	-772.071000		
126.500000	-771.715000		
127.000000	-771.300000		
127.500000	-771.154000		
128.000000	-771.355000		
128.500000	-771.283000		
129.000000	-771.725000		
129.500000	-771.752000		
130.000000	-771.399000		
130.500000	-771.507000		
131.000000	-771.488000		
131.500000	-771.046000		
132.000000	-771.426000		
132.500000	-772.135000		
133.000000	-771.744000		
133.500000	-771.948000		
134.000000	-771.767000		
134.500000	-771.452000		
135.000000	-771.871000		
135.500000	-771.722000		
136.000000	-771.244000		
136.500000	-771.638000		
137.000000	-771.242000		
137.500000	-770.923000		
138.000000	-771.546000		
138.500000	-771.408000		
139.000000	-771.089000		
139.500000	-771.134000		
140.000000	-770.833000		
140.500000	-770.841000		
141.000000	-771.397000		
141.500000	-771.181000		
142.000000	-771.252000		
142.500000	-771.380000		
143.000000	-771.131000		
143.500000	-770.936000		
144.000000	-771.047000		
144.500000	-771.032000		
145.000000	-771.239000		
145.500000	-771.240000		
146.000000	-770.820000		
146.500000	-771.192000		
147.000000	-771.497000		
147.500000	-771.527000		
148.000000	-771.480000		
148.500000	-771.207000		
149.000000	-770.917000		
149.500000	-771.348000		
150.000000	-771.491000		
150.500000	-771.685000		
151.000000	-771.702000		
151.500000	-771.467000		
152.000000	-771.247000		
152.500000	-771.058000		
153.000000	-770.696000		
153.500000	-771.020000		
154.000000	-770.967000		
154.500000	-770.996000		
155.000000	-771.345000		
155.500000	-771.371000		
156.000000	-771.129000		
156.500000	-771.134000		
157.000000	-770.956000		
157.500000	-770.902000		
158.000000	-771.038000		
158.500000	-770.632000		
159.000000	-770.592000		
159.500000	-770.453000		
160.000000	-770.396000		
160.500000	-770.840000		
161.000000	-770.757000		
161.500000	-770.349000		
162.000000	-770.808000		
162.500000	-770.668000		
163.000000	-770.728000		
163.500000	-771.020000		
164.000000	-770.753000		
164.500000	-770.540000		
165.000000	-770.481000		
165.500000	-770.405000		
166.000000	-770.622000		
166.500000	-770.442000		
167.000000	-770.513000		
167.500000	-770.292000		
168.000000	-769.850000		
168.500000	-769.818000		
169.000000	-769.792000		
169.500000	-769.471000		
170.000000	-770.096000		
170.500000	-770.246000		
171.000000	-769.972000		
171.500000	-770.085000		
172.000000	-769.980000		
172.500000	-770.316000		
173.000000	-770.700000		
173.500000	-770.543000		
174.000000	-770.787000		
174.500000	-770.355000		
175.000000	-770.469000		
175.500000	-770.488000		
176.000000	-769.796000		
176.500000	-770.170000		
177.000000	-769.674000		
177.500000	-769.317000		
178.000000	-769.440000		
178.500000	-769.204000		
179.000000	-769.196000		
179.500000	-769.525000		
180.000000	-769.582000		
180.500000	-769.867000		
181.000000	-770.115000		
181.500000	-770.137000		
182.000000	-770.260000		
182.500000	-770.097000		
183.000000	-770.153000		
183.500000	-770.088000		
184.000000	-770.040000		
184.500000	-770.543000		
185.000000	-770.595000		
185.500000	-770.765000		
186.000000	-770.827000		
186.500000	-770.514000		
187.000000	-770.360000		
187.500000	-769.969000		
188.000000	-769.803000		
188.500000	-769.964000		
189.000000	-769.383000		
189.500000	-769.668000		
190.000000	-769.874000		
190.500000	-769.973000		
191.000000	-770.257000		
191.500000	-770.024000		
192.000000	-769.979000		
192.500000	-770.092000		
193.000000	-770.125000		
193.500000	-770.111000		
194.000000	-769.961000		
194.500000	-769.863000		
195.000000	-769.739000		
195.500000	-769.909000		
196.000000	-770.147000		
196.500000	-769.744000		
197.000000	-769.396000		
197.500000	-769.698000		
198.000000	-769.411000		
198.500000	-769.531000		
199.000000	-769.411000		
199.500000	-769.740000		
200.000000	-769.516000		
200.500000	-769.407000		
201.000000	-769.706000		
201.500000	-769.645000		
202.000000	-769.793000		
202.500000	-769.920000		
203.000000	-769.745000		
203.500000	-770.059000		
204.000000	-769.677000		
204.500000	-769.272000		
205.000000	-769.078000		
205.500000	-769.101000		
206.000000	-769.327000		
206.500000	-769.500000		
207.000000	-769.358000		
207.500000	-769.394000		
208.000000	-769.036000		
208.500000	-769.231000		
209.000000	-769.235000		
209.500000	-769.144000		
210.000000	-769.630000		
210.500000	-769.573000		
211.000000	-769.499000		
211.500000	-769.608000		
212.000000	-769.567000		
212.500000	-769.514000		
213.000000	-769.433000		
213.500000	-769.950000		
214.000000	-769.727000		
214.500000	-769.441000		
215.000000	-769.482000		
215.500000	-769.156000		
216.000000	-769.205000		
216.500000	-768.986000		
217.000000	-768.952000		
217.500000	-769.125000		
218.000000	-769.183000		
218.500000	-769.577000		
219.000000	-769.418000		
219.500000	-769.610000		
220.000000	-769.454000		
220.500000	-769.672000		
221.000000	-770.156000		
221.500000	-769.936000		
222.000000	-770.375000		
222.500000	-770.067000		
223.000000	-769.849000		
223.500000	-769.876000		
224.000000	-769.571000		
224.500000	-769.943000		
225.000000	-769.599000		
225.500000	-769.305000		
226.000000	-769.015000		
226.500000	-769.137000		
227.000000	-769.367000		
227.500000	-768.826000		
228.000000	-768.909000		
228.500000	-768.937000		
229.000000	-769.054000		
229.500000	-769.354000		
230.000000	-769.072000		
230.500000	-768.928000		
231.000000	-768.883000		
231.500000	-768.997000		
232.000000	-769.131000		
232.500000	-769.316000		
233.000000	-769.698000		
233.500000	-769.439000		
234.000000	-769.654000		
234.500000	-769.502000		
235.000000	-769.170000		
235.500000	-769.061000		
236.000000	-769.047000		
236.500000	-769.327000		
237.000000	-769.351000		
237.500000	-769.517000		
238.000000	-769.365000		
238.500000	-769.236000		
239.000000	-769.089000		
239.500000	-768.542000		
240.000000	-768.426000		
240.500000	-768.234000		
241.000000	-768.613000		
241.500000	-768.864000		
242.000000	-768.752000		
242.500000	-769.047000		
243.000000	-769.083000		
243.500000	-769.309000		
244.000000	-769.122000		
244.500000	-769.012000		
245.000000	-769.134000		
245.500000	-768.892000		
246.000000	-768.606000		
246.500000	-768.383000		
247.000000	-768.776000		
247.500000	-768.764000		
248.000000	-769.031000		
248.500000	-768.801000		
249.000000	-768.867000		
249.500000	-769.326000		
250.000000	-769.193000		
250.500000	-769.115000		
251.000000	-769.024000		
251.500000	-769.187000		
252.000000	-769.000000		
252.500000	-768.723000		
253.000000	-768.766000		
253.500000	-769.145000		
254.000000	-769.594000		
254.500000	-769.203000		
255.000000	-769.015000		
255.500000	-768.678000		
256.000000	-768.379000		
256.500000	-768.589000		
257.000000	-768.759000		
257.500000	-769.204000		
258.000000	-769.259000		
258.500000	-769.402000		
259.000000	-769.147000		
259.500000	-769.074000		
260.000000	-768.799000		
260.500000	-768.823000		
261.000000	-769.415000		
261.500000	-769.575000		
262.000000	-769.658000		
262.500000	-769.943000		
263.000000	-770.397000		
263.500000	-769.786000		
264.000000	-769.645000		
264.500000	-769.690000		
265.000000	-769.313000		
265.500000	-769.509000		
266.000000	-769.649000		
266.500000	-769.597000		
267.000000	-769.178000		
267.500000	-768.885000		
268.000000	-769.215000		
268.500000	-769.053000		
269.000000	-768.724000		
269.500000	-768.381000		
270.000000	-768.658000		
270.500000	-768.327000		
271.000000	-768.305000		
271.500000	-768.577000		
272.000000	-768.804000		
272.500000	-769.052000		
273.000000	-769.153000		
273.500000	-769.606000		
274.000000	-769.128000		
274.500000	-768.690000		
275.000000	-768.754000		
275.500000	-768.838000		
276.000000	-768.664000		
276.500000	-768.863000		
277.000000	-769.102000		
277.500000	-768.563000		
278.000000	-768.388000		
278.500000	-768.193000		
279.000000	-768.495000		
279.500000	-768.240000		
280.000000	-768.162000		
280.500000	-767.992000		
281.000000	-768.012000		
281.500000	-767.935000		
282.000000	-767.939000		
282.500000	-768.227000		
283.000000	-768.077000		
283.500000	-768.109000		
284.000000	-768.138000		
284.500000	-768.046000		
285.000000	-768.167000		
285.500000	-768.058000		
286.000000	-768.005000		
286.500000	-767.519000		
287.000000	-767.945000		
287.500000	-768.095000		
288.000000	-768.501000		
288.500000	-768.083000		
289.000000	-768.254000		
289.500000	-768.551000		
290.000000	-768.373000		
290.500000	-768.367000		
291.000000	-768.352000		
291.500000	-768.644000		
292.000000	-768.545000		
292.500000	-768.885000		
293.000000	-768.674000		
293.500000	-768.909000		
294.000000	-768.653000		
294.500000	-768.867000		
295.000000	-768.768000		
295.500000	-768.801000		
296.000000	-768.543000		
296.500000	-767.897000		
297.000000	-767.896000		
297.500000	-767.673000		
298.000000	-768.267000		
298.500000	-768.375000		
299.000000	-768.456000		
299.500000	-768.223000		
300.000000	-768.299000		
300.500000	-768.179000		
301.000000	-767.890000		
301.500000	-768.102000		
302.000000	-768.054000		
302.500000	-768.038000		
303.000000	-767.788000		
303.500000	-768.369000		
304.000000	-768.394000		
304.500000	-768.647000		
305.000000	-768.405000		
305.500000	-768.341000		
306.000000	-768.159000		
306.500000	-768.272000		
307.000000	-768.087000		
307.500000	-767.654000		
308.000000	-768.062000		
308.500000	-767.631000		
309.000000	-767.714000		
309.500000	-767.664000		
310.000000	-767.701000		
310.500000	-767.642000		
311.000000	-767.528000		
311.500000	-767.663000		
312.000000	-767.672000		
312.500000	-767.678000		
313.000000	-767.463000		
313.500000	-767.381000		
314.000000	-767.097000		
314.500000	-766.780000		
315.000000	-766.381000		
315.500000	-766.431000		
316.000000	-766.409000		
316.500000	-766.801000		
317.000000	-766.582000		
317.500000	-766.659000		
318.000000	-766.793000		
318.500000	-766.961000		
319.000000	-767.157000		
319.500000	-767.328000		
320.000000	-767.642000		
320.500000	-767.688000		
321.000000	-767.587000		
321.500000	-767.661000		
322.000000	-768.017000		
322.500000	-767.882000		
323.000000	-767.575000		
323.500000	-767.284000		
324.000000	-767.631000		
324.500000	-767.842000		
325.000000	-768.044000		
325.500000	-768.193000		
326.000000	-768.042000		
326.500000	-767.980000		
327.000000	-767.735000		
327.500000	-768.212000		
328.000000	-767.935000		
328.500000	-768.197000		
329.000000	-767.710000		
329.500000	-767.958000		
330.000000	-767.813000		
330.500000	-767.831000		
331.000000	-767.697000		
331.500000	-767.829000		
332.000000	-767.801000		
332.500000	-767.632000		
333.000000	-767.365000		
333.500000	-767.102000		
334.000000	-767.090000		
334.500000	-767.292000		
335.000000	-767.353000		
335.500000	-766.983000		
336.000000	-766.782000		
336.500000	-766.801000		
337.000000	-767.124000		
337.500000	-767.093000		
338.000000	-767.276000		
338.500000	-767.762000		
339.000000	-767.661000		
339.500000	-767.738000		
340.000000	-767.683000		
340.500000	-767.438000		
341.000000	-767.089000		
341.500000	-767.482000		
342.000000	-767.194000		
342.500000	-767.510000		
343.000000	-767.424000		
343.500000	-767.606000		
344.000000	-767.506000		
344.500000	-767.630000		
345.000000	-767.214000		
345.500000	-767.447000		
346.000000	-767.597000		
346.500000	-767.698000		
347.000000	-767.577000		
347.500000	-767.611000		
348.000000	-767.722000		
348.500000	-767.559000		
349.000000	-767.315000		
349.500000	-766.953000		
350.000000	-767.213000		
350.500000	-767.069000		
351.000000	-766.943000		
351.500000	-767.103000		
352.000000	-767.630000		
352.500000	-767.805000		
353.000000	-767.748000		
353.500000	-767.537000		
354.000000	-767.863000		
354.500000	-767.290000		
355.000000	-767.280000		
355.500000	-767.235000		
356.000000	-767.477000		
356.500000	-767.460000		
357.000000	-767.387000		
357.500000	-767.360000		
358.000000	-767.297000		
358.500000	-767.431000		
359.000000	-767.366000		
359.500000	-767.367000		
360.000000	-767.658000		
360.500000	-767.834000		
361.000000	-767.701000		
361.500000	-767.930000		
362.000000	-767.176000		
362.500000	-767.199000		
363.000000	-767.097000		
363.500000	-766.901000		
364.000000	-766.972000		
364.500000	-766.999000		
365.000000	-766.836000		
365.500000	-767.342000		
366.000000	-767.390000		
366.500000	-767.998000		
367.000000	-767.580000		
367.500000	-767.545000		
368.000000	-767.795000		
368.500000	-767.966000		
369.000000	-767.996000		
369.500000	-767.993000		
370.000000	-767.974000		
370.500000	-767.639000		
371.000000	-767.604000		
371.500000	-767.551000		
372.000000	-767.255000		
372.500000	-766.895000		
373.000000	-766.997000		
373.500000	-766.891000		
374.000000	-767.027000		
374.500000	-767.019000		
375.000000	-767.125000		
375.500000	-766.762000		
376.000000	-767.032000		
376.500000	-766.906000		
377.000000	-767.438000		
377.500000	-767.148000		
378.000000	-766.930000		
378.500000	-766.978000		
379.000000	-767.157000		
379.500000	-767.579000		
380.000000	-767.744000		
380.500000	-767.361000		
381.000000	-767.248000		
381.500000	-767.366000		
382.000000	-766.950000		
382.500000	-766.737000		
383.000000	-766.973000		
383.500000	-767.191000		
384.000000	-766.927000		
384.500000	-767.037000		
385.000000	-767.158000		
385.500000	-767.491000		
386.000000	-767.073000		
386.500000	-767.050000		
387.000000	-767.027000		
387.500000	-767.315000		
388.000000	-767.120000		
388.500000	-767.446000		
389.000000	-767.611000		
389.500000	-767.973000		
390.000000	-767.798000		
390.500000	-767.737000		
391.000000	-767.708000		
391.500000	-767.979000		
392.000000	-767.575000		
392.500000	-767.554000		
393.000000	-767.355000		
393.500000	-767.501000		
394.000000	-767.266000		
394.500000	-767.431000		
395.000000	-767.677000		
395.500000	-767.410000		
396.000000	-767.419000		
396.500000	-767.695000		
397.000000	-767.723000		
397.500000	-767.578000		
398.000000	-767.400000		
398.500000	-767.522000		
399.000000	-767.718000		
399.500000	-767.709000		
400.000000	-767.479000		
400.500000	-767.299000		
401.000000	-767.329000		
401.500000	-767.559000		
402.000000	-767.527000		
402.500000	-767.285000		
403.000000	-767.337000		
403.500000	-767.393000		
404.000000	-767.452000		
404.500000	-767.615000		
405.000000	-767.747000		
405.500000	-767.655000		
406.000000	-767.458000		
406.500000	-767.232000		
407.000000	-767.176000		
407.500000	-766.923000		
408.000000	-767.190000		
408.500000	-767.134000		
409.000000	-767.658000		
409.500000	-767.281000		
410.000000	-767.089000		
410.500000	-766.973000		
411.000000	-767.140000		
411.500000	-767.031000		
412.000000	-767.163000		
412.500000	-766.972000		
413.000000	-767.341000		
413.500000	-766.917000		
414.000000	-766.758000		
414.500000	-766.777000		
415.000000	-766.963000		
415.500000	-766.720000		
416.000000	-766.950000		
416.500000	-766.847000		
417.000000	-766.768000		
417.500000	-766.808000		
418.000000	-766.664000		
418.500000	-766.296000		
419.000000	-766.497000		
419.500000	-766.412000		
420.000000	-766.579000		
420.500000	-766.663000		
421.000000	-767.119000		
421.500000	-766.801000		
422.000000	-766.610000		
422.500000	-766.715000		
423.000000	-766.964000		
423.500000	-766.929000		
424.000000	-766.857000		
424.500000	-766.643000		
425.000000	-766.865000		
425.500000	-766.777000		
426.000000	-766.822000		
426.500000	-766.831000		
427.000000	-766.898000		
427.500000	-766.742000		
428.000000	-766.769000		
428.500000	-766.521000		
429.000000	-766.664000		
429.500000	-766.454000		
430.000000	-766.467000		
430.500000	-766.265000		
431.000000	-766.175000		
431.500000	-766.099000		
432.000000	-765.998000		
432.500000	-766.293000		
433.000000	-766.438000		
433.500000	-766.565000		
434.000000	-766.441000		
434.500000	-766.478000		
435.000000	-766.450000		
435.500000	-766.636000		
436.000000	-766.635000		
436.500000	-766.838000		
437.000000	-766.550000		
437.500000	-766.764000		
438.000000	-766.671000		
438.500000	-766.556000		
439.000000	-766.192000		
439.500000	-766.237000		
440.000000	-766.490000		
440.500000	-766.660000		
441.000000	-766.671000		
441.500000	-766.523000		
442.000000	-766.445000		
442.500000	-766.470000		
443.000000	-766.262000		
443.500000	-766.343000		
444.000000	-766.192000		
444.500000	-766.005000		
445.000000	-765.880000		
445.500000	-766.093000		
446.000000	-765.924000		
446.500000	-766.153000		
447.000000	-766.030000		
447.500000	-766.417000		
448.000000	-766.147000		
448.500000	-766.372000		
449.000000	-766.626000		
449.500000	-766.581000		
450.000000	-766.164000		
450.500000	-766.197000		
451.000000	-766.053000		
451.500000	-766.372000		
452.000000	-766.527000		
452.500000	-766.804000		
453.000000	-766.610000		
453.500000	-766.536000		
454.000000	-766.238000		
454.500000	-766.786000		
455.000000	-766.209000		
455.500000	-766.311000		
456.000000	-766.260000		
456.500000	-766.139000		
457.000000	-766.048000		
457.500000	-766.383000		
458.000000	-766.363000		
458.500000	-766.450000		
459.000000	-766.441000		
459.500000	-766.797000		
460.000000	-766.748000		
460.500000	-767.004000		
461.000000	-766.740000		
461.500000	-766.563000		
462.000000	-766.476000		
462.500000	-766.525000		
463.000000	-766.459000		
463.500000	-765.997000		
464.000000	-765.800000		
464.500000	-765.935000		
465.000000	-765.846000		
465.500000	-765.663000		
466.000000	-765.589000		
466.500000	-765.691000		
467.000000	-765.626000		
467.500000	-766.151000		
468.000000	-766.225000		
468.500000	-766.176000		
469.000000	-765.776000		
469.500000	-765.932000		
470.000000	-765.953000		
470.500000	-765.689000		
471.000000	-765.533000		
471.500000	-765.356000		
472.000000	-765.417000		
472.500000	-765.486000		
473.000000	-765.552000		
473.500000	-765.798000		
474.000000	-766.037000		
474.500000	-766.067000		
475.000000	-765.701000		
475.500000	-765.664000		
476.000000	-765.637000		
476.500000	-765.512000		
477.000000	-765.536000		
477.500000	-765.891000		
478.000000	-765.834000		
478.500000	-765.746000		
479.000000	-765.705000		
479.500000	-765.628000		
480.000000	-765.969000		
480.500000	-766.032000		
481.000000	-765.988000		
481.500000	-765.796000		
482.000000	-766.035000		
482.500000	-765.796000		
483.000000	-765.723000		
483.500000	-765.353000		
484.000000	-765.532000		
484.500000	-765.505000		
485.000000	-765.269000		
485.500000	-765.176000		
486.000000	-765.369000		
486.500000	-765.259000		
487.000000	-765.779000		
487.500000	-765.390000		
488.000000	-765.545000		
488.500000	-765.730000		
489.000000	-765.764000		
489.500000	-765.351000		
490.000000	-765.191000		
490.500000	-765.306000		
491.000000	-765.858000		
491.500000	-765.988000		
492.000000	-766.357000		
492.500000	-766.481000		
493.000000	-766.612000		
493.500000	-766.578000		
494.000000	-766.627000		
494.500000	-766.454000		
495.000000	-766.313000		
495.500000	-765.966000		
496.000000	-766.010000		
496.500000	-766.034000		
497.000000	-766.540000		
497.500000	-766.488000		
498.000000	-766.559000		
498.500000	-766.164000		
499.000000	-766.460000		
499.500000	-766.572000		
500.000000	-766.815000		
500.500000	-766.554000		
501.000000	-766.761000		
501.500000	-766.776000		
502.000000	-766.833000		
502.500000	-766.416000		
503.000000	-766.538000		
503.500000	-766.532000		
504.000000	-766.589000		
504.500000	-766.442000		
505.000000	-766.393000		
505.500000	-766.107000		
506.000000	-766.583000		
506.500000	-766.871000		
507.000000	-766.625000		
507.500000	-766.376000		
508.000000	-766.284000		
508.500000	-766.209000		
509.000000	-766.166000		
509.500000	-765.990000		
510.000000	-765.958000		
510.500000	-766.090000		
511.000000	-765.585000		
511.500000	-765.421000		
512.000000	-765.808000		
512.500000	-765.638000		
513.000000	-765.696000		
513.500000	-765.405000		
514.000000	-765.563000		
514.500000	-765.107000		
515.000000	-764.854000		
515.500000	-765.131000		
516.000000	-765.247000		
516.500000	-765.485000		
517.000000	-765.790000		
517.500000	-765.821000		
518.000000	-765.767000		
518.500000	-766.067000		
519.000000	-766.154000		
519.500000	-765.981000		
520.000000	-765.603000		
520.500000	-765.648000		
521.000000	-765.413000		
521.500000	-765.422000		
522.000000	-765.465000		
522.500000	-765.592000		
523.000000	-765.293000		
523.500000	-765.412000		
524.000000	-765.522000		
524.500000	-765.999000		
525.000000	-765.792000		
525.500000	-765.739000		
526.000000	-765.049000		
526.500000	-765.069000		
527.000000	-765.006000		
527.500000	-764.969000		
528.000000	-765.047000		
528.500000	-765.301000		
529.000000	-765.423000		
529.500000	-765.520000		
530.000000	-765.407000		
530.500000	-765.911000		
531.000000	-765.856000		
531.500000	-766.029000		
532.000000	-765.690000		
532.500000	-765.871000		
533.000000	-765.652000		
533.500000	-765.172000		
534.000000	-765.244000		
534.500000	-765.357000		
535.000000	-765.529000		
535.500000	-765.628000		
536.000000	-765.626000		
536.500000	-765.841000		
537.000000	-766.113000		
537.500000	-765.818000		
538.000000	-765.388000		
538.500000	-765.276000		
539.000000	-765.474000		
539.500000	-765.098000		
540.000000	-765.262000		
540.500000	-764.970000		
541.000000	-765.121000		
541.500000	-765.409000		
542.000000	-765.832000		
542.500000	-765.337000		
543.000000	-765.134000		
543.500000	-764.979000		
544.000000	-765.131000		
544.500000	-764.845000		
545.000000	-764.918000		
545.500000	-764.761000		
546.000000	-764.868000		
546.500000	-764.731000		
547.000000	-764.864000		
547.500000	-764.899000		
548.000000	-764.908000		
548.500000	-764.525000		
549.000000	-764.622000		
549.500000	-764.953000		
550.000000	-765.304000		
550.500000	-765.002000		
551.000000	-765.016000		
551.500000	-765.185000		
552.000000	-765.399000		
552.500000	-765.505000		
553.000000	-765.349000		
553.500000	-765.198000		
554.000000	-764.860000		
554.500000	-765.192000		
555.000000	-765.039000		
555.500000	-765.423000		
556.000000	-765.358000		
556.500000	-765.071000		
557.000000	-764.996000		
557.500000	-764.874000		
558.000000	-764.664000		
558.500000	-764.938000		
559.000000	-764.788000		
559.500000	-764.840000		
560.000000	-764.769000		
560.500000	-764.747000		
561.000000	-764.675000		
561.500000	-764.826000		
562.000000	-765.012000		
562.500000	-764.862000		
563.000000	-764.903000		
563.500000	-765.050000		
564.000000	-765.052000		
564.500000	-765.167000		
565.000000	-765.286000		
565.500000	-765.344000		
566.000000	-765.366000		
566.500000	-765.292000		
567.000000	-765.343000		
567.500000	-765.718000		
568.000000	-765.564000		
568.500000	-765.420000		
569.000000	-765.221000		
569.500000	-765.172000		
570.000000	-765.275000		
570.500000	-765.224000		
571.000000	-765.392000		
571.500000	-765.324000		
572.000000	-765.565000		
572.500000	-765.072000		
573.000000	-765.185000		
573.500000	-765.152000		
574.000000	-765.230000		
574.500000	-765.186000		
575.000000	-765.366000		
575.500000	-765.249000		
576.000000	-765.283000		
576.500000	-765.183000		
577.000000	-765.199000		
577.500000	-765.059000		
578.000000	-765.218000		
578.500000	-765.373000		
579.000000	-765.286000		
579.500000	-765.589000		
580.000000	-765.734000		
580.500000	-765.601000		
581.000000	-765.285000		
581.500000	-765.844000		
582.000000	-765.559000		
582.500000	-765.483000		
583.000000	-765.357000		
583.500000	-765.102000		
584.000000	-765.090000		
584.500000	-765.304000		
585.000000	-765.086000		
585.500000	-765.481000		
586.000000	-765.378000		
586.500000	-765.292000		
587.000000	-765.014000		
587.500000	-764.742000		
588.000000	-764.469000		
588.500000	-764.771000		
589.000000	-764.984000		
589.500000	-765.024000		
590.000000	-764.741000		
590.500000	-764.549000		
591.000000	-764.763000		
591.500000	-764.726000		
592.000000	-764.681000		
592.500000	-764.857000		
593.000000	-764.902000		
593.500000	-764.757000		
594.000000	-764.982000		
594.500000	-765.092000		
595.000000	-765.221000		
595.500000	-764.876000		
596.000000	-765.303000		
596.500000	-765.000000		
597.000000	-764.941000		
597.500000	-764.719000		
598.000000	-764.630000		
598.500000	-764.716000		
599.000000	-765.036000		
599.500000	-764.638000		
600.000000	-764.836000		
600.500000	-764.640000		
601.000000	-764.858000		
601.500000	-764.493000		
602.000000	-764.476000		
602.500000	-764.530000		
603.000000	-764.314000		
603.500000	-764.146000		
604.000000	-764.179000		
604.500000	-764.655000		
605.000000	-764.214000		
605.500000	-764.493000		
606.000000	-764.067000		
606.500000	-763.973000		
607.000000	-764.139000		
607.500000	-764.531000		
608.000000	-764.266000		
608.500000	-764.284000		
609.000000	-764.226000		
609.500000	-764.308000		
610.000000	-764.327000		
610.500000	-764.379000		
611.000000	-764.463000		
611.500000	-764.544000		
612.000000	-764.527000		
612.500000	-764.663000		
613.000000	-764.957000		
613.500000	-764.962000		
614.000000	-764.871000		
614.500000	-764.535000		
615.000000	-764.485000		
615.500000	-764.801000		
616.000000	-764.688000		
616.500000	-764.726000		
617.000000	-764.804000		
617.500000	-764.489000		
618.000000	-764.646000		
618.500000	-764.549000		
619.000000	-764.519000		
619.500000	-764.580000		
620.000000	-764.676000		
620.500000	-764.627000		
621.000000	-764.452000		
621.500000	-764.621000		
622.000000	-764.825000		
622.500000	-764.677000		
623.000000	-764.734000		
623.500000	-764.786000		
624.000000	-764.464000		
624.500000	-764.629000		
625.000000	-764.676000		
625.500000	-764.860000		
626.000000	-764.561000		
626.500000	-764.580000		
627.000000	-764.275000		
627.500000	-764.511000		
628.000000	-764.304000		
628.500000	-764.376000		
629.000000	-764.264000		
629.500000	-764.408000		
630.000000	-764.617000		
630.500000	-764.847000		
631.000000	-764.510000		
631.500000	-764.597000		
632.000000	-764.410000		
632.500000	-764.422000		
633.000000	-764.526000		
633.500000	-764.176000		
634.000000	-764.198000		
634.500000	-764.176000		
635.000000	-764.380000		
635.500000	-764.348000		
636.000000	-764.171000		
636.500000	-764.028000		
637.000000	-764.078000		
637.500000	-763.965000		
638.000000	-764.003000		
638.500000	-763.997000		
639.000000	-763.880000		
639.500000	-763.724000		
640.000000	-763.848000		
640.500000	-763.677000		
641.000000	-764.086000		
641.500000	-764.383000		
642.000000	-764.399000		
642.500000	-764.369000		
643.000000	-764.359000		
643.500000	-764.443000		
644.000000	-764.377000		
644.500000	-764.888000		
645.000000	-764.941000		
645.500000	-764.743000		
646.000000	-764.600000		
646.500000	-764.924000		
647.000000	-764.582000		
647.500000	-764.812000		
648.000000	-764.669000		
648.500000	-764.327000		
649.000000	-764.419000		
649.500000	-764.307000		
650.000000	-764.172000		
650.500000	-764.315000		
651.000000	-764.347000		
651.500000	-764.089000		
652.000000	-763.980000		
652.500000	-764.014000		
653.000000	-764.066000		
653.500000	-764.069000		
654.000000	-764.268000		
654.500000	-764.466000		
655.000000	-764.709000		
655.500000	-764.440000		
656.000000	-764.526000		
656.500000	-764.285000		
657.000000	-764.439000		
657.500000	-764.221000		
658.000000	-764.413000		
658.500000	-764.583000		
659.000000	-764.701000		
659.500000	-764.752000		
660.000000	-764.460000		
660.500000	-764.161000		
661.000000	-764.052000		
661.500000	-764.268000		
662.000000	-764.246000		
662.500000	-764.090000		
663.000000	-764.082000		
663.500000	-764.241000		
664.000000	-763.686000		
664.500000	-763.579000		
665.000000	-763.276000		
665.500000	-763.235000		
666.000000	-763.573000		
666.500000	-763.815000		
667.000000	-763.817000		
667.500000	-764.033000		
668.000000	-763.757000		
668.500000	-763.670000		
669.000000	-763.535000		
669.500000	-763.443000		
670.000000	-763.698000		
670.500000	-763.821000		
671.000000	-763.831000		
671.500000	-763.955000		
672.000000	-764.039000		
672.500000	-763.416000		
673.000000	-763.646000		
673.500000	-763.363000		
674.000000	-763.664000		
674.500000	-763.841000		
675.000000	-763.926000		
675.500000	-763.726000		
676.000000	-763.721000		
676.500000	-763.685000		
677.000000	-763.431000		
677.500000	-763.434000		
678.000000	-763.437000		
678.500000	-763.494000		
679.000000	-763.304000		
679.500000	-763.037000		
680.000000	-763.350000		
680.500000	-763.379000		
681.000000	-763.549000		
681.500000	-763.822000		
682.000000	-763.878000		
682.500000	-763.804000		
683.000000	-763.648000		
683.500000	-763.666000		
684.000000	-763.706000		
684.500000	-763.965000		
685.000000	-763.963000		
685.500000	-763.783000		
686.000000	-763.707000		
686.500000	-763.653000		
687.000000	-763.834000		
687.500000	-763.712000		
688.000000	-763.740000		
688.500000	-763.853000		
689.000000	-763.793000		
689.500000	-763.583000		
690.000000	-763.673000		
690.500000	-763.203000		
691.000000	-763.401000		
691.500000	-763.180000		
692.000000	-763.516000		
692.500000	-763.603000		
693.000000	-763.886000		
693.500000	-763.754000		
694.000000	-763.629000		
694.500000	-763.653000		
695.000000	-763.787000		
695.500000	-763.789000		
696.000000	-763.828000		
696.500000	-764.180000		
697.000000	-764.146000		
697.500000	-764.308000		
698.000000	-763.921000		
698.500000	-764.066000		
699.000000	-764.020000		
699.500000	-764.193000		
700.000000	-764.253000		
700.500000	-763.876000		
701.000000	-763.533000		
701.500000	-763.140000		
702.000000	-763.098000		
702.500000	-763.080000		
703.000000	-763.178000		
703.500000	-763.019000		
704.000000	-763.167000		
704.500000	-763.114000		
705.000000	-763.660000		
705.500000	-763.591000		
706.000000	-763.995000		
706.500000	-763.676000		
707.000000	-763.367000		
707.500000	-763.048000		
708.000000	-763.005000		
708.500000	-762.739000		
709.000000	-763.011000		
709.500000	-763.266000		
710.000000	-763.221000		
710.500000	-763.348000		
711.000000	-763.390000		
711.500000	-763.400000		
712.000000	-763.206000		
712.500000	-763.291000		
713.000000	-763.074000		
713.500000	-763.016000		
714.000000	-762.850000		
714.500000	-763.031000		
715.000000	-763.298000		
715.500000	-763.697000		
716.000000	-763.594000		
716.500000	-763.648000		
717.000000	-763.256000		
717.500000	-763.023000		
718.000000	-763.336000		
718.500000	-763.628000		
719.000000	-763.765000		
719.500000	-763.496000		
720.000000	-763.431000		
720.500000	-763.091000		
721.000000	-763.193000		
721.500000	-763.055000		
722.000000	-763.329000		
722.500000	-763.006000		
723.000000	-763.214000		
723.500000	-763.185000		
724.000000	-763.098000		
724.500000	-763.234000		
725.000000	-762.983000		
725.500000	-763.094000		
726.000000	-762.810000		
726.500000	-762.951000		
727.000000	-762.889000		
727.500000	-762.915000		
728.000000	-762.799000		
728.500000	-762.756000		
729.000000	-762.489000		
729.500000	-762.679000		
730.000000	-762.525000		
730.500000	-762.470000		
731.000000	-762.779000		
731.500000	-762.774000		
732.000000	-762.930000		
732.500000	-762.844000		
733.000000	-762.773000		
733.500000	-762.652000		
734.000000	-762.780000		
734.500000	-762.795000		
735.000000	-763.420000		
735.500000	-763.238000		
736.000000	-763.148000		
736.500000	-762.987000		
737.000000	-763.166000		
737.500000	-763.079000		
738.000000	-763.139000		
738.500000	-763.226000		
739.000000	-763.158000		
739.500000	-763.080000		
740.000000	-763.158000		
740.500000	-762.937000		
741.000000	-762.804000		
741.500000	-762.810000		
742.000000	-762.427000		
742.500000	-762.408000		
743.000000	-762.285000		
743.500000	-762.486000		
744.000000	-762.571000		
744.500000	-762.888000		
745.000000	-762.832000		
745.500000	-762.607000		
746.000000	-762.691000		
746.500000	-762.665000		
747.000000	-762.819000		
747.500000	-763.309000		
748.000000	-763.431000		
748.500000	-762.990000		
749.000000	-763.344000		
749.500000	-763.282000		
750.000000	-763.090000		
750.500000	-763.015000		
751.000000	-762.703000		
751.500000	-762.725000		
752.000000	-762.901000		
752.500000	-763.235000		
753.000000	-763.381000		
753.500000	-763.348000		
754.000000	-763.489000		
754.500000	-763.735000		
755.000000	-763.128000		
755.500000	-762.960000		
756.000000	-763.047000		
756.500000	-763.144000		
757.000000	-762.806000		
757.500000	-762.818000		
758.000000	-762.498000		
758.500000	-762.551000		
759.000000	-762.624000		
759.500000	-762.782000		
760.000000	-762.614000		
760.500000	-762.622000		
761.000000	-762.879000		
761.500000	-762.663000		
762.000000	-762.918000		
762.500000	-763.016000		
763.000000	-763.013000		
763.500000	-762.290000		
764.000000	-762.452000		
764.500000	-762.889000		
765.000000	-762.925000		
765.500000	-762.949000		
766.000000	-762.753000		
766.500000	-762.708000		
767.000000	-762.058000		
767.500000	-762.175000		
768.000000	-762.130000		
768.500000	-762.350000		
769.000000	-762.511000		
769.500000	-762.535000		
770.000000	-762.353000		
770.500000	-762.588000		
771.000000	-762.603000		
771.500000	-762.634000		
772.000000	-762.780000		
772.500000	-762.907000		
773.000000	-762.512000		
773.500000	-762.358000		
774.000000	-762.603000		
774.500000	-762.305000		
775.000000	-762.744000		
775.500000	-762.721000		
776.000000	-762.875000		
776.500000	-762.630000		
777.000000	-762.701000		
777.500000	-762.989000		
778.000000	-763.035000		
778.500000	-763.015000		
779.000000	-762.960000		
779.500000	-762.631000		
780.000000	-762.683000		
780.500000	-762.800000		
781.000000	-762.366000		
781.500000	-762.637000		
782.000000	-762.454000		
782.500000	-762.698000		
783.000000	-762.917000		
783.500000	-763.066000		
784.000000	-763.084000		
784.500000	-763.126000		
785.000000	-762.676000		
785.500000	-762.805000		
786.000000	-762.731000		
786.500000	-762.573000		
787.000000	-763.097000		
787.500000	-762.886000		
788.000000	-762.718000		
788.500000	-762.750000		
789.000000	-762.935000		
789.500000	-762.386000		
790.000000	-762.541000		
790.500000	-762.588000		
791.000000	-762.450000		
791.500000	-762.545000		
792.000000	-762.830000		
792.500000	-763.035000		
793.000000	-762.922000		
793.500000	-762.943000		
794.000000	-762.660000		
794.500000	-762.313000		
795.000000	-762.329000		
795.500000	-762.556000		
796.000000	-762.725000		
796.500000	-762.840000		
797.000000	-762.881000		
797.500000	-762.635000		
798.000000	-762.543000		
798.500000	-762.512000		
799.000000	-762.402000		
799.500000	-762.072000		
800.000000	-762.049000		
800.500000	-761.978000		
801.000000	-762.140000		
801.500000	-762.263000		
802.000000	-762.036000		
802.500000	-762.108000		
803.000000	-761.875000		
803.500000	-761.645000		
804.000000	-761.423000		
804.500000	-761.189000		
805.000000	-761.504000		
805.500000	-761.857000		
806.000000	-761.659000		
806.500000	-761.726000		
807.000000	-761.789000		
807.500000	-761.795000		
808.000000	-761.896000		
808.500000	-762.090000		
809.000000	-762.190000		
809.500000	-762.181000		
810.000000	-762.528000		
810.500000	-762.343000		
811.000000	-762.402000		
811.500000	-762.428000		
812.000000	-762.469000		
812.500000	-762.380000		
813.000000	-761.915000		
813.500000	-761.852000		
814.000000	-761.661000		
814.500000	-761.838000		
815.000000	-761.870000		
815.500000	-762.103000		
816.000000	-762.049000		
816.500000	-762.205000		
817.000000	-761.610000		
817.500000	-761.494000		
818.000000	-761.709000		
818.500000	-761.691000		
819.000000	-761.790000		
819.500000	-761.889000		
820.000000	-762.262000		
820.500000	-761.926000		
821.000000	-761.843000		
821.500000	-761.803000		
822.000000	-761.981000		
822.500000	-761.950000		
823.000000	-762.115000		
823.500000	-761.854000		
824.000000	-761.621000		
824.500000	-761.912000		
825.000000	-761.591000		
825.500000	-761.860000		
826.000000	-762.071000		
826.500000	-761.950000		
827.000000	-761.610000		
827.500000	-761.517000		
828.000000	-761.557000		
828.500000	-761.536000		
829.000000	-761.751000		
829.500000	-761.901000		
830.000000	-761.864000		
830.500000	-761.828000		
831.000000	-762.229000		
831.500000	-762.337000		
832.000000	-762.238000		
832.500000	-762.356000		
833.000000	-761.854000		
833.500000	-762.218000		
834.000000	-762.287000		
834.500000	-762.285000		
835.000000	-762.424000		
835.500000	-762.251000		
836.000000	-761.852000		
836.500000	-761.651000		
837.000000	-761.556000		
837.500000	-761.641000		
838.000000	-761.696000		
838.500000	-761.385000		
839.000000	-761.306000		
839.500000	-761.612000		
840.000000	-761.948000		
840.500000	-761.889000		
841.000000	-761.776000		
841.500000	-761.850000		
842.000000	-761.964000		
842.500000	-761.500000		
843.000000	-761.534000		
843.500000	-761.519000		
844.000000	-761.558000		
844.500000	-761.825000		
845.000000	-761.814000		
845.500000	-761.739000		
846.000000	-761.760000		
846.500000	-761.788000		
847.000000	-761.667000		
847.500000	-761.968000		
848.000000	-762.118000		
848.500000	-762.126000		
849.000000	-762.396000		
849.500000	-762.235000		
850.000000	-762.093000		
850.500000	-761.706000		
851.000000	-761.829000		
851.500000	-761.714000		
852.000000	-761.362000		
852.500000	-761.592000		
853.000000	-761.560000		
853.500000	-761.563000		
854.000000	-761.384000		
854.500000	-761.438000		
855.000000	-761.692000		
855.500000	-761.940000		
856.000000	-762.250000		
856.500000	-762.501000		
857.000000	-762.153000		
857.500000	-761.834000		
858.000000	-761.498000		
858.500000	-761.389000		
859.000000	-760.982000		
859.500000	-761.389000		
860.000000	-761.454000		
860.500000	-761.204000		
861.000000	-761.437000		
861.500000	-761.747000		
862.000000	-762.101000		
862.500000	-762.196000		
863.000000	-762.429000		
863.500000	-762.016000		
864.000000	-761.498000		
864.500000	-761.182000		
865.000000	-761.039000		
865.500000	-761.219000		
866.000000	-760.996000		
866.500000	-761.362000		
867.000000	-761.126000		
867.500000	-761.535000		
868.000000	-761.590000		
868.500000	-761.423000		
869.000000	-761.339000		
869.500000	-761.405000		
870.000000	-762.081000		
870.500000	-761.850000		
871.000000	-762.166000		
871.500000	-762.001000		
872.000000	-761.662000		
872.500000	-761.656000		
873.000000	-762.473000		
873.500000	-762.608000		
874.000000	-762.329000		
874.500000	-762.107000		
875.000000	-761.687000		
875.500000	-761.798000		
876.000000	-761.633000		
876.500000	-761.744000		
877.000000	-761.599000		
877.500000	-761.836000		
878.000000	-761.765000		
878.500000	-761.687000		
879.000000	-761.751000		
879.500000	-762.090000		
880.000000	-762.495000		
880.500000	-762.347000		
881.000000	-762.266000		
881.500000	-762.195000		
882.000000	-762.261000		
882.500000	-762.339000		
883.000000	-762.309000		
883.500000	-762.223000		
884.000000	-762.091000		
884.500000	-762.157000		
885.000000	-762.169000		
885.500000	-762.407000		
886.000000	-762.294000		
886.500000	-762.148000		
887.000000	-762.225000		
887.500000	-761.949000		
888.000000	-761.778000		
888.500000	-761.313000		
889.000000	-761.678000		
889.500000	-761.767000		
890.000000	-761.783000		
890.500000	-761.663000		
891.000000	-761.609000		
891.500000	-761.644000		
892.000000	-761.240000		
892.500000	-761.468000		
893.000000	-761.433000		
893.500000	-761.637000		
894.000000	-761.651000		
894.500000	-761.990000		
895.000000	-761.519000		
895.500000	-761.277000		
896.000000	-761.615000		
896.500000	-761.746000		
897.000000	-761.696000		
897.500000	-761.326000		
898.000000	-761.727000		
898.500000	-761.419000		
899.000000	-761.476000		
899.500000	-761.413000		
900.000000	-761.494000		
900.500000	-761.735000		
901.000000	-761.660000		
901.500000	-762.055000		
902.000000	-761.843000		
902.500000	-761.601000		
903.000000	-761.686000		
903.500000	-761.865000		
904.000000	-761.771000		
904.500000	-761.670000		
905.000000	-761.534000		
905.500000	-761.672000		
906.000000	-761.437000		
906.500000	-761.129000		
907.000000	-761.769000		
907.500000	-762.311000		
908.000000	-762.036000		
908.500000	-761.848000		
909.000000	-761.832000		
909.500000	-761.961000		
910.000000	-761.450000		
910.500000	-761.291000		
911.000000	-761.258000		
911.500000	-761.510000		
912.000000	-760.919000		
912.500000	-761.023000		
913.000000	-761.402000		
913.500000	-761.456000		
914.000000	-761.677000		
914.500000	-761.502000		
915.000000	-761.444000		
915.500000	-761.334000		
916.000000	-761.295000		
916.500000	-761.273000		
917.000000	-761.195000		
917.500000	-761.035000		
918.000000	-761.081000		
918.500000	-761.495000		
919.000000	-761.357000		
919.500000	-761.529000		
920.000000	-761.267000		
920.500000	-761.351000		
921.000000	-761.294000		
921.500000	-761.022000		
922.000000	-760.751000		
922.500000	-760.647000		
923.000000	-760.960000		
923.500000	-760.903000		
924.000000	-761.104000		
924.500000	-760.926000		
925.000000	-761.023000		
925.500000	-761.014000		
926.000000	-760.871000		
926.500000	-761.096000		
927.000000	-761.363000		
927.500000	-761.551000		
928.000000	-761.154000		
928.500000	-761.227000		
929.000000	-761.265000		
929.500000	-761.355000		
930.000000	-761.488000		
930.500000	-761.343000		
931.000000	-761.449000		
931.500000	-761.031000		
932.000000	-761.066000		
932.500000	-761.184000		
933.000000	-761.088000		
933.500000	-761.041000		
934.000000	-760.967000		
934.500000	-761.328000		
935.000000	-761.215000		
935.500000	-761.268000		
936.000000	-760.969000		
936.500000	-761.238000		
937.000000	-761.078000		
937.500000	-761.273000		
938.000000	-761.551000		
938.500000	-761.404000		
939.000000	-761.611000		
939.500000	-761.349000		
940.000000	-761.658000		
940.500000	-761.537000		
941.000000	-761.532000		
941.500000	-761.578000		
942.000000	-761.546000		
942.500000	-761.675000		
943.000000	-761.720000		
943.500000	-761.827000		
944.000000	-761.521000		
944.500000	-761.591000		
945.000000	-761.687000		
945.500000	-761.523000		
946.000000	-761.484000		
946.500000	-761.609000		
947.000000	-761.875000		
947.500000	-761.712000		
948.000000	-761.734000		
948.500000	-761.628000		
949.000000	-761.996000		
949.500000	-761.892000		
950.000000	-761.553000		
950.500000	-761.478000		
951.000000	-761.570000		
951.500000	-761.486000		
952.000000	-761.280000		
952.500000	-761.262000		
953.000000	-761.166000		
953.500000	-760.976000		
954.000000	-761.038000		
954.500000	-761.019000		
955.000000	-760.992000		
955.500000	-760.805000		
956.000000	-760.648000		
956.500000	-760.950000		
957.000000	-761.028000		
957.500000	-761.260000		
958.000000	-761.038000		
958.500000	-761.311000		
959.000000	-761.444000		
959.500000	-761.579000		
960.000000	-761.340000		
960.500000	-761.132000		
961.000000	-760.882000		
961.500000	-760.578000		
962.000000	-760.761000		
962.500000	-760.548000		
963.000000	-760.967000		
963.500000	-761.255000		
964.000000	-761.201000		
964.500000	-760.982000		
965.000000	-760.404000		
965.500000	-760.364000		
966.000000	-760.303000		
966.500000	-760.446000		
967.000000	-760.501000		
967.500000	-760.532000		
968.000000	-760.813000		
968.500000	-760.898000		
969.000000	-760.848000		
969.500000	-760.720000		
970.000000	-760.561000		
970.500000	-760.758000		
971.000000	-760.831000		
971.500000	-761.243000		
972.000000	-760.749000		
972.500000	-760.485000		
973.000000	-760.616000		
973.500000	-760.943000		
974.000000	-760.820000		
974.500000	-760.702000		
975.000000	-760.653000		
975.500000	-761.082000		
976.000000	-761.354000		
976.500000	-760.926000		
977.000000	-761.177000		
977.500000	-761.294000		
978.000000	-761.074000		
978.500000	-761.008000		
979.000000	-761.019000		
979.500000	-760.929000		
980.000000	-761.018000		
980.500000	-761.024000		
981.000000	-761.016000		
981.500000	-760.756000		
982.000000	-760.661000		
982.500000	-760.766000		
983.000000	-760.959000		
983.500000	-761.022000		
984.000000	-761.091000		
984.500000	-760.916000		
985.000000	-761.415000		
985.500000	-761.683000		
986.000000	-761.141000		
986.500000	-760.957000		
987.000000	-760.971000		
987.500000	-761.237000		
988.000000	-761.388000		
988.500000	-761.631000		
989.000000	-761.463000		
989.500000	-761.141000		
990.000000	-761.165000		
990.500000	-760.931000		
991.000000	-760.957000		
991.500000	-760.701000		
992.000000	-760.925000		
992.500000	-761.042000		
993.000000	-761.306000		
993.500000	-761.579000		
994.000000	-761.165000		
994.500000	-761.119000		
995.000000	-760.900000		
995.500000	-760.680000		
996.000000	-760.869000		
996.500000	-760.882000		
997.000000	-761.201000		
997.500000	-761.135000		
998.000000	-761.358000		
998.500000	-761.077000		
999.000000	-760.895000		
999.500000	-760.852000		
1000.000000	-761.062000		
1000.500000	-761.346000		
1001.000000	-761.132000		
1001.500000	-761.148000		
1002.000000	-761.114000		
1002.500000	-760.916000		
1003.000000	-760.952000		
1003.500000	-761.031000		
1004.000000	-761.045000		
1004.500000	-760.805000		
1005.000000	-760.654000		
1005.500000	-760.957000		
1006.000000	-760.957000		
1006.500000	-761.355000		
1007.000000	-761.339000		
1007.500000	-761.438000		
1008.000000	-761.289000		
1008.500000	-761.565000		
1009.000000	-761.402000		
1009.500000	-761.477000		
1010.000000	-761.645000		
1010.500000	-761.055000		
1011.000000	-761.033000		
1011.500000	-761.007000		
1012.000000	-760.919000		
1012.500000	-760.877000		
1013.000000	-761.105000		
1013.500000	-760.960000		
1014.000000	-760.859000		
1014.500000	-761.050000		
1015.000000	-760.688000		
1015.500000	-761.040000		
1016.000000	-761.198000		
1016.500000	-761.080000		
1017.000000	-761.150000		
1017.500000	-761.270000		
1018.000000	-761.451000		
1018.500000	-761.507000		
1019.000000	-761.645000		
1019.500000	-761.505000		
1020.000000	-761.433000		
1020.500000	-761.263000		
1021.000000	-760.901000		
1021.500000	-761.144000		
1022.000000	-761.085000		
1022.500000	-761.611000		
1023.000000	-761.443000		
1023.500000	-761.203000		
1024.000000	-761.024000		
1024.500000	-761.192000		
1025.000000	-761.292000		
1025.500000	-760.936000		
1026.000000	-761.061000		
1026.500000	-760.834000		
1027.000000	-760.593000		
1027.500000	-760.541000		
1028.000000	-760.606000		
1028.500000	-760.999000		
1029.000000	-760.877000		
1029.500000	-760.984000		
1030.000000	-761.113000		
1030.500000	-761.089000		
1031.000000	-761.189000		
1031.500000	-760.974000		
1032.000000	-761.157000		
1032.500000	-761.133000		
1033.000000	-761.018000		
1033.500000	-760.977000		
1034.000000	-760.716000		
1034.500000	-760.651000		
1035.000000	-760.781000		
1035.500000	-760.848000		
1036.000000	-761.018000		
1036.500000	-760.937000		
1037.000000	-760.786000		
1037.500000	-760.752000		
1038.000000	-760.888000		
1038.500000	-761.012000		
1039.000000	-760.828000		
1039.500000	-760.627000		
1040.000000	-760.521000		
1040.500000	-760.836000		
1041.000000	-760.712000		
1041.500000	-760.936000		
1042.000000	-760.981000		
1042.500000	-760.707000		
1043.000000	-761.011000		
1043.500000	-760.397000		
1044.000000	-760.522000		
1044.500000	-760.635000		
1045.000000	-760.567000		
1045.500000	-760.231000		
1046.000000	-760.356000		
1046.500000	-760.626000		
1047.000000	-760.693000		
1047.500000	-760.592000		
1048.000000	-760.717000		
1048.500000	-760.543000		
1049.000000	-760.766000		
1049.500000	-760.738000		
1050.000000	-760.701000		
1050.500000	-760.599000		
1051.000000	-760.884000		
1051.500000	-760.746000		
1052.000000	-760.726000		
1052.500000	-760.640000		
1053.000000	-760.185000		
1053.500000	-760.173000		
1054.000000	-760.080000		
1054.500000	-760.357000		
1055.000000	-760.549000		
1055.500000	-760.525000		
1056.000000	-760.898000		
1056.500000	-761.022000		
1057.000000	-761.392000		
1057.500000	-761.572000		
1058.000000	-761.465000		
1058.500000	-761.377000		
1059.000000	-761.348000		
1059.500000	-761.289000		
1060.000000	-761.256000		
1060.500000	-761.122000		
1061.000000	-760.987000		
1061.500000	-760.555000		
1062.000000	-760.633000		
1062.500000	-760.939000		
1063.000000	-761.374000		
1063.500000	-761.177000		
1064.000000	-760.760000		
1064.500000	-760.925000		
1065.000000	-761.125000		
1065.500000	-761.000000		
1066.000000	-760.677000		
1066.500000	-760.298000		
1067.000000	-760.421000		
1067.500000	-760.117000		
1068.000000	-760.115000		
1068.500000	-760.048000		
1069.000000	-760.040000		
1069.500000	-760.393000		
1070.000000	-760.507000		
1070.500000	-760.632000		
1071.000000	-760.320000		
1071.500000	-760.294000		
1072.000000	-760.651000		
1072.500000	-760.642000		
1073.000000	-760.905000		
1073.500000	-761.067000		
1074.000000	-761.087000		
1074.500000	-761.060000		
1075.000000	-760.906000		
1075.500000	-760.701000		
1076.000000	-760.720000		
1076.500000	-760.876000		
1077.000000	-760.924000		
1077.500000	-761.103000		
1078.000000	-760.987000		
1078.500000	-761.116000		
1079.000000	-761.113000		
1079.500000	-761.341000		
1080.000000	-761.361000		
1080.500000	-761.418000		
1081.000000	-761.101000		
1081.500000	-761.264000		
1082.000000	-761.301000		
1082.500000	-761.419000		
1083.000000	-761.302000		
1083.500000	-761.313000		
1084.000000	-761.704000		
1084.500000	-761.615000		
1085.000000	-761.435000		
1085.500000	-761.354000		
1086.000000	-761.492000		
1086.500000	-761.697000		
1087.000000	-761.395000		
1087.500000	-761.111000		
1088.000000	-761.028000		
1088.500000	-760.843000		
1089.000000	-760.908000		
1089.500000	-761.483000		
1090.000000	-761.439000		
1090.500000	-761.017000		
1091.000000	-760.538000		
1091.500000	-760.696000		
1092.000000	-760.746000		
1092.500000	-760.695000		
1093.000000	-760.689000		
1093.500000	-760.766000		
1094.000000	-760.776000		
1094.500000	-760.944000		
1095.000000	-761.187000		
1095.500000	-761.118000		
1096.000000	-760.952000		
1096.500000	-760.791000		
1097.000000	-760.879000		
1097.500000	-760.861000		
1098.000000	-760.865000		
1098.500000	-760.583000		
1099.000000	-760.605000		
1099.500000	-760.699000		
1100.000000	-760.483000		
1100.500000	-760.348000		
1101.000000	-760.143000		
1101.500000	-760.235000		
1102.000000	-760.564000		
1102.500000	-760.326000		
1103.000000	-760.571000		
1103.500000	-760.715000		
1104.000000	-760.425000		
1104.500000	-760.654000		
1105.000000	-760.438000		
1105.500000	-760.253000		
1106.000000	-760.351000		
1106.500000	-760.680000		
1107.000000	-761.170000		
1107.500000	-761.278000		
1108.000000	-760.998000		
1108.500000	-761.195000		
1109.000000	-761.014000		
1109.500000	-761.271000		
1110.000000	-761.122000		
1110.500000	-760.895000		
1111.000000	-760.611000		
1111.500000	-760.767000		
1112.000000	-760.515000		
1112.500000	-760.256000		
1113.000000	-760.345000		
1113.500000	-760.075000		
1114.000000	-760.146000		
1114.500000	-760.486000		
1115.000000	-760.732000		
1115.500000	-760.736000		
1116.000000	-760.420000		
1116.500000	-760.543000		
1117.000000	-760.189000		
1117.500000	-760.112000		
1118.000000	-760.521000		
1118.500000	-760.278000		
1119.000000	-760.433000		
1119.500000	-760.536000		
1120.000000	-760.673000		
1120.500000	-760.634000		
1121.000000	-760.580000		
1121.500000	-760.591000		
1122.000000	-760.340000		
1122.500000	-760.388000		
1123.000000	-760.618000		
1123.500000	-760.542000		
1124.000000	-760.634000		
1124.500000	-760.767000		
1125.000000	-760.880000		
1125.500000	-760.632000		
1126.000000	-760.397000		
1126.500000	-760.396000		
1127.000000	-760.393000		
1127.500000	-760.597000		
1128.000000	-760.226000		
1128.500000	-760.440000		
1129.000000	-760.622000		
1129.500000	-760.420000		
1130.000000	-760.715000		
1130.500000	-760.546000		
1131.000000	-760.310000		
1131.500000	-760.540000		
1132.000000	-760.480000		
1132.500000	-760.437000		
1133.000000	-760.229000		
1133.500000	-760.517000		
1134.000000	-760.606000		
1134.500000	-760.590000		
1135.000000	-760.276000		
1135.500000	-759.983000		
1136.000000	-759.929000		
1136.500000	-760.047000		
1137.000000	-759.848000		
1137.500000	-759.978000		
1138.000000	-759.956000		
1138.500000	-760.003000		
1139.000000	-759.805000		
1139.500000	-759.846000		
1140.000000	-760.059000		
1140.500000	-760.061000		
1141.000000	-760.179000		
1141.500000	-759.959000		
1142.000000	-760.130000		
1142.500000	-760.456000		
1143.000000	-760.210000		
1143.500000	-760.396000		
1144.000000	-760.396000		
1144.500000	-760.646000		
1145.000000	-761.025000		
1145.500000	-761.027000		
1146.000000	-761.085000		
1146.500000	-761.193000		
1147.000000	-760.944000		
1147.500000	-760.417000		
1148.000000	-760.314000		
1148.500000	-760.632000		
1149.000000	-760.151000		
1149.500000	-760.045000		
1150.000000	-759.863000		
1150.500000	-759.751000		
1151.000000	-759.987000		
1151.500000	-760.015000		
1152.000000	-760.200000		
1152.500000	-760.103000		
1153.000000	-760.265000		
1153.500000	-760.532000		
1154.000000	-760.263000		
1154.500000	-760.123000		
1155.000000	-760.105000		
1155.500000	-760.195000		
1156.000000	-760.611000		
1156.500000	-760.559000		
1157.000000	-760.545000		
1157.500000	-760.285000		
1158.000000	-760.265000		
1158.500000	-760.169000		
1159.000000	-759.891000		
1159.500000	-759.941000		
1160.000000	-760.101000		
1160.500000	-759.913000		
1161.000000	-759.969000		
1161.500000	-760.256000		
1162.000000	-760.267000		
1162.500000	-760.302000		
1163.000000	-760.204000		
1163.500000	-760.007000		
1164.000000	-759.515000		
1164.500000	-759.876000		
1165.000000	-760.061000		
1165.500000	-760.588000		
1166.000000	-760.627000		
1166.500000	-760.347000		
1167.000000	-760.279000		
1167.500000	-760.052000		
1168.000000	-760.252000		
1168.500000	-760.610000		
1169.000000	-760.905000		
1169.500000	-761.076000		
1170.000000	-760.882000		
1170.500000	-760.468000		
1171.000000	-760.564000		
1171.500000	-760.133000		
1172.000000	-760.206000		
1172.500000	-760.191000		
1173.000000	-760.140000		
1173.500000	-759.975000		
1174.000000	-760.148000		
1174.500000	-760.234000		
1175.000000	-759.926000		
1175.500000	-759.966000		
1176.000000	-759.925000		
1176.500000	-759.684000		
1177.000000	-759.814000		
1177.500000	-759.875000		
1178.000000	-759.779000		
1178.500000	-759.882000		
1179.000000	-759.923000		
1179.500000	-759.747000		
1180.000000	-759.540000		
1180.500000	-759.792000		
1181.000000	-759.728000		
1181.500000	-759.636000		
1182.000000	-760.303000		
1182.500000	-760.065000		
1183.000000	-759.733000		
1183.500000	-760.041000		
1184.000000	-759.999000		
1184.500000	-760.107000		
1185.000000	-760.195000		
1185.500000	-760.560000		
1186.000000	-760.526000		
1186.500000	-760.323000		
1187.000000	-760.289000		
1187.500000	-760.145000		
1188.000000	-760.505000		
1188.500000	-760.654000		
1189.000000	-760.513000		
1189.500000	-760.345000		
1190.000000	-760.235000		
1190.500000	-760.232000		
1191.000000	-760.262000		
1191.500000	-760.456000		
1192.000000	-760.323000		
1192.500000	-760.318000		
1193.000000	-760.084000		
1193.500000	-759.899000		
1194.000000	-759.442000		
1194.500000	-759.506000		
1195.000000	-759.587000		
1195.500000	-759.701000		
1196.000000	-759.661000		
1196.500000	-759.376000		
1197.000000	-759.402000		
1197.500000	-759.563000		
1198.000000	-760.153000		
1198.500000	-760.169000		
1199.000000	-760.114000		
1199.500000	-759.866000		
1200.000000	-759.911000		
1200.500000	-760.361000		
1201.000000	-760.091000		
1201.500000	-759.918000		
1202.000000	-760.160000		
1202.500000	-760.043000		
1203.000000	-760.053000		
1203.500000	-759.828000		
1204.000000	-759.857000		
1204.500000	-760.172000		
1205.000000	-759.794000		
1205.500000	-759.977000		
1206.000000	-759.789000		
1206.500000	-759.851000		
1207.000000	-759.904000		
1207.500000	-759.714000		
1208.000000	-759.919000		
1208.500000	-759.815000		
1209.000000	-759.540000		
1209.500000	-759.480000		
1210.000000	-759.637000		
1210.500000	-759.898000		
1211.000000	-759.711000		
1211.500000	-759.539000		
1212.000000	-759.947000		
1212.500000	-759.770000		
1213.000000	-759.825000		
1213.500000	-759.761000		
1214.000000	-759.768000		
1214.500000	-760.121000		
1215.000000	-760.280000		
1215.500000	-760.358000		
1216.000000	-760.056000		
1216.500000	-759.856000		
1217.000000	-759.912000		
1217.500000	-759.669000		
1218.000000	-759.570000		
1218.500000	-759.676000		
1219.000000	-759.527000		
1219.500000	-759.898000		
1220.000000	-759.948000		
1220.500000	-759.837000		
1221.000000	-759.662000		
1221.500000	-759.815000		
1222.000000	-760.150000		
1222.500000	-760.102000		
1223.000000	-759.874000		
1223.500000	-759.891000		
1224.000000	-759.594000		
1224.500000	-759.821000		
1225.000000	-759.710000		
1225.500000	-759.828000		
1226.000000	-759.738000		
1226.500000	-759.676000		
1227.000000	-760.064000		
1227.500000	-759.807000		
1228.000000	-759.972000		
1228.500000	-760.069000		
1229.000000	-760.059000		
1229.500000	-759.983000		
1230.000000	-759.594000		
1230.500000	-759.580000		
1231.000000	-759.669000		
1231.500000	-759.990000		
1232.000000	-759.700000		
1232.500000	-759.117000		
1233.000000	-758.981000		
1233.500000	-759.204000		
1234.000000	-759.483000		
1234.500000	-759.183000		
1235.000000	-759.325000		
1235.500000	-759.126000		
1236.000000	-759.452000		
1236.500000	-759.228000		
1237.000000	-759.203000		
1237.500000	-759.577000		
1238.000000	-759.647000		
1238.500000	-759.310000		
1239.000000	-758.773000		
1239.500000	-758.776000		
1240.000000	-758.928000		
1240.500000	-759.044000		
1241.000000	-759.201000		
1241.500000	-759.101000		
1242.000000	-759.298000		
1242.500000	-759.419000		
1243.000000	-759.307000		
1243.500000	-759.442000		
1244.000000	-758.891000		
1244.500000	-759.121000		
1245.000000	-759.306000		
1245.500000	-758.947000		
1246.000000	-759.192000		
1246.500000	-759.289000		
1247.000000	-759.511000		
1247.500000	-759.579000		
1248.000000	-759.171000		
1248.500000	-759.310000		
1249.000000	-759.458000		
1249.500000	-759.624000		
1250.000000	-759.734000		
1250.500000	-759.742000		
1251.000000	-759.835000		
1251.500000	-759.795000		
1252.000000	-759.763000		
1252.500000	-759.643000		
1253.000000	-759.968000		
1253.500000	-760.138000		
1254.000000	-759.833000		
1254.500000	-759.918000		
1255.000000	-760.023000		
1255.500000	-759.716000		
1256.000000	-759.758000		
1256.500000	-759.821000		
1257.000000	-759.739000		
1257.500000	-759.765000		
1258.000000	-759.842000		
1258.500000	-760.014000		
1259.000000	-759.948000		
1259.500000	-759.805000		
1260.000000	-760.126000		
1260.500000	-760.129000		
1261.000000	-759.932000		
1261.500000	-759.698000		
1262.000000	-759.795000		
1262.500000	-759.704000		
1263.000000	-759.461000		
1263.500000	-759.150000		
1264.000000	-758.979000		
1264.500000	-759.048000		
1265.000000	-759.133000		
1265.500000	-758.996000		
1266.000000	-759.171000		
1266.500000	-759.268000		
1267.000000	-759.031000		
1267.500000	-758.852000		
1268.000000	-758.833000		
1268.500000	-759.145000		
1269.000000	-759.194000		
1269.500000	-758.924000		
1270.000000	-759.065000		
1270.500000	-759.337000		
1271.000000	-759.531000		
1271.500000	-759.599000		
1272.000000	-759.652000		
1272.500000	-759.578000		
1273.000000	-759.254000		
1273.500000	-759.416000		
1274.000000	-759.735000		
1274.500000	-759.711000		
1275.000000	-759.757000		
1275.500000	-759.939000		
1276.000000	-760.086000		
1276.500000	-760.083000		
1277.000000	-759.861000		
1277.500000	-759.887000		
1278.000000	-759.809000		
1278.500000	-759.631000		
1279.000000	-759.735000		
1279.500000	-759.579000		
1280.000000	-759.872000		
1280.500000	-760.105000		
1281.000000	-759.715000		
1281.500000	-759.730000		
1282.000000	-759.908000		
1282.500000	-759.565000		
1283.000000	-759.419000		
1283.500000	-759.398000		
1284.000000	-759.623000		
1284.500000	-759.330000		
1285.000000	-758.942000		
1285.500000	-759.141000		
1286.000000	-759.184000		
1286.500000	-759.042000		
1287.000000	-759.050000		
1287.500000	-758.816000		
1288.000000	-758.897000		
1288.500000	-758.359000		
1289.000000	-758.430000		
1289.500000	-758.503000		
1290.000000	-758.692000		
1290.500000	-759.004000		
1291.000000	-759.082000		
1291.500000	-758.923000		
1292.000000	-758.983000		
1292.500000	-758.784000		
1293.000000	-758.953000		
1293.500000	-759.270000		
1294.000000	-759.516000		
1294.500000	-759.670000		
1295.000000	-759.481000		
1295.500000	-759.753000		
1296.000000	-759.747000		
1296.500000	-759.378000		
1297.000000	-759.343000		
1297.500000	-759.211000		
1298.000000	-759.363000		
1298.500000	-759.465000		
1299.000000	-759.021000		
1299.500000	-758.778000		
1300.000000	-758.682000		
1300.500000	-758.747000		
1301.000000	-758.748000		
1301.500000	-758.745000		
1302.000000	-759.332000		
1302.500000	-759.282000		
1303.000000	-759.302000		
1303.500000	-759.346000		
1304.000000	-759.279000		
1304.500000	-759.317000		
1305.000000	-759.582000		
1305.500000	-759.368000		
1306.000000	-759.252000		
1306.500000	-759.458000		
1307.000000	-759.533000		
1307.500000	-759.581000		
1308.000000	-759.645000		
1308.500000	-759.287000		
1309.000000	-759.021000		
1309.500000	-758.864000		
1310.000000	-758.907000		
1310.500000	-759.057000		
1311.000000	-759.507000		
1311.500000	-759.417000		
1312.000000	-759.621000		
1312.500000	-759.660000		
1313.000000	-759.638000		
1313.500000	-759.540000		
1314.000000	-759.638000		
1314.500000	-760.198000		
1315.000000	-760.151000		
1315.500000	-759.953000		
1316.000000	-760.112000		
1316.500000	-760.048000		
1317.000000	-759.944000		
1317.500000	-760.340000		
1318.000000	-760.108000		
1318.500000	-760.040000		
1319.000000	-760.001000		
1319.500000	-759.626000		
1320.000000	-759.774000		
1320.500000	-759.744000		
1321.000000	-759.600000		
1321.500000	-759.858000		
1322.000000	-759.973000		
1322.500000	-760.167000		
1323.000000	-760.118000		
1323.500000	-759.767000		
1324.000000	-759.720000		
1324.500000	-759.489000		
1325.000000	-759.550000		
1325.500000	-759.659000		
1326.000000	-759.842000		
1326.500000	-759.659000		
1327.000000	-759.655000		
1327.500000	-759.457000		
1328.000000	-759.640000		
1328.500000	-759.796000		
1329.000000	-759.768000		
1329.500000	-759.241000		
1330.000000	-758.994000		
1330.500000	-758.964000		
1331.000000	-758.889000		
1331.500000	-759.410000		
1332.000000	-759.411000		
1332.500000	-759.228000		
1333.000000	-759.289000		
1333.500000	-759.255000		
1334.000000	-759.946000		
1334.500000	-760.006000		
1335.000000	-760.094000		
1335.500000	-760.106000		
1336.000000	-760.140000		
1336.500000	-759.840000		
1337.000000	-759.685000		
1337.500000	-759.251000		
1338.000000	-759.247000		
1338.500000	-759.464000		
1339.000000	-759.790000		
1339.500000	-759.682000		
1340.000000	-759.474000		
1340.500000	-759.462000		
1341.000000	-759.483000		
1341.500000	-759.452000		
1342.000000	-759.654000		
1342.500000	-759.456000		
1343.000000	-759.691000		
1343.500000	-759.943000		
1344.000000	-759.548000		
1344.500000	-759.562000		
1345.000000	-759.431000		
1345.500000	-759.364000		
1346.000000	-759.422000		
1346.500000	-759.072000		
1347.000000	-758.855000		
1347.500000	-758.945000		
1348.000000	-758.554000		
1348.500000	-758.684000		
1349.000000	-759.183000		
1349.500000	-759.220000		
1350.000000	-759.358000		
1350.500000	-759.188000		
1351.000000	-759.047000		
1351.500000	-758.907000		
1352.000000	-758.864000		
1352.500000	-758.698000		
1353.000000	-758.316000		
1353.500000	-758.626000		
1354.000000	-758.491000		
1354.500000	-758.559000		
1355.000000	-758.624000		
1355.500000	-758.644000		
1356.000000	-759.144000		
1356.500000	-759.266000		
1357.000000	-759.065000		
1357.500000	-758.939000		
1358.000000	-758.872000		
1358.500000	-758.680000		
1359.000000	-758.799000		
1359.500000	-758.777000		
1360.000000	-758.942000		
1360.500000	-759.040000		
1361.000000	-759.005000		
1361.500000	-759.352000		
1362.000000	-759.363000		
1362.500000	-759.507000		
1363.000000	-759.440000		
1363.500000	-759.200000		
1364.000000	-759.212000		
1364.500000	-759.090000		
1365.000000	-758.930000		
1365.500000	-759.019000		
1366.000000	-758.582000		
1366.500000	-758.951000		
1367.000000	-759.076000		
1367.500000	-759.362000		
1368.000000	-759.564000		
1368.500000	-759.452000		
1369.000000	-759.388000		
1369.500000	-759.179000		
1370.000000	-758.858000		
1370.500000	-758.805000		
1371.000000	-758.486000		
1371.500000	-758.503000		
1372.000000	-758.711000		
1372.500000	-758.613000		
1373.000000	-758.930000		
1373.500000	-759.141000		
1374.000000	-759.184000		
1374.500000	-759.079000		
1375.000000	-759.276000		
1375.500000	-759.672000		
1376.000000	-759.679000		
1376.500000	-759.687000		
1377.000000	-759.815000		
1377.500000	-759.630000		
1378.000000	-759.843000		
1378.500000	-759.076000		
1379.000000	-759.045000		
1379.500000	-759.147000		
1380.000000	-758.713000		
1380.500000	-758.664000		
1381.000000	-758.910000		
1381.500000	-759.000000		
1382.000000	-759.089000		
1382.500000	-759.156000		
1383.000000	-759.227000		
1383.500000	-759.340000		
1384.000000	-759.407000		
1384.500000	-759.404000		
1385.000000	-759.384000		
1385.500000	-758.633000		
1386.000000	-758.882000		
1386.500000	-759.107000		
1387.000000	-759.252000		
1387.500000	-758.892000		
1388.000000	-759.187000		
1388.500000	-759.491000		
1389.000000	-759.153000		
1389.500000	-759.155000		
1390.000000	-759.406000		
1390.500000	-758.969000		
1391.000000	-758.821000		
1391.500000	-758.900000		
1392.000000	-759.205000		
1392.500000	-759.676000		
1393.000000	-759.692000		
1393.500000	-759.372000		
1394.000000	-759.429000		
1394.500000	-759.046000		
1395.000000	-758.701000		
1395.500000	-759.131000		
1396.000000	-759.005000		
1396.500000	-759.207000		
1397.000000	-759.054000		
1397.500000	-759.077000		
1398.000000	-758.825000		
1398.500000	-758.706000		
1399.000000	-758.834000		
1399.500000	-759.031000		
1400.000000	-758.957000		
1400.500000	-759.154000		
1401.000000	-759.182000		
1401.500000	-759.206000		
1402.000000	-759.829000		
1402.500000	-759.575000		
1403.000000	-759.481000		
1403.500000	-759.611000		
1404.000000	-759.678000		
1404.500000	-759.223000		
1405.000000	-758.986000		
1405.500000	-759.196000		
1406.000000	-758.982000		
1406.500000	-758.721000		
1407.000000	-758.679000		
1407.500000	-758.489000		
1408.000000	-758.591000		
1408.500000	-759.011000		
1409.000000	-759.022000		
1409.500000	-759.374000		
1410.000000	-759.365000		
1410.500000	-759.508000		
1411.000000	-759.493000		
1411.500000	-759.364000		
1412.000000	-759.559000		
1412.500000	-759.394000		
1413.000000	-759.408000		
1413.500000	-759.453000		
1414.000000	-759.449000		
1414.500000	-759.337000		
1415.000000	-759.245000		
1415.500000	-759.300000		
1416.000000	-759.397000		
1416.500000	-759.528000		
1417.000000	-759.430000		
1417.500000	-759.360000		
1418.000000	-759.241000		
1418.500000	-759.563000		
1419.000000	-759.646000		
1419.500000	-759.661000		
1420.000000	-760.184000		
1420.500000	-759.957000		
1421.000000	-759.343000		
1421.500000	-759.187000		
1422.000000	-758.949000		
1422.500000	-758.924000		
1423.000000	-758.783000		
1423.500000	-759.004000		
1424.000000	-759.236000		
1424.500000	-759.116000		
1425.000000	-759.051000		
1425.500000	-759.145000		
1426.000000	-759.292000		
1426.500000	-759.585000		
1427.000000	-759.368000		
1427.500000	-759.492000		
1428.000000	-759.524000		
1428.500000	-759.268000		
1429.000000	-759.253000		
1429.500000	-759.129000		
1430.000000	-758.969000		
1430.500000	-759.306000		
1431.000000	-759.192000		
1431.500000	-759.211000		
1432.000000	-759.362000		
1432.500000	-759.132000		
1433.000000	-759.035000		
1433.500000	-759.257000		
1434.000000	-759.404000		
1434.500000	-759.365000		
1435.000000	-759.179000		
1435.500000	-759.254000		
1436.000000	-759.014000		
1436.500000	-758.782000		
1437.000000	-758.897000		
1437.500000	-759.188000		
1438.000000	-758.736000		
1438.500000	-758.884000		
1439.000000	-759.001000		
1439.500000	-759.138000		
1440.000000	-758.999000		
1440.500000	-759.214000		
1441.000000	-759.268000		
1441.500000	-759.362000		
1442.000000	-759.589000		
1442.500000	-759.427000		
1443.000000	-759.272000		
1443.500000	-759.636000		
1444.000000	-759.753000		
1444.500000	-759.640000		
1445.000000	-760.157000		
1445.500000	-759.824000		
1446.000000	-759.547000		
1446.500000	-759.676000		
1447.000000	-759.296000		
1447.500000	-759.415000		
1448.000000	-759.366000		
1448.500000	-758.969000		
1449.000000	-758.679000		
1449.500000	-758.425000		
1450.000000	-758.849000		
1450.500000	-758.716000		
1451.000000	-758.887000		
1451.500000	-759.393000		
1452.000000	-759.473000		
1452.500000	-759.635000		
1453.000000	-759.577000		
1453.500000	-759.559000		
1454.000000	-759.632000		
1454.500000	-759.600000		
1455.000000	-759.406000		
1455.500000	-759.094000		
1456.000000	-758.868000		
1456.500000	-759.298000		
1457.000000	-758.936000		
1457.500000	-758.771000		
1458.000000	-758.849000		
1458.500000	-758.779000		
1459.000000	-758.868000		
1459.500000	-758.806000		
1460.000000	-758.685000		
1460.500000	-759.178000		
1461.000000	-758.846000		
1461.500000	-758.684000		
1462.000000	-758.671000		
1462.500000	-758.488000		
1463.000000	-758.943000		
1463.500000	-758.685000		
1464.000000	-758.473000		
1464.500000	-758.725000		
1465.000000	-758.582000		
1465.500000	-758.743000		
1466.000000	-759.358000		
1466.500000	-759.733000		
1467.000000	-759.685000		
1467.500000	-759.878000		
1468.000000	-759.646000		
1468.500000	-759.177000		
1469.000000	-759.116000		
1469.500000	-759.460000		
1470.000000	-760.031000		
1470.500000	-759.604000		
1471.000000	-758.961000		
1471.500000	-758.999000		
1472.000000	-758.664000		
1472.500000	-758.737000		
1473.000000	-758.673000		
1473.500000	-758.581000		
1474.000000	-758.775000		
1474.500000	-758.721000		
1475.000000	-758.748000		
1475.500000	-758.712000		
1476.000000	-759.081000		
1476.500000	-759.034000		
1477.000000	-758.955000		
1477.500000	-758.518000		
1478.000000	-758.562000		
1478.500000	-758.419000		
1479.000000	-758.457000		
1479.500000	-758.465000		
1480.000000	-758.335000		
1480.500000	-758.581000		
1481.000000	-758.526000		
1481.500000	-758.874000		
1482.000000	-759.342000		
1482.500000	-759.028000		
1483.000000	-758.898000		
1483.500000	-758.704000		
1484.000000	-758.686000		
1484.500000	-758.797000		
1485.000000	-758.676000		
1485.500000	-758.824000		
1486.000000	-759.108000		
1486.500000	-758.788000		
1487.000000	-758.601000		
1487.500000	-758.596000		
1488.000000	-758.655000		
1488.500000	-759.128000		
1489.000000	-759.316000		
1489.500000	-759.212000		
1490.000000	-759.573000		
1490.500000	-759.480000		
1491.000000	-759.576000		
1491.500000	-759.128000		
1492.000000	-759.033000		
1492.500000	-758.825000		
1493.000000	-758.764000		
1493.500000	-758.655000		
1494.000000	-759.098000		
1494.500000	-759.341000		
1495.000000	-759.918000		
1495.500000	-759.902000		
1496.000000	-759.993000		
1496.500000	-759.890000		
1497.000000	-759.589000		
1497.500000	-759.803000		
1498.000000	-759.652000		
1498.500000	-759.509000		
1499.000000	-759.484000		
1499.500000	-759.540000		
1500.000000	-759.144000		
1500.500000	-758.877000		
1501.000000	-759.305000		
1501.500000	-759.586000		
1502.000000	-759.919000		
1502.500000	-760.371000		
1503.000000	-760.351000		
1503.500000	-759.673000		
1504.000000	-759.337000		
1504.500000	-759.130000		
1505.000000	-759.066000		
1505.500000	-759.287000		
1506.000000	-759.092000		
1506.500000	-759.059000		
1507.000000	-759.177000		
1507.500000	-759.208000		
1508.000000	-759.147000		
1508.500000	-758.927000		
1509.000000	-759.019000		
1509.500000	-758.927000		
1510.000000	-758.940000		
1510.500000	-758.632000		
1511.000000	-758.837000		
1511.500000	-758.685000		
1512.000000	-758.426000		
1512.500000	-758.205000		
1513.000000	-758.213000		
1513.500000	-758.479000		
1514.000000	-758.744000		
1514.500000	-758.761000		
1515.000000	-758.764000		
1515.500000	-758.814000		
1516.000000	-758.749000		
1516.500000	-758.585000		
1517.000000	-758.765000		
1517.500000	-758.988000		
1518.000000	-758.846000		
1518.500000	-758.542000		
1519.000000	-758.920000		
1519.500000	-759.052000		
1520.000000	-759.276000		
1520.500000	-759.546000		
1521.000000	-759.001000		
1521.500000	-758.978000		
1522.000000	-758.894000		
1522.500000	-759.116000		
1523.000000	-759.174000		
1523.500000	-759.361000		
1524.000000	-759.297000		
1524.500000	-759.058000		
1525.000000	-758.616000		
1525.500000	-758.524000		
1526.000000	-758.732000		
1526.500000	-758.990000		
1527.000000	-759.273000		
1527.500000	-759.165000		
1528.000000	-759.416000		
1528.500000	-759.405000		
1529.000000	-759.286000		
1529.500000	-759.492000		
1530.000000	-759.155000		
1530.500000	-759.264000		
1531.000000	-759.152000		
1531.500000	-759.208000		
1532.000000	-759.417000		
1532.500000	-759.495000		
1533.000000	-759.041000		
1533.500000	-758.968000		
1534.000000	-758.776000		
1534.500000	-758.763000		
1535.000000	-759.295000		
1535.500000	-758.903000		
1536.000000	-758.916000		
1536.500000	-759.350000		
1537.000000	-759.359000		
1537.500000	-759.085000		
1538.000000	-758.740000		
1538.500000	-758.397000		
1539.000000	-758.842000		
1539.500000	-759.270000		
1540.000000	-759.489000		
1540.500000	-759.349000		
1541.000000	-759.088000		
1541.500000	-759.092000		
1542.000000	-759.109000		
1542.500000	-759.132000		
1543.000000	-759.416000		
1543.500000	-759.263000		
1544.000000	-759.384000		
1544.500000	-759.777000		
1545.000000	-759.777000		
1545.500000	-759.778000		
1546.000000	-759.531000		
1546.500000	-759.558000		
1547.000000	-759.481000		
1547.500000	-759.348000		
1548.000000	-759.496000		
1548.500000	-759.350000		
1549.000000	-759.044000		
1549.500000	-759.059000		
1550.000000	-759.277000		
1550.500000	-758.723000		
1551.000000	-759.059000		
1551.500000	-758.832000		
1552.000000	-758.571000		
1552.500000	-759.028000		
1553.000000	-759.101000		
1553.500000	-759.256000		
1554.000000	-759.461000		
1554.500000	-759.125000		
1555.000000	-759.409000		
1555.500000	-759.272000		
1556.000000	-759.862000		
1556.500000	-760.082000		
1557.000000	-759.634000		
1557.500000	-759.496000		
1558.000000	-759.115000		
1558.500000	-759.265000		
1559.000000	-759.417000		
1559.500000	-759.368000		
1560.000000	-759.102000		
1560.500000	-759.082000		
1561.000000	-759.498000		
1561.500000	-759.733000		
1562.000000	-759.242000		
1562.500000	-759.125000		
1563.000000	-759.057000		
1563.500000	-759.216000		
1564.000000	-759.100000		
1564.500000	-758.966000		
1565.000000	-758.665000		
1565.500000	-758.743000		
1566.000000	-758.625000		
1566.500000	-758.637000		
1567.000000	-758.544000		
1567.500000	-758.624000		
1568.000000	-758.766000		
1568.500000	-758.999000		
1569.000000	-759.142000		
1569.500000	-759.452000		
1570.000000	-759.647000		
1570.500000	-759.318000		
1571.000000	-759.480000		
1571.500000	-759.364000		
1572.000000	-759.608000		
1572.500000	-759.518000		
1573.000000	-759.436000		
1573.500000	-759.363000		
1574.000000	-759.463000		
1574.500000	-759.284000		
1575.000000	-759.258000		
1575.500000	-759.431000		
1576.000000	-759.508000		
1576.500000	-760.019000		
1577.000000	-759.676000		
1577.500000	-759.394000		
1578.000000	-759.510000		
1578.500000	-759.520000		
1579.000000	-759.665000		
1579.500000	-759.433000		
1580.000000	-759.615000		
1580.500000	-759.472000		
1581.000000	-759.696000		
1581.500000	-759.909000		
1582.000000	-759.852000		
1582.500000	-759.601000		
1583.000000	-759.396000		
1583.500000	-759.732000		
1584.000000	-760.205000		
1584.500000	-760.011000		
1585.000000	-759.505000		
1585.500000	-758.917000		
1586.000000	-758.901000		
1586.500000	-759.129000		
1587.000000	-758.776000		
1587.500000	-758.592000		
1588.000000	-758.791000		
1588.500000	-758.560000		
1589.000000	-758.249000		
1589.500000	-758.022000		
1590.000000	-758.235000		
1590.500000	-758.357000		
1591.000000	-758.440000		
1591.500000	-758.911000		
1592.000000	-759.276000		
1592.500000	-759.438000		
1593.000000	-759.460000		
1593.500000	-759.264000		
1594.000000	-759.112000		
1594.500000	-758.918000		
1595.000000	-758.866000		
1595.500000	-758.742000		
1596.000000	-758.700000		
1596.500000	-758.830000		
1597.000000	-758.437000		
1597.500000	-758.620000		
1598.000000	-758.241000		
1598.500000	-758.071000		
1599.000000	-758.117000		
1599.500000	-757.885000		
1600.000000	-758.268000		
1600.500000	-758.552000		
1601.000000	-758.621000		
1601.500000	-758.824000		
1602.000000	-758.979000		
1602.500000	-759.406000		
1603.000000	-759.433000		
1603.500000	-758.958000		
1604.000000	-758.515000		
1604.500000	-758.906000		
1605.000000	-759.026000		
1605.500000	-758.996000		
1606.000000	-758.726000		
1606.500000	-758.335000		
1607.000000	-758.443000		
1607.500000	-758.053000		
1608.000000	-757.984000		
1608.500000	-758.099000		
1609.000000	-758.264000		
1609.500000	-758.519000		
1610.000000	-758.109000		
1610.500000	-758.235000		
1611.000000	-758.236000		
1611.500000	-758.439000		
1612.000000	-758.826000		
1612.500000	-759.016000		
1613.000000	-758.975000		
1613.500000	-758.908000		
1614.000000	-758.801000		
1614.500000	-758.547000		
1615.000000	-758.196000		
1615.500000	-758.395000		
1616.000000	-758.251000		
1616.500000	-758.511000		
1617.000000	-758.915000		
1617.500000	-758.667000		
1618.000000	-758.775000		
1618.500000	-759.063000		
1619.000000	-758.848000		
1619.500000	-759.177000		
1620.000000	-759.048000		
1620.500000	-759.629000		
1621.000000	-759.981000		
1621.500000	-759.690000		
1622.000000	-759.083000		
1622.500000	-758.957000		
1623.000000	-759.205000		
1623.500000	-759.904000		
1624.000000	-759.995000		
1624.500000	-759.878000		
1625.000000	-759.930000		
1625.500000	-759.354000		
1626.000000	-759.345000		
1626.500000	-759.255000		
1627.000000	-758.662000		
1627.500000	-758.826000		
1628.000000	-758.522000		
1628.500000	-758.768000		
1629.000000	-758.671000		
1629.500000	-759.071000		
1630.000000	-759.403000		
1630.500000	-759.227000		
1631.000000	-759.092000		
1631.500000	-758.827000		
1632.000000	-758.915000		
1632.500000	-758.931000		
1633.000000	-759.068000		
1633.500000	-758.875000		
1634.000000	-758.906000		
1634.500000	-758.489000		
1635.000000	-757.900000		
1635.500000	-757.769000		
1636.000000	-757.687000		
1636.500000	-757.822000		
1637.000000	-757.825000		
1637.500000	-757.462000		
1638.000000	-757.249000		
1638.500000	-757.063000		
1639.000000	-757.405000		
1639.500000	-758.126000		
1640.000000	-758.632000		
1640.500000	-758.488000		
1641.000000	-758.472000		
1641.500000	-758.164000		
1642.000000	-758.190000		
1642.500000	-758.486000		
1643.000000	-758.288000		
1643.500000	-758.682000		
1644.000000	-759.225000		
1644.500000	-759.254000		
1645.000000	-759.572000		
1645.500000	-759.188000		
1646.000000	-759.387000		
1646.500000	-759.913000		
1647.000000	-759.720000		
1647.500000	-760.498000		
1648.000000	-761.131000		
1648.500000	-761.698000		
1649.000000	-762.254000		
1649.500000	-763.156000		
1650.000000	-763.512000		
1650.500000	-763.346000		
1651.000000	-763.006000		
1651.500000	-763.390000		
1652.000000	-763.342000		
1652.500000	-763.913000		
1653.000000	-764.178000		
1653.500000	-764.159000		
1654.000000	-764.045000		
1654.500000	-764.754000		
1655.000000	-764.647000		
1655.500000	-764.629000		
1655.999000	-764.875000		
1656.499000	-764.630000		
1656.999000	-765.236000		
1657.499000	-765.294000		
1657.999000	-766.067000		
1658.499000	-765.938000		
1658.999000	-766.222000		
1659.499000	-765.891000		
1659.999000	-765.512000		
1660.499000	-765.653000		
1660.999000	-765.513000		
1661.499000	-765.666000		
1661.999000	-765.946000		
1662.499000	-765.828000		
1662.999000	-766.095000		
1663.499000	-765.933000		
1663.999000	-765.681000		
1664.499000	-766.215000		
1664.999000	-766.613000		
1665.499000	-766.197000		
1665.999000	-766.238000		
1666.499000	-766.151000		
1666.999000	-765.975000		
1667.499000	-766.036000		
1667.999000	-766.344000		
1668.499000	-766.461000		
1668.999000	-766.718000		
1669.499000	-766.321000		
1669.999000	-766.275000		
1670.499000	-765.926000		
1670.999000	-766.116000		
1671.499000	-766.109000		
1671.999000	-766.141000		
1672.499000	-766.298000		
1672.999000	-766.275000		
1673.499000	-766.440000		
1673.999000	-766.208000		
1674.499000	-766.537000		
1674.999000	-766.324000		
1675.499000	-766.260000		
1675.999000	-766.277000		
1676.499000	-765.970000		
1676.999000	-766.090000		
1677.499000	-765.978000		
1677.999000	-766.529000		
1678.499000	-766.109000		
1678.999000	-766.139000		
1679.499000	-766.065000		
1679.999000	-766.081000		
1680.499000	-765.749000		
1680.999000	-765.681000		
1681.499000	-765.769000		
1681.999000	-765.387000		
1682.499000	-765.619000		
1682.999000	-765.377000		
1683.499000	-765.620000		
1683.999000	-765.799000		
1684.499000	-765.878000		
1684.999000	-766.438000		
1685.499000	-766.184000		
1685.999000	-766.413000		
1686.499000	-766.125000		
1686.999000	-766.256000		
1687.499000	-766.401000		
1687.999000	-765.784000		
1688.499000	-765.771000		
1688.999000	-765.972000		
1689.499000	-765.837000		
1689.999000	-765.921000		
1690.499000	-765.681000		
1690.999000	-766.000000		
1691.499000	-765.437000		
1691.999000	-765.776000		
1692.499000	-765.634000		
1692.999000	-765.591000		
1693.499000	-765.712000		
1693.999000	-765.312000		
1694.499000	-765.411000		
1694.999000	-765.166000		
1695.499000	-764.911000		
1695.999000	-764.957000		
1696.499000	-764.576000		
1696.999000	-764.714000		
1697.499000	-764.640000		
1697.999000	-763.676000		
1698.499000	-763.386000		
1698.999000	-763.245000		
1699.499000	-762.811000		
1699.999000	-763.140000		
1700.499000	-763.437000		
1700.999000	-763.007000		
1701.499000	-763.315000		
1701.999000	-763.201000		
1702.499000	-762.652000		
1702.999000	-762.622000		
1703.499000	-762.411000		
1703.999000	-762.046000		
1704.499000	-762.478000		
1704.999000	-762.655000		
1705.499000	-762.348000		
1705.999000	-762.500000		
1706.499000	-762.577000		
1706.999000	-762.325000		
1707.499000	-762.367000		
1707.999000	-762.125000		
1708.499000	-761.719000		
1708.999000	-761.388000		
1709.499000	-761.321000		
1709.999000	-761.027000		
1710.499000	-760.752000		
1710.999000	-760.676000		
1711.499000	-761.022000		
1711.999000	-760.663000		
1712.499000	-760.703000		
1712.999000	-760.766000		
1713.500000	-760.759000		
1713.999000	-760.216000		
1714.499000	-760.446000		
1714.999000	-760.562000		
1715.499000	-760.043000		
1715.999000	-760.058000		
1716.500000	-759.817000		
1716.999000	-759.830000		
1717.499000	-759.572000		
1717.999000	-759.366000		
1718.499000	-759.540000		
1718.999000	-759.342000		
1719.499000	-758.948000		
1719.999000	-759.225000		
1720.499000	-759.282000		
1720.999000	-758.955000		
1721.499000	-758.734000		
