Date:	Wed, Dec 11, 2013		
measured by:	Rotem		
Perovskites Roby 10/12 sample 3, measured by Ze Djerman :)
"Stable" after about 900s			
Time [s]	CPD stream	Light	SPV
0.000000	-384.273000		
0.499000	-383.843000		
1.000000	-383.586000		
1.500000	-383.488000		
2.000000	-383.899000		
2.500000	-383.727000		
3.000000	-383.215000		
3.500000	-382.815000		
4.000000	-383.274000		
4.500000	-382.695000		
5.000000	-382.810000		
5.500000	-382.743000		
6.000000	-383.126000		
6.500000	-383.160000		
7.000000	-382.397000		
7.500000	-382.072000		
8.000000	-381.711000		
8.500000	-381.844000		
9.000000	-381.662000		
9.500000	-381.366000		
10.000000	-381.511000		
10.500000	-381.332000		
11.000000	-381.879000		
11.500000	-381.253000		
12.000000	-381.128000		
12.500000	-380.642000		
13.000000	-380.415000		
13.500000	-380.401000		
14.000000	-380.325000		
14.500000	-380.171000		
15.000000	-379.604000		
15.500000	-379.993000		
16.000000	-380.097000		
16.500000	-379.721000		
17.000000	-379.361000		
17.500000	-379.058000		
18.000000	-379.144000		
18.500000	-379.105000		
19.000000	-378.713000		
19.500000	-378.603000		
20.000000	-378.714000		
20.500000	-378.507000		
21.000000	-378.179000		
21.500000	-378.160000		
22.000000	-378.038000		
22.500000	-377.620000		
23.000000	-377.483000		
23.500000	-377.487000		
24.000000	-377.522000		
24.500000	-377.555000		
25.000000	-377.674000		
25.500000	-377.638000		
26.000000	-377.159000		
26.500000	-377.408000		
27.000000	-377.121000		
27.500000	-377.065000		
28.000000	-377.110000		
28.500000	-377.151000		
29.000000	-377.000000		
29.500000	-376.578000		
30.000000	-376.623000		
30.500000	-376.371000		
31.000000	-376.399000		
31.500000	-376.558000		
32.000000	-376.360000		
32.500000	-376.616000		
33.000000	-376.145000		
33.500000	-376.084000		
34.000000	-376.312000		
34.500000	-375.933000		
35.000000	-375.665000		
35.500000	-375.726000		
36.000000	-375.987000		
36.500000	-375.721000		
37.000000	-375.489000		
37.500000	-375.730000		
38.000000	-375.452000		
38.500000	-375.513000		
39.000000	-375.257000		
39.500000	-375.427000		
40.000000	-375.159000		
40.500000	-375.061000		
41.000000	-375.177000		
41.500000	-374.715000		
42.000000	-374.653000		
42.500000	-374.639000		
43.000000	-374.739000		
43.500000	-374.192000		
44.000000	-374.153000		
44.500000	-374.691000		
45.000000	-374.333000		
45.500000	-374.622000		
46.000000	-374.003000		
46.500000	-374.498000		
47.000000	-374.249000		
47.500000	-374.279000		
48.000000	-374.363000		
48.500000	-374.006000		
49.000000	-373.939000		
49.500000	-373.698000		
50.000000	-373.784000		
50.500000	-373.973000		
51.000000	-373.472000		
51.500000	-373.675000		
52.000000	-373.383000		
52.500000	-373.400000		
53.000000	-373.263000		
53.500000	-373.219000		
54.000000	-373.110000		
54.500000	-373.148000		
55.000000	-373.710000		
55.500000	-373.401000		
56.000000	-373.269000		
56.500000	-373.133000		
57.000000	-373.010000		
57.500000	-372.900000		
58.000000	-372.825000		
58.500000	-372.840000		
59.000000	-372.602000		
59.500000	-372.460000		
60.000000	-372.545000		
60.500000	-372.231000		
61.000000	-372.261000		
61.500000	-372.160000		
62.000000	-372.354000		
62.500000	-372.278000		
63.000000	-372.123000		
63.500000	-372.022000		
64.000000	-372.038000		
64.500000	-372.282000		
65.000000	-371.952000		
65.500000	-372.086000		
66.000000	-372.264000		
66.500000	-371.822000		
67.000000	-372.007000		
67.500000	-371.761000		
68.000000	-371.738000		
68.500000	-371.678000		
69.000000	-371.519000		
69.500000	-371.671000		
70.000000	-371.544000		
70.500000	-371.589000		
71.000000	-371.314000		
71.500000	-371.407000		
72.000000	-370.970000		
72.500000	-371.020000		
73.000000	-371.251000		
73.500000	-371.102000		
74.000000	-371.069000		
74.500000	-370.781000		
75.000000	-370.589000		
75.500000	-370.861000		
76.000000	-370.965000		
76.500000	-371.183000		
77.000000	-370.641000		
77.500000	-370.785000		
78.000000	-370.798000		
78.500000	-370.743000		
79.000000	-370.801000		
79.500000	-370.347000		
80.000000	-370.647000		
80.500000	-370.503000		
81.000000	-370.521000		
81.500000	-370.372000		
82.000000	-370.216000		
82.500000	-370.026000		
83.000000	-369.792000		
83.500000	-369.974000		
84.000000	-370.244000		
84.500000	-370.009000		
85.000000	-369.746000		
85.500000	-369.697000		
86.000000	-370.034000		
86.500000	-369.767000		
87.000000	-369.843000		
87.500000	-369.783000		
88.000000	-369.791000		
88.500000	-369.529000		
89.000000	-369.140000		
89.500000	-369.392000		
90.000000	-369.248000		
90.500000	-369.207000		
91.000000	-369.025000		
91.500000	-369.228000		
92.000000	-369.416000		
92.500000	-369.143000		
93.000000	-368.996000		
93.500000	-369.228000		
94.000000	-369.513000		
94.500000	-369.269000		
95.000000	-369.008000		
95.500000	-368.677000		
96.000000	-368.076000		
96.500000	-368.153000		
97.000000	-368.281000		
97.500000	-368.345000		
98.000000	-368.513000		
98.500000	-368.825000		
99.000000	-368.902000		
99.500000	-368.317000		
100.000000	-368.344000		
100.500000	-368.430000		
101.000000	-368.303000		
101.500000	-368.316000		
102.000000	-368.369000		
102.500000	-368.071000		
103.000000	-367.702000		
103.500000	-368.091000		
104.000000	-367.813000		
104.500000	-367.476000		
105.000000	-367.678000		
105.500000	-367.564000		
106.000000	-367.737000		
106.500000	-367.954000		
107.000000	-367.853000		
107.500000	-367.867000		
108.000000	-367.677000		
108.500000	-367.716000		
109.000000	-367.598000		
109.500000	-367.796000		
110.000000	-367.396000		
110.500000	-367.223000		
111.000000	-367.140000		
111.500000	-367.087000		
112.000000	-367.241000		
112.500000	-367.532000		
113.000000	-367.326000		
113.500000	-366.869000		
114.000000	-366.820000		
114.500000	-367.139000		
115.000000	-366.862000		
115.500000	-366.949000		
116.000000	-366.984000		
116.500000	-367.131000		
117.000000	-366.921000		
117.500000	-366.818000		
118.000000	-366.663000		
118.500000	-366.469000		
119.000000	-366.652000		
119.500000	-366.588000		
120.000000	-366.677000		
120.500000	-366.705000		
121.000000	-366.521000		
121.500000	-366.423000		
122.000000	-366.108000		
122.500000	-366.184000		
123.000000	-366.081000		
123.500000	-366.078000		
124.000000	-365.908000		
124.500000	-366.054000		
125.000000	-366.037000		
125.500000	-365.946000		
126.000000	-365.774000		
126.500000	-365.984000		
127.000000	-365.840000		
127.500000	-365.585000		
128.000000	-365.290000		
128.500000	-365.549000		
129.000000	-365.661000		
129.500000	-365.869000		
130.000000	-365.827000		
130.500000	-365.512000		
131.000000	-365.424000		
131.500000	-365.221000		
132.000000	-365.262000		
132.500000	-365.190000		
133.000000	-365.316000		
133.500000	-365.391000		
134.000000	-365.076000		
134.500000	-365.175000		
135.000000	-364.933000		
135.500000	-364.879000		
136.000000	-364.979000		
136.500000	-364.955000		
137.000000	-364.644000		
137.500000	-364.706000		
138.000000	-364.813000		
138.500000	-364.843000		
139.000000	-364.693000		
139.500000	-364.033000		
140.000000	-364.263000		
140.500000	-364.160000		
141.000000	-364.436000		
141.500000	-364.603000		
142.000000	-364.117000		
142.500000	-364.128000		
143.000000	-363.980000		
143.500000	-364.082000		
144.000000	-363.924000		
144.500000	-363.807000		
145.000000	-363.989000		
145.500000	-364.004000		
146.000000	-363.977000		
146.500000	-363.951000		
147.000000	-363.932000		
147.500000	-363.573000		
148.000000	-363.384000		
148.500000	-363.574000		
149.000000	-363.502000		
149.500000	-363.671000		
150.000000	-363.282000		
150.500000	-363.483000		
150.999000	-363.491000		
151.500000	-363.757000		
151.999000	-363.606000		
152.500000	-363.336000		
