Date:	Wed, Dec 11, 2013		
measured by:	Rotem		
Write here experiment description to be saved in the file header.			
Time [s]	CPD stream	Light	SPV
0.000000	-28.132800		
0.500000	-28.065000		
1.000000	-27.957700		
1.500000	-28.256900		
2.000000	-28.213300		
2.500000	-28.024200		
3.000000	-28.502600		
3.500000	-28.196700		
4.000000	-28.370800		
4.500000	-28.512200		
5.000000	-28.876000		
5.500000	-28.828500		
6.000000	-28.743100		
6.500000	-28.914100		
7.000000	-28.824500		
7.500000	-29.003900		
8.000000	-29.045200		
8.500000	-29.172500		
9.000000	-29.185200		
9.500000	-29.065700		
10.000000	-29.143500		
10.500000	-29.166100		
11.000000	-29.389400		
11.500000	-29.531900		
12.000000	-29.508700		
12.500000	-29.606200		
13.000000	-29.418700		
13.500000	-29.367400		
14.000000	-29.479000		
14.500000	-29.747800		
15.000000	-29.859500		
15.500000	-29.724400		
16.000000	-29.601100		
16.500000	-29.775500		
17.000000	-29.989000		
17.500000	-29.666700		
18.000000	-29.907900		
18.500000	-30.085700		
19.000000	-29.985800		
19.500000	-29.901000		
20.000000	-29.986600		
20.500000	-30.239600		
21.000000	-30.350100		
21.500000	-30.654900		
22.000000	-30.710400		
22.500000	-31.042600		
23.000000	-30.927000		
23.500000	-30.936100		
24.000000	-31.112700		
24.500000	-31.239500		
25.000000	-31.733600		
25.500000	-31.660100		
26.000000	-31.698100		
26.500000	-31.770200		
27.000000	-32.106000		
27.500000	-31.973100		
28.000000	-32.144100		
28.500000	-32.174400		
29.000000	-32.143400		
29.500000	-32.286300		
30.000000	-31.898800		
30.500000	-31.932500		
31.000000	-31.901600		
31.500000	-31.845600		
32.000000	-31.820200		
32.500000	-31.790600		
33.000000	-32.034500		
33.500000	-31.951000		
34.000000	-32.145500		
34.500000	-32.046000		
35.000000	-31.918200		
35.500000	-32.059300		
36.000000	-31.948400		
36.500000	-32.095400		
37.000000	-32.068500		
37.500000	-32.400400		
38.000000	-32.057400		
38.500000	-32.475800		
39.000000	-32.590500		
39.500000	-32.414500		
40.000000	-32.291700		
40.500000	-32.249500		
41.000000	-32.366600		
41.500000	-32.426700		
42.000000	-32.290300		
42.500000	-32.073600		
43.000000	-32.207300		
43.500000	-32.001000		
44.000000	-32.335500		
44.500000	-32.613200		
45.000000	-32.191200		
45.500000	-32.550700		
46.000000	-32.182300		
46.500000	-32.389800		
47.000000	-32.415000		
47.500000	-32.451000		
48.000000	-32.768800		
48.500000	-32.473600		
49.000000	-32.640500		
49.500000	-32.774100		
50.000000	-32.916100		
50.500000	-32.621000		
51.000000	-32.907200		
51.500000	-32.871200		
52.000000	-33.016100		
52.500000	-32.990100		
53.000000	-32.787200		
53.500000	71.369600		
54.000000	171.118500		
54.500000	159.572400		
55.000000	155.330000		
55.500000	155.256200		
56.000000	155.524900		
56.500000	155.087700		
57.000000	154.500500		
57.500000	153.760400		
58.000000	153.448700		
58.500000	153.574300		
59.000000	152.920800		
59.500000	153.565200		
60.000000	153.315700		
60.500000	152.306500		
61.000000	151.363800		
61.500000	150.355900		
62.000000	149.842500		
62.500000	149.233500		
63.000000	147.180400		
63.500000	146.272000		
64.000000	145.904700		
64.500000	145.469000		
65.000000	145.124200		
65.500000	143.111200		
66.000000	141.785700		
66.500000	140.838600		
67.000000	141.021900		
67.500000	141.227800		
68.000000	141.165200		
68.500000	141.147300		
69.000000	141.884000		
69.500000	141.523300		
70.000000	141.645000		
70.500000	141.979500		
71.000000	141.939100		
71.500000	142.170400		
72.000000	142.255400		
72.500000	142.369500		
73.000000	142.498100		
73.500000	142.474700		
74.000000	142.561500		
74.500000	143.211300		
75.000000	143.381900		
75.500000	143.686000		
76.000000	143.629100		
76.500000	143.620400		
77.000000	144.183800		
77.500000	144.370700		
78.000000	144.716800		
78.500000	144.829700		
79.000000	145.126200		
79.500000	145.890400		
80.000000	145.793000		
80.500000	145.804800		
81.000000	146.233800		
81.500000	146.688800		
82.000000	146.863800		
82.500000	147.119700		
83.000000	147.803300		
83.500000	147.998100		
84.000000	148.231200		
84.500000	148.421900		
85.000000	148.700400		
85.500000	149.032100		
86.000000	148.997900		
86.500000	149.406500		
87.000000	149.714700		
87.500000	150.164300		
88.000000	150.690500		
88.500000	150.727800		
89.000000	151.150500		
89.500000	151.344800		
90.000000	151.593800		
90.500000	152.292000		
91.000000	152.511800		
91.500000	152.602700		
92.000000	152.969500		
92.500000	153.302700		
93.000000	153.558600		
93.500000	154.131000		
94.000000	153.884400		
94.500000	154.141200		
95.000000	154.949300		
95.500000	155.158500		
96.000000	155.160400		
96.500000	155.690200		
97.000000	156.224500		
97.500000	156.433700		
98.000000	156.540300		
98.500000	156.817400		
99.000000	157.084500		
99.500000	157.448100		
100.000000	157.764300		
100.500000	158.029200		
101.000000	158.580200		
101.500000	158.652600		
102.000000	159.182500		
102.500000	159.364000		
103.000000	159.514100		
103.500000	159.975800		
104.000000	160.430900		
104.500000	160.403400		
105.000000	160.706200		
105.500000	161.059700		
106.000000	161.135400		
106.500000	162.020300		
107.000000	161.995600		
107.500000	161.846300		
108.000000	162.354300		
108.500000	162.437600		
109.000000	162.667200		
109.500000	163.237500		
110.000000	163.367700		
110.500000	163.683600		
111.000000	164.313900		
111.500000	164.404400		
112.000000	164.381000		
112.500000	164.693700		
113.000000	164.896000		
113.500000	164.815100		
114.000000	165.185200		
114.500000	165.527800		
115.000000	165.701100		
115.500000	165.920200		
116.000000	166.150600		
116.500000	166.692300		
117.000000	166.592000		
117.500000	167.034000		
118.000000	167.465800		
118.500000	167.533300		
119.000000	167.549200		
119.500000	167.686800		
120.000000	168.142600		
120.500000	168.462000		
121.000000	171.949300		
121.500000	156.976900		
122.000000	120.833800		
122.500000	92.311800		
123.000000	71.789800		
123.500000	58.010200		
124.000000	50.384500		
124.500000	43.690100		
125.000000	39.509200		
125.500000	36.325200		
126.000000	33.136400		
126.500000	31.053200		
127.000000	28.991400		
127.500000	27.620900		
128.000000	26.720500		
128.500000	25.372900		
129.000000	24.643400		
129.500000	24.603600		
130.000000	23.733100		
130.500000	23.237800		
131.000000	23.197000		
131.500000	22.623700		
132.000000	22.343800		
132.500000	22.553500		
133.000000	21.932300		
133.500000	21.988300		
134.000000	21.997600		
134.500000	21.482200		
135.000000	21.311800		
135.500000	21.035800		
136.000000	20.994500		
136.500000	21.032700		
137.000000	20.733700		
137.500000	20.656600		
138.000000	20.527900		
138.500000	20.200500		
139.000000	20.630700		
139.500000	20.630200		
140.000000	20.210800		
140.500000	20.164800		
141.000000	20.129900		
141.500000	19.684400		
142.000000	19.966700		
142.500000	19.580300		
143.000000	19.813100		
143.500000	19.779500		
144.000000	19.363100		
144.500000	19.441400		
145.000000	19.305700		
145.500000	19.128100		
146.000000	19.309700		
146.500000	19.088200		
147.000000	19.085200		
147.500000	18.940400		
148.000000	18.983200		
148.500000	19.002700		
149.000000	18.763000		
149.500000	18.442600		
150.000000	18.650700		
150.500000	18.515200		
151.000000	18.406400		
151.500000	18.152100		
152.000000	18.297300		
152.500000	18.378900		
153.000000	18.088400		
153.500000	17.777200		
154.000000	18.276900		
154.500000	17.911300		
155.000000	18.101900		
155.500000	18.151600		
156.000000	17.865100		
156.500000	17.922400		
157.000000	17.379700		
157.500000	17.498000		
158.000000	17.687800		
158.500000	17.578300		
159.000000	17.580200		
159.500000	17.407500		
160.000000	17.192600		
160.500000	17.164600		
161.000000	16.975800		
161.500000	17.094900		
162.000000	17.047000		
162.500000	16.897200		
163.000000	17.076000		
163.500000	16.782400		
164.000000	16.734900		
164.500000	16.716800		
165.000000	16.602400		
165.500000	16.844000		
166.000000	16.616000		
166.500000	16.917600		
167.000000	16.757300		
167.500000	16.538600		
168.000000	16.355700		
168.500000	16.879800		
169.000000	16.405700		
169.500000	16.311000		
170.000000	16.318000		
170.500000	16.060900		
171.000000	16.293700		
171.500000	16.174200		
172.000000	15.852500		
172.500000	15.896700		
173.000000	15.840700		
173.500000	16.051900		
174.000000	15.810000		
174.500000	15.773200		
175.000000	16.017300		
175.500000	16.089800		
176.000000	15.951000		
176.500000	15.970500		
177.000000	15.813400		
177.500000	15.639700		
178.000000	15.744000		
178.500000	15.495000		
179.000000	15.767200		
179.500000	15.468900		
180.000000	15.277700		
180.500000	15.274500		
181.000000	15.406000		
181.500000	15.547200		
182.000000	15.375400		
182.500000	15.410100		
183.000000	15.380500		
183.500000	15.052500		
184.000000	15.204200		
184.500000	15.407200		
185.000000	15.157800		
185.500000	14.810700		
186.000000	14.947800		
186.500000	14.840100		
187.000000	14.933100		
187.500000	15.030400		
188.000000	14.941500		
188.500000	14.663600		
189.000000	14.857200		
189.500000	14.803200		
190.000000	14.966800		
190.500000	14.765000		
191.000000	14.819900		
191.500000	14.656800		
192.000000	14.335800		
192.500000	14.683600		
193.000000	14.500400		
193.500000	14.388700		
194.000000	14.583400		
194.500000	14.349400		
195.000000	14.650400		
195.500000	14.662000		
196.000000	14.335100		
196.500000	14.336200		
197.000000	14.366300		
197.500000	14.432700		
198.000000	14.168200		
198.500000	14.042800		
199.000000	14.531100		
199.500000	14.179700		
200.000000	14.077200		
200.500000	14.337300		
201.000000	13.847700		
201.500000	14.355000		
202.000000	14.095700		
202.500000	13.816800		
203.000000	14.222500		
203.500000	13.933800		
204.000000	13.925200		
204.500000	13.974800		
205.000000	14.270400		
205.500000	13.864600		
206.000000	13.452900		
206.500000	13.676800		
207.000000	13.948000		
207.500000	13.873700		
208.000000	14.022600		
208.500000	13.969100		
209.000000	13.717000		
209.500000	13.549000		
210.000000	13.605000		
210.500000	13.590100		
211.000000	13.627000		
211.500000	13.585300		
212.000000	13.764600		
212.500000	13.599200		
213.000000	13.542700		
213.500000	13.442200		
214.000000	13.567500		
214.500000	13.269700		
215.000000	13.571700		
215.500000	13.527300		
216.000000	13.279100		
216.500000	13.381900		
217.000000	13.358900		
217.500000	13.295800		
218.000000	13.480200		
218.500000	13.144400		
219.000000	13.262700		
219.500000	13.097500		
220.000000	13.257000		
220.500000	13.259000		
221.000000	13.180200		
221.500000	13.280700		
222.000000	13.074100		
222.500000	12.994000		
223.000000	13.129600		
223.500000	12.962800		
224.000000	13.026000		
224.500000	12.929900		
225.000000	12.777000		
225.500000	12.908500		
226.000000	12.882200		
226.500000	12.972000		
227.000000	12.728500		
227.500000	12.685100		
228.000000	12.401500		
228.500000	12.555900		
229.000000	12.770600		
229.500000	12.624000		
230.000000	12.800900		
230.500000	12.756700		
231.000000	12.582800		
231.500000	12.738600		
232.000000	12.718200		
232.500000	12.493200		
233.000000	12.426800		
233.500000	12.325900		
234.000000	12.703600		
234.500000	12.310400		
235.000000	12.410700		
235.500000	12.648800		
236.000000	12.469900		
236.500000	12.537100		
237.000000	12.756600		
237.500000	12.771200		
238.000000	12.448600		
238.500000	12.423800		
239.000000	12.268700		
239.500000	12.482900		
240.000000	12.339200		
240.500000	12.054300		
241.000000	12.239700		
241.500000	12.573700		
242.000000	12.348800		
242.500000	12.594800		
243.000000	12.337000		
243.500000	12.470000		
244.000000	12.275900		
244.500000	12.470000		
245.000000	12.642000		
245.500000	12.220200		
246.000000	12.303300		
246.500000	12.296500		
247.000000	12.150200		
247.500000	12.229800		
248.000000	12.266700		
248.500000	12.121300		
249.000000	12.149100		
249.500000	11.993900		
250.000000	11.965900		
250.500000	12.083500		
251.000000	12.114000		
251.500000	11.983400		
252.000000	12.012300		
252.500000	12.268400		
253.000000	12.350700		
253.500000	12.340200		
254.000000	12.128200		
254.500000	12.114300		
255.000000	12.000600		
255.500000	11.868800		
256.000000	12.097400		
256.500000	12.033300		
257.000000	11.877400		
257.500000	12.129900		
258.000000	11.902100		
258.500000	12.068100		
259.000000	11.800300		
259.500000	11.820200		
260.000000	11.956500		
260.500000	11.956400		
261.000000	11.928500		
261.500000	11.925100		
262.000000	11.742800		
262.500000	11.773900		
263.000000	12.092200		
263.500000	12.209500		
264.000000	11.863500		
264.500000	11.955400		
265.000000	11.621200		
265.500000	11.794900		
266.000000	11.899700		
266.500000	11.891500		
267.000000	11.849300		
267.500000	11.795400		
268.000000	11.774500		
268.500000	11.653300		
269.000000	11.777500		
269.500000	12.008900		
270.000000	11.675400		
270.500000	11.780400		
271.000000	11.765900		
271.500000	12.027200		
272.000000	11.807400		
272.500000	11.545200		
273.000000	11.917600		
273.500000	11.526000		
274.000000	11.669400		
274.500000	11.759500		
275.000000	11.951600		
275.500000	11.708700		
276.000000	11.599700		
276.500000	11.405200		
277.000000	11.468200		
277.500000	11.594100		
278.000000	11.464500		
278.500000	11.443300		
279.000000	11.709500		
279.500000	11.822600		
280.000000	11.894000		
280.500000	11.452000		
281.000000	11.438800		
281.500000	11.601300		
282.000000	11.472800		
282.500000	11.639700		
283.000000	11.520600		
283.500000	11.584300		
284.000000	11.544200		
284.500000	11.381800		
285.000000	11.505600		
285.500000	11.569600		
286.000000	11.567900		
286.500000	11.394900		
287.000000	11.337800		
287.500000	11.596500		
288.000000	11.546300		
288.500000	11.383500		
289.000000	11.208800		
289.500000	11.466300		
290.000000	11.517800		
290.500000	11.108400		
291.000000	11.510400		
291.500000	11.452400		
292.000000	11.354600		
292.500000	11.416000		
293.000000	11.340200		
293.500000	11.723100		
294.000000	11.317300		
294.500000	11.334400		
295.000000	11.471400		
295.500000	11.435700		
296.000000	11.496900		
296.500000	11.055100		
297.000000	11.369700		
297.500000	11.079000		
298.000000	11.462100		
298.500000	11.295000		
299.000000	11.327200		
299.500000	11.235900		
300.000000	11.248600		
300.500000	11.295400		
301.000000	11.182800		
301.500000	11.192000		
302.000000	11.217500		
302.500000	11.004000		
303.000000	11.302800		
303.500000	11.177700		
304.000000	11.216300		
304.500000	11.086600		
305.000000	11.177200		
305.500000	11.383100		
306.000000	11.125200		
306.500000	11.095600		
307.000000	11.251600		
307.500000	11.384100		
308.000000	10.974800		
308.500000	10.988900		
309.000000	11.004200		
309.500000	11.366000		
310.000000	11.209000		
310.500000	10.817300		
311.000000	11.306400		
311.500000	11.251500		
312.000000	11.219300		
312.500000	11.386400		
313.000000	11.173000		
313.500000	11.088300		
314.000000	11.136600		
314.500000	11.128400		
315.000000	11.349900		
315.500000	11.017800		
316.000000	11.224500		
316.500000	11.159600		
317.000000	11.169500		
317.500000	11.156800		
318.000000	11.149300		
318.500000	11.489500		
319.000000	11.247700		
319.500000	11.283600		
320.000000	11.200700		
320.500000	11.334400		
321.000000	11.400300		
321.500000	11.170900		
322.000000	11.457800		
322.500000	10.968000		
323.000000	11.292500		
323.500000	11.271800		
324.000000	11.401000		
324.500000	11.313900		
325.000000	11.159400		
325.500000	11.222800		
326.000000	11.265600		
326.500000	10.998900		
327.000000	10.911600		
327.500000	11.002000		
328.000000	11.082100		
328.500000	11.060100		
329.000000	11.225000		
329.500000	11.220100		
330.000000	11.354800		
330.500000	10.980000		
331.000000	11.042300		
331.500000	10.885200		
332.000000	10.901800		
332.500000	11.249000		
333.000000	11.117300		
333.500000	10.947200		
334.000000	10.934800		
334.500000	10.899200		
335.000000	10.946800		
335.500000	10.872600		
336.000000	11.223200		
336.500000	10.997700		
337.000000	11.106800		
337.500000	11.116700		
338.000000	11.122700		
338.500000	11.095800		
339.000000	11.176900		
339.500000	11.180000		
340.000000	11.011800		
340.500000	11.111100		
341.000000	11.152000		
341.500000	11.218900		
342.000000	11.120500		
342.500000	10.955600		
343.000000	10.976900		
343.500000	10.675900		
344.000000	11.071800		
344.500000	10.799400		
345.000000	10.555400		
345.500000	10.734300		
346.000000	10.615400		
346.500000	10.893200		
347.000000	10.932000		
347.500000	11.161900		
348.000000	10.844800		
348.500000	10.456200		
349.000000	10.991000		
349.500000	10.920500		
350.000000	11.223700		
350.500000	10.965300		
351.000000	10.927400		
351.500000	10.671800		
352.000000	10.744000		
352.500000	11.116000		
353.000000	11.116500		
353.500000	11.053100		
354.000000	11.277800		
354.500000	11.309300		
355.000000	11.050300		
355.500000	10.728200		
356.000000	11.049400		
356.500000	11.143600		
357.000000	11.038300		
357.500000	11.095500		
358.000000	11.013400		
358.500000	10.948100		
359.000000	10.725600		
359.500000	11.060500		
360.000000	10.918800		
360.500000	11.033400		
361.000000	11.186300		
361.500000	11.276000		
362.000000	10.881500		
362.500000	10.783400		
363.000000	10.990300		
363.500000	10.896800		
364.000000	10.853400		
364.500000	11.000400		
365.000000	11.101600		
365.500000	11.177600		
366.000000	11.027700		
366.500000	11.080300		
367.000000	10.752800		
367.500000	11.362200		
368.000000	11.087200		
368.500000	11.068700		
369.000000	11.113900		
369.500000	11.029100		
370.000000	11.035600		
370.500000	10.830300		
371.000000	10.750600		
371.500000	10.890400		
372.000000	11.249200		
372.500000	10.934100		
373.000000	10.821500		
373.500000	11.246300		
374.000000	11.092900		
374.500000	11.127200		
375.000000	11.148300		
375.500000	10.970200		
376.000000	10.929500		
376.500000	10.817000		
377.000000	10.989100		
377.500000	10.671300		
378.000000	11.083800		
378.500000	11.090200		
379.000000	11.171800		
379.500000	11.159900		
380.000000	10.928100		
380.500000	10.843400		
381.000000	10.986700		
381.500000	11.040700		
382.000000	11.209800		
382.500000	11.146200		
383.000000	11.243100		
383.500000	10.943800		
384.000000	11.074600		
384.500000	10.737800		
385.000000	10.935500		
385.500000	10.885400		
386.000000	10.865400		
386.500000	11.121400		
387.000000	11.017400		
387.500000	10.897700		
388.000000	10.862600		
388.500000	11.204200		
389.000000	11.000700		
389.500000	10.927200		
390.000000	10.760800		
390.500000	10.817700		
391.000000	10.892800		
391.500000	10.600400		
392.000000	11.216400		
392.500000	11.212600		
393.000000	10.837500		
393.500000	10.851900		
394.000000	11.278000		
394.500000	11.091800		
395.000000	10.906700		
395.500000	10.921000		
396.000000	10.943800		
396.500000	10.988600		
397.000000	11.036900		
397.500000	10.857700		
398.000000	11.014100		
398.500000	11.019200		
399.000000	10.729600		
399.500000	10.715200		
400.000000	11.196800		
400.500000	11.117700		
401.000000	10.856200		
401.500000	10.858700		
402.000000	11.014400		
402.500000	11.077600		
403.000000	10.872500		
403.500000	11.051000		
404.000000	10.719700		
404.500000	11.004700		
405.000000	11.060300		
405.500000	10.758200		
406.000000	10.951900		
406.500000	11.078400		
407.000000	11.051300		
407.500000	11.026600		
408.000000	11.365700		
408.500000	11.049700		
409.000000	10.866100		
409.500000	11.170800		
410.000000	10.837700		
410.500000	11.113200		
411.000000	11.065700		
411.500000	11.179400		
412.000000	10.848600		
412.500000	10.911300		
413.000000	11.119100		
413.500000	11.079400		
414.000000	10.962700		
414.500000	10.974000		
415.000000	10.971500		
415.500000	10.900400		
416.000000	11.188800		
416.500000	11.095700		
417.000000	10.700500		
417.500000	10.823200		
418.000000	10.959400		
418.500000	10.761300		
419.000000	10.624200		
419.500000	11.071100		
420.000000	11.069800		
420.500000	10.869900		
421.000000	10.990000		
421.500000	10.676300		
422.000000	10.972400		
422.500000	10.884400		
423.000000	10.930800		
423.500000	10.568500		
424.000000	10.673200		
424.500000	10.908600		
425.000000	10.858800		
425.500000	11.049700		
426.000000	10.996900		
426.500000	11.233400		
427.000000	10.824000		
427.500000	11.092900		
428.000000	11.102000		
428.500000	10.906900		
429.000000	11.048700		
429.500000	10.958700		
430.000000	10.940900		
430.500000	11.101300		
431.000000	11.135700		
431.500000	11.097000		
432.000000	11.132300		
432.500000	10.935600		
433.000000	11.112700		
433.500000	11.116600		
434.000000	10.797700		
434.500000	10.656400		
435.000000	10.822300		
435.500000	10.920700		
436.000000	10.924400		
436.500000	10.827100		
437.000000	10.863900		
437.500000	10.839400		
438.000000	11.090800		
438.500000	11.026900		
439.000000	11.127400		
439.500000	10.863700		
440.000000	10.712600		
440.500000	11.010400		
441.000000	10.916200		
441.500000	10.893300		
442.000000	10.706000		
442.500000	10.759900		
443.000000	10.712600		
443.500000	10.834800		
444.000000	10.910000		
444.500000	10.817300		
445.000000	10.807700		
445.500000	11.085600		
446.000000	11.205900		
446.500000	10.691700		
447.000000	10.794700		
447.500000	11.091700		
448.000000	10.607100		
448.500000	10.911500		
449.000000	10.990000		
449.500000	10.862400		
450.000000	10.942800		
450.500000	11.101500		
451.000000	11.055300		
451.500000	10.656300		
452.000000	10.842300		
452.500000	10.796700		
453.000000	10.712200		
453.500000	10.703600		
454.000000	11.226400		
454.500000	10.977000		
455.000000	10.902600		
455.500000	11.132400		
456.000000	10.810000		
456.500000	10.961100		
457.000000	10.998700		
457.500000	10.939100		
458.000000	10.818100		
458.500000	11.036300		
459.000000	10.674600		
459.500000	10.728500		
460.000000	11.142900		
460.500000	10.987000		
461.000000	11.139400		
461.500000	10.669700		
462.000000	10.745700		
462.500000	10.881000		
463.000000	10.781800		
463.500000	10.918300		
464.000000	10.830300		
464.500000	10.844900		
465.000000	10.687600		
465.500000	11.021800		
466.000000	10.780500		
466.500000	10.968300		
467.000000	10.960800		
467.500000	10.840100		
468.000000	10.690200		
468.500000	10.741200		
469.000000	10.934500		
469.500000	10.936000		
470.000000	11.092400		
470.500000	11.030400		
471.000000	11.057200		
471.500000	10.827700		
472.000000	10.836900		
472.500000	10.952100		
473.000000	10.806000		
473.500000	10.833400		
474.000000	10.811100		
474.500000	10.728500		
475.000000	10.822500		
475.500000	10.929300		
476.000000	10.975100		
476.500000	10.825500		
477.000000	10.813500		
477.500000	10.757800		
478.000000	11.016900		
478.500000	10.727900		
479.000000	10.672600		
479.500000	10.870500		
480.000000	10.561600		
480.500000	10.874100		
481.000000	10.888200		
481.500000	11.164400		
482.000000	10.778500		
482.500000	11.193900		
483.000000	10.947300		
483.500000	10.810300		
484.000000	10.850500		
484.500000	10.881300		
485.000000	10.787400		
485.500000	10.904800		
486.000000	11.013100		
486.500000	10.768100		
487.000000	10.794000		
487.500000	10.871700		
488.000000	10.902800		
488.500000	10.782700		
489.000000	10.830000		
489.500000	10.844900		
490.000000	10.873700		
490.500000	11.157800		
491.000000	10.954700		
491.500000	10.887200		
492.000000	10.665700		
492.500000	10.794600		
493.000000	10.833200		
493.500000	10.494000		
494.000000	10.921700		
494.500000	11.019200		
495.000000	10.735900		
495.500000	10.772700		
496.000000	10.884800		
496.500000	10.963200		
497.000000	10.727500		
497.500000	10.616800		
498.000000	10.697500		
498.500000	10.842900		
499.000000	10.626500		
499.500000	10.996200		
500.000000	10.589600		
500.500000	10.451800		
501.000000	10.634800		
501.500000	11.044600		
502.000000	10.878400		
502.500000	10.836800		
503.000000	11.094000		
503.500000	10.880800		
504.000000	10.602700		
504.500000	10.949100		
505.000000	10.766900		
505.500000	10.843700		
506.000000	10.837200		
506.500000	10.966000		
507.000000	10.622100		
507.500000	10.605900		
508.000000	10.784100		
508.500000	10.639000		
509.000000	10.663900		
509.500000	10.664600		
510.000000	10.824200		
510.500000	10.500100		
511.000000	10.892600		
511.500000	10.790200		
512.000000	10.764100		
512.500000	10.581900		
513.000000	10.754100		
513.500000	10.769100		
514.000000	10.781000		
514.500000	10.854800		
515.000000	10.699900		
515.500000	10.630100		
516.000000	10.614000		
516.500000	10.549100		
517.000000	10.548800		
517.500000	10.726300		
518.000000	10.823000		
518.500000	10.403200		
519.000000	10.399600		
519.500000	10.631200		
520.000000	10.844000		
520.500000	10.415700		
521.000000	10.817100		
521.500000	10.681500		
522.000000	10.684900		
522.500000	10.857800		
523.000000	10.462500		
523.500000	10.579800		
524.000000	10.747000		
524.500000	10.897100		
525.000000	10.563200		
525.500000	10.629400		
526.000000	10.662000		
526.500000	10.760300		
527.000000	10.939600		
527.500000	10.691500		
528.000000	10.712300		
528.500000	10.578500		
529.000000	10.671900		
529.500000	10.691700		
530.000000	10.630100		
530.500000	10.615700		
531.000000	10.526100		
531.500000	10.763600		
532.000000	10.634000		
532.500000	10.625200		
533.000000	10.953300		
533.500000	10.795300		
534.000000	10.513800		
534.500000	10.574600		
535.000000	10.662800		
535.500000	10.572200		
536.000000	10.354800		
536.500000	10.525900		
537.000000	10.534500		
537.500000	10.272400		
538.000000	10.532300		
538.500000	10.749800		
539.000000	10.736800		
539.500000	10.562200		
540.000000	10.918100		
540.500000	10.612200		
541.000000	10.475600		
541.500000	10.694300		
542.000000	10.684900		
542.500000	10.651200		
543.000000	10.535100		
543.500000	10.434000		
544.000000	10.757800		
544.500000	10.499000		
545.000000	10.565900		
545.500000	10.220400		
546.000000	10.388700		
546.500000	10.626300		
547.000000	10.807700		
547.500000	10.723300		
548.000000	10.843400		
548.500000	10.647700		
549.000000	10.411500		
549.500000	10.791900		
550.000000	10.700400		
550.500000	10.784100		
551.000000	10.265700		
551.500000	10.611500		
552.000000	10.734400		
552.500000	10.879400		
553.000000	10.480800		
553.500000	10.527300		
554.000000	10.626000		
554.500000	10.791200		
555.000000	10.536700		
555.500000	10.405100		
556.000000	10.780500		
556.500000	10.561200		
557.000000	10.559600		
557.500000	10.691100		
558.000000	10.797800		
558.500000	10.626600		
559.000000	10.734900		
559.500000	10.893000		
560.000000	10.409800		
560.500000	10.545300		
561.000000	10.767700		
561.500000	10.702600		
562.000000	10.645200		
562.500000	10.551900		
563.000000	10.862900		
563.500000	10.441700		
564.000000	10.762100		
564.500000	10.458900		
565.000000	10.532100		
565.500000	10.765300		
566.000000	10.499600		
566.500000	10.416600		
567.000000	10.600900		
567.500000	10.697900		
568.000000	10.248800		
568.500000	10.665300		
569.000000	10.531000		
569.500000	10.420300		
570.000000	10.377800		
570.500000	10.435900		
571.000000	10.479600		
571.500000	10.693500		
572.000000	10.650200		
572.500000	10.431500		
573.000000	10.370000		
573.500000	10.544400		
574.000000	10.481700		
574.500000	10.548200		
575.000000	10.232700		
575.500000	10.815100		
576.000000	10.735800		
576.500000	10.580200		
577.000000	10.360200		
577.500000	10.366400		
578.000000	10.665400		
578.500000	10.560400		
579.000000	10.398100		
579.500000	10.497300		
580.000000	10.699100		
580.500000	10.508200		
581.000000	10.512200		
581.500000	10.330700		
582.000000	10.621700		
582.500000	10.798200		
583.000000	10.655400		
583.500000	10.528100		
584.000000	10.391200		
584.500000	10.373000		
585.000000	10.406600		
585.500000	10.744900		
586.000000	10.479500		
586.500000	10.686200		
587.000000	10.506300		
587.500000	10.733400		
588.000000	10.541400		
588.500000	10.478000		
589.000000	10.443200		
589.500000	10.226500		
590.000000	10.586500		
590.500000	10.326100		
591.000000	10.704000		
591.500000	10.515600		
592.000000	10.469200		
592.500000	10.455300		
593.000000	10.419000		
593.500000	10.294300		
594.000000	10.441900		
594.500000	10.612200		
595.000000	10.344900		
595.500000	10.541100		
596.000000	10.416300		
596.500000	10.579900		
597.000000	10.473400		
597.500000	10.346400		
598.000000	10.602200		
598.500000	10.259800		
599.000000	10.457800		
599.500000	10.423000		
600.000000	10.286100		
600.500000	10.351000		
601.000000	10.636100		
601.500000	10.184700		
602.000000	10.378100		
602.500000	10.459300		
603.000000	10.302200		
603.500000	10.530600		
604.000000	10.368700		
604.500000	10.627800		
605.000000	10.235000		
605.500000	10.411200		
606.000000	10.271300		
606.500000	10.341100		
607.000000	10.695400		
607.500000	10.437800		
608.000000	10.604000		
608.500000	10.385100		
609.000000	10.323000		
609.500000	10.200700		
610.000000	10.349500		
610.500000	10.557500		
611.000000	10.341400		
611.500000	10.360800		
612.000000	10.181800		
612.500000	10.354100		
613.000000	10.002800		
613.500000	10.254100		
614.000000	10.584400		
614.500000	10.245700		
615.000000	10.629400		
615.500000	10.489700		
616.000000	10.539500		
616.500000	10.214600		
617.000000	10.599500		
617.500000	10.467200		
618.000000	10.280400		
618.500000	10.355300		
619.000000	10.602800		
619.500000	10.250300		
620.000000	10.173800		
620.500000	10.186600		
621.000000	10.236900		
621.500000	10.444500		
622.000000	10.295100		
622.500000	10.143900		
623.000000	10.250800		
623.500000	10.420900		
624.000000	10.187700		
624.500000	10.205900		
625.000000	10.207100		
625.500000	10.223600		
626.000000	10.253500		
626.500000	10.206600		
627.000000	10.451100		
627.500000	10.016700		
628.000000	10.380300		
628.500000	10.307900		
629.000000	10.242900		
629.500000	10.347400		
630.000000	10.162900		
630.500000	10.454000		
631.000000	10.159200		
631.500000	10.238100		
632.000000	10.096400		
632.500000	10.221700		
633.000000	10.061200		
633.500000	10.524300		
634.000000	10.245900		
634.500000	10.228200		
635.000000	10.216000		
635.500000	10.347800		
636.000000	10.340500		
636.500000	10.178500		
637.000000	10.254800		
637.500000	10.085600		
638.000000	10.276200		
638.500000	10.263300		
639.000000	10.139800		
639.500000	10.113900		
640.000000	10.145700		
640.500000	10.099300		
641.000000	9.756400		
641.500000	10.142300		
642.000000	10.156900		
642.500000	10.135400		
643.000000	10.273400		
643.500000	10.299300		
644.000000	10.267000		
644.500000	10.231100		
645.000000	10.148100		
645.500000	10.160200		
646.000000	10.241700		
646.500000	10.087700		
647.000000	10.114300		
647.500000	10.105600		
648.000000	10.003800		
648.500000	10.443700		
649.000000	10.274200		
649.500000	10.351600		
650.000000	10.259300		
650.500000	10.437200		
651.000000	10.054800		
651.500000	10.325600		
652.000000	10.100200		
652.500000	10.235400		
653.000000	10.246900		
653.500000	10.108700		
654.000000	10.177500		
654.500000	10.094300		
655.000000	10.179000		
655.500000	10.071600		
656.000000	9.919900		
656.500000	10.154000		
657.000000	10.277400		
657.500000	10.201400		
658.000000	10.428200		
658.500000	10.408500		
659.000000	10.173200		
659.500000	10.399200		
660.000000	10.282400		
660.500000	10.261900		
661.000000	10.181300		
661.499000	10.434000		
662.000000	10.362100		
662.500000	9.875000		
663.000000	10.078700		
