Date:	Wed, Dec 11, 2013		
measured by:	Rotem		
Write here experiment description to be saved in the file header.			
Time [s]	CPD stream	Light	SPV
0.000000	-78.898300		
0.500000	-78.843600		
1.000000	-78.451600		
1.499000	-78.259700		
2.000000	-77.591700		
2.499000	-77.358400		
3.000000	-77.421300		
3.500000	-76.916200		
4.000000	-76.743100		
4.500000	-76.576700		
4.999000	-76.434500		
5.500000	-76.004200		
5.999000	-75.881000		
6.500000	-75.580800		
6.999000	-75.240000		
7.500000	-75.153600		
7.999000	-75.174000		
8.500000	-74.731000		
8.999000	-74.328500		
9.499000	-74.173800		
10.000000	-73.899000		
10.499000	-73.412500		
11.000000	-73.476300		
11.500000	-73.261900		
12.000000	-72.924300		
12.500000	-72.878600		
13.000000	-72.649100		
13.500000	-72.315500		
14.000000	-72.176800		
14.500000	-71.821200		
15.000000	-71.692400		
15.500000	-71.374600		
16.000000	-71.157100		
16.500000	-71.042400		
17.000000	-70.686400		
17.500000	-70.338500		
18.000000	-70.147800		
18.500000	-69.977300		
19.000000	-69.539700		
19.500000	-69.322900		
20.000000	-69.385000		
20.500000	-69.331100		
21.000000	-68.993400		
21.500000	-68.729200		
22.000000	-68.565900		
22.500000	-68.415600		
23.000000	-68.301000		
23.500000	-67.984000		
24.000000	-67.389300		
24.500000	-67.157000		
25.000000	-67.260900		
25.500000	-67.011800		
26.000000	-66.774700		
26.500000	-66.664700		
27.000000	-66.165900		
27.500000	-66.080700		
28.000000	-66.077100		
28.500000	-65.838000		
29.000000	-65.791400		
29.500000	-65.639700		
30.000000	-65.355100		
30.500000	-64.801400		
31.000000	-64.819100		
31.500000	-64.609800		
32.000000	-64.513300		
32.500000	-64.222800		
33.000000	-64.124000		
33.500000	-64.248400		
34.000000	-63.788500		
34.500000	-63.832000		
35.000000	-63.473000		
35.500000	-63.420900		
36.000000	-63.214600		
36.500000	-63.148500		
37.000000	-62.854600		
37.500000	-62.431000		
38.000000	-62.245000		
38.500000	-62.106400		
39.000000	-62.116700		
39.500000	-61.689600		
40.000000	-61.620100		
40.500000	-61.410100		
41.000000	-61.323400		
41.500000	-61.092200		
42.000000	-61.103900		
42.500000	-60.801800		
43.000000	-60.714400		
43.500000	-61.062200		
44.000000	-60.422700		
44.500000	-60.295700		
45.000000	-60.203800		
45.500000	-59.993700		
46.000000	-59.573800		
46.500000	-59.511000		
47.000000	-59.567600		
47.500000	-59.338800		
48.000000	-59.175900		
48.500000	-58.883500		
49.000000	-58.907700		
49.500000	-58.539900		
50.000000	-58.649100		
50.500000	-58.550500		
51.000000	-58.235400		
51.500000	-58.066100		
52.000000	-57.806100		
52.500000	-57.462100		
53.000000	-57.374200		
53.500000	-57.062500		
54.000000	-56.962500		
54.500000	-57.004600		
55.000000	-57.008600		
55.500000	-56.778600		
56.000000	-56.663500		
56.500000	-56.389200		
57.000000	-56.469800		
57.500000	-56.167200		
58.000000	-56.211600		
58.500000	-55.674600		
59.000000	-55.710700		
59.500000	-56.091600		
60.000000	-55.593100		
60.500000	-55.259400		
61.000000	-55.140700		
61.500000	-55.253600		
62.000000	-55.153200		
62.500000	-55.005500		
63.000000	-54.959700		
63.500000	-54.603700		
64.000000	-54.323400		
64.500000	-54.187300		
65.000000	-54.217800		
65.500000	-54.055600		
66.000000	-53.978100		
66.500000	-54.016500		
67.000000	-53.831100		
67.500000	-53.881400		
68.000000	-53.474700		
68.500000	-53.344100		
69.000000	-53.287500		
69.500000	-53.117100		
70.000000	-52.978300		
70.500000	-52.844000		
71.000000	-52.947200		
71.500000	-52.776000		
72.000000	-52.455400		
72.500000	-52.565000		
73.000000	-52.458400		
73.500000	-52.047600		
74.000000	-52.132800		
74.500000	-52.070400		
75.000000	-52.220100		
75.500000	-51.782400		
76.000000	-51.607300		
76.500000	-51.798800		
77.000000	-51.713600		
77.500000	-51.825400		
78.000000	-51.392400		
78.500000	-51.105600		
79.000000	-51.300000		
79.500000	-51.219500		
80.000000	-50.633000		
80.500000	-50.588100		
81.000000	-51.049800		
81.500000	-50.587500		
82.000000	-50.681300		
82.500000	-50.378500		
83.000000	-50.439500		
83.500000	-50.020900		
84.000000	-50.212100		
84.500000	-50.197900		
85.000000	-50.054300		
85.500000	-49.971200		
86.000000	-49.747200		
86.500000	-49.632800		
87.000000	-49.601600		
87.500000	-49.953500		
88.000000	-49.414400		
88.500000	-49.398000		
89.000000	-49.180100		
89.500000	-49.155000		
90.000000	-49.039800		
90.500000	-48.808400		
91.000000	-49.283100		
91.500000	-48.881100		
92.000000	-48.411600		
92.500000	-48.604800		
93.000000	-48.656700		
93.500000	-48.582900		
94.000000	-48.497700		
94.500000	-48.264100		
95.000000	-48.194700		
95.500000	-47.954100		
96.000000	-47.932000		
96.500000	-47.747900		
97.000000	-48.040700		
97.500000	-47.507100		
98.000000	-47.306200		
98.500000	-47.052400		
99.000000	-47.032700		
99.500000	-47.388800		
100.000000	-47.411400		
100.500000	-47.104700		
101.000000	-47.186300		
101.500000	-46.782800		
102.000000	-46.829500		
102.500000	-46.648100		
103.000000	-46.576500		
103.500000	-46.613200		
104.000000	-46.605700		
104.500000	-46.634400		
105.000000	-46.469200		
105.500000	-46.621200		
106.000000	-46.280100		
106.500000	-46.162700		
107.000000	-45.919900		
107.500000	-45.918800		
108.000000	-45.899900		
108.500000	-45.939000		
109.000000	-45.876200		
109.500000	-45.333500		
110.000000	-45.501100		
110.500000	-45.638900		
111.000000	-45.551900		
111.500000	-45.015600		
112.000000	-45.113600		
112.500000	-45.357600		
113.000000	-45.090700		
113.500000	-44.969400		
114.000000	-44.987300		
114.500000	-44.951700		
115.000000	-44.643000		
115.500000	-44.690300		
116.000000	-44.824400		
116.500000	-44.613900		
117.000000	-44.452400		
117.500000	-44.361700		
118.000000	-44.245400		
118.500000	-44.015300		
119.000000	-43.810200		
119.500000	-43.944200		
120.000000	-43.938400		
120.500000	-43.763600		
121.000000	-43.759400		
121.500000	-43.799800		
122.000000	-43.494300		
122.500000	-43.396500		
123.000000	-43.520600		
123.500000	-43.525600		
124.000000	-43.384000		
124.500000	-43.477400		
125.000000	-43.112300		
125.500000	-43.321800		
126.000000	-43.389300		
126.500000	-42.795800		
127.000000	-42.714200		
127.500000	-42.549500		
128.000000	-42.864100		
128.500000	-42.858000		
129.000000	-42.836800		
129.500000	-42.876300		
130.000000	-42.429500		
130.500000	-42.314000		
131.000000	-42.183100		
131.500000	-42.156800		
132.000000	-41.920500		
132.500000	-42.161800		
133.000000	-41.880200		
133.500000	-41.928500		
134.000000	-41.966200		
134.500000	-41.679300		
135.000000	-41.722600		
135.500000	-41.667100		
136.000000	-41.892200		
136.500000	-41.407900		
137.000000	-41.370700		
137.500000	-41.287500		
138.000000	-41.404600		
138.500000	-41.418400		
139.000000	-41.350700		
139.500000	-41.260600		
140.000000	-40.997900		
140.500000	-41.164300		
141.000000	-41.063500		
141.500000	-40.998700		
142.000000	-40.883200		
142.500000	-40.859900		
143.000000	-40.611900		
143.500000	-40.636700		
144.000000	-40.701800		
144.500000	-40.595700		
145.000000	-40.406700		
145.500000	-40.344000		
146.000000	-40.348100		
146.500000	-40.063400		
147.000000	-40.087500		
147.500000	-39.972100		
148.000000	-39.734600		
148.500000	-39.866700		
149.000000	-39.836300		
149.500000	-39.924800		
150.000000	-39.707900		
150.500000	-39.760200		
151.000000	-39.504200		
151.500000	-39.612800		
152.000000	-39.627000		
152.500000	-39.422200		
153.000000	-39.409400		
153.500000	-39.352700		
154.000000	-39.140200		
154.500000	-39.264500		
155.000000	-39.105200		
155.500000	-39.064500		
156.000000	-38.917200		
156.500000	-38.660600		
157.000000	-38.788800		
157.500000	-38.811400		
158.000000	-38.689600		
158.500000	-38.936300		
159.000000	-38.532100		
159.500000	-38.608900		
160.000000	-38.189500		
160.500000	-38.382800		
161.000000	-38.268100		
161.500000	-38.200700		
162.000000	-38.476600		
162.500000	-38.323400		
163.000000	-38.082500		
163.500000	-37.814300		
164.000000	-38.209700		
164.500000	-37.745800		
165.000000	-38.034500		
165.500000	-38.246500		
166.000000	-37.678500		
166.500000	-37.456700		
167.000000	-37.465100		
167.500000	-37.738300		
168.000000	-37.600500		
168.500000	-37.465000		
169.000000	-37.504900		
169.500000	-37.519300		
170.000000	-36.953500		
170.500000	-37.104500		
171.000000	-37.228100		
171.500000	-37.064600		
172.000000	-36.917000		
172.500000	-36.788700		
173.000000	-37.045900		
173.500000	-36.897100		
174.000000	-36.861300		
174.500000	-36.621400		
175.000000	-36.929800		
175.500000	-36.864600		
176.000000	-36.553100		
176.500000	-36.495300		
177.000000	-36.314100		
177.500000	-36.423900		
178.000000	-36.396700		
178.500000	-36.320200		
179.000000	-36.141600		
179.500000	-35.995100		
180.000000	-36.018300		
180.500000	-36.022000		
181.000000	-36.119000		
181.500000	-35.923400		
182.000000	-36.067500		
182.500000	-35.928700		
183.000000	-35.963100		
183.500000	-35.787800		
184.000000	-35.649900		
184.500000	-35.634900		
185.000000	-35.547100		
185.500000	-35.834600		
186.000000	-35.676700		
186.500000	-35.538600		
187.000000	-35.403700		
187.500000	-35.356300		
188.000000	-35.171700		
188.500000	-35.298600		
189.000000	-35.127100		
189.500000	-34.897200		
190.000000	-34.988700		
190.500000	-35.186100		
191.000000	-34.656200		
191.500000	-34.854400		
192.000000	-34.893000		
192.500000	-34.715900		
193.000000	-34.777300		
193.500000	-34.686300		
194.000000	-34.726300		
194.500000	-34.638700		
195.000000	-34.448700		
195.500000	-34.310700		
196.000000	-34.181000		
196.500000	-34.190400		
197.000000	-34.518600		
197.500000	-34.433000		
198.000000	-34.240000		
198.500000	-34.180000		
199.000000	-34.147600		
199.500000	-34.099800		
200.000000	-34.043300		
200.500000	-33.786300		
201.000000	-34.098600		
201.500000	-33.581000		
202.000000	-33.640900		
202.500000	-33.824900		
203.000000	-33.600600		
203.500000	-33.771200		
204.000000	-33.642600		
204.500000	-33.706000		
205.000000	-33.332900		
205.500000	-33.686400		
206.000000	-33.187800		
206.500000	-33.370000		
207.000000	-33.287400		
207.500000	-33.036600		
208.000000	-33.208100		
208.500000	-33.205300		
209.000000	-33.176200		
209.500000	-32.934200		
210.000000	-32.940200		
210.500000	-32.975400		
211.000000	-33.061800		
211.500000	-33.012100		
212.000000	-32.881700		
212.500000	-32.931500		
213.000000	-32.632100		
213.500000	-32.929900		
214.000000	-32.430100		
214.500000	-32.690900		
215.000000	-32.611700		
215.500000	-32.655300		
216.000000	-32.461800		
216.500000	-32.436700		
217.000000	-32.572600		
217.500000	-32.309000		
218.000000	-32.237900		
218.500000	-31.903100		
219.000000	-32.285600		
219.500000	-32.224900		
220.000000	-32.286300		
220.500000	-31.975900		
221.000000	-32.073900		
221.500000	-31.959800		
222.000000	-31.666100		
222.500000	-31.857400		
223.000000	-32.054100		
223.500000	-31.700100		
224.000000	-31.601600		
224.500000	-31.865500		
225.000000	-31.648600		
225.500000	-31.497800		
226.000000	-31.539600		
226.500000	-31.605600		
227.000000	-31.575500		
227.500000	-31.396100		
228.000000	-31.504600		
228.500000	-31.286200		
229.000000	-31.107700		
229.500000	-31.131800		
230.000000	-31.321000		
230.500000	-31.368700		
231.000000	-30.940300		
231.500000	-31.137800		
232.000000	-30.788300		
232.500000	-30.748100		
233.000000	-30.530000		
233.500000	-31.103300		
234.000000	-30.667500		
234.500000	-30.665300		
235.000000	-30.554700		
235.500000	-30.697900		
236.000000	-30.678400		
236.500000	-30.408000		
237.000000	-30.450200		
237.500000	-30.714900		
238.000000	-30.630300		
238.500000	-30.278500		
239.000000	-30.179200		
239.500000	-30.369900		
240.000000	-30.336900		
240.500000	-30.472300		
241.000000	-30.175800		
241.500000	-30.090100		
242.000000	-30.191400		
242.500000	-30.034300		
243.000000	-29.955700		
243.500000	-30.018300		
244.000000	-29.816400		
244.500000	-30.045300		
245.000000	-30.208100		
245.500000	-29.780700		
246.000000	-29.779500		
246.500000	-29.634900		
247.000000	-29.681300		
247.500000	-29.575200		
248.000000	-29.532700		
248.500000	-29.666000		
249.000000	-29.668600		
249.500000	-29.641900		
250.000000	-29.274100		
250.500000	-29.692500		
251.000000	-29.408800		
251.500000	-29.120700		
252.000000	-29.244600		
252.500000	-29.327900		
253.000000	-29.099500		
253.500000	-29.085800		
254.000000	-29.177200		
254.500000	-29.008100		
255.000000	-29.006600		
255.500000	-28.851900		
256.000000	-29.332600		
256.500000	-28.971300		
257.000000	-28.911700		
257.500000	-28.910700		
258.000000	-28.906800		
258.500000	-28.647000		
259.000000	-28.588100		
259.500000	-28.884300		
260.000000	-28.653000		
260.500000	-28.586000		
261.000000	-28.484600		
261.500000	-28.480500		
262.000000	-28.453200		
262.500000	-28.459400		
263.000000	-28.171900		
263.500000	-28.231400		
264.000000	-28.389900		
264.500000	-28.472400		
265.000000	-28.256500		
265.500000	-28.266800		
266.000000	-28.169800		
266.500000	-27.809600		
267.000000	-27.988900		
267.500000	-27.942500		
268.000000	-28.050100		
268.500000	-27.836600		
269.000000	-27.858000		
269.500000	-27.695000		
270.000000	-27.312500		
270.500000	-27.816100		
271.000000	-27.770200		
271.500000	-27.830600		
272.000000	-27.730200		
272.500000	-27.623700		
273.000000	-27.560200		
273.500000	-27.670800		
274.000000	-27.562500		
274.500000	-27.334500		
275.000000	-27.450300		
275.500000	-27.179200		
276.000000	-27.286800		
276.500000	-26.894700		
277.000000	-27.219800		
277.500000	-27.148400		
278.000000	-26.969200		
278.500000	-27.245000		
279.000000	-27.043200		
279.500000	-26.791700		
280.000000	-26.688200		
280.500000	-26.892000		
281.000000	-26.991200		
281.500000	-26.846100		
282.000000	-26.934100		
282.500000	-26.895300		
283.000000	-26.743900		
283.500000	-26.678100		
284.000000	-26.941800		
284.500000	-26.764000		
285.000000	-26.744500		
285.500000	-26.619000		
286.000000	-26.848700		
286.500000	-26.417300		
287.000000	-26.354200		
287.500000	-26.404800		
288.000000	-26.359500		
288.500000	-26.438800		
289.000000	-26.524100		
289.500000	-26.563400		
290.000000	-26.037500		
290.500000	-26.315300		
291.000000	-26.354200		
291.500000	-26.272200		
292.000000	-26.269100		
292.500000	-26.272800		
293.000000	-26.129900		
293.500000	-25.840700		
294.000000	-26.112600		
294.500000	-25.962400		
295.000000	-26.046600		
295.500000	-26.277900		
296.000000	-25.979400		
296.500000	-25.791800		
297.000000	-25.976900		
297.500000	-25.861900		
298.000000	-25.644800		
298.500000	-25.591600		
299.000000	-25.775200		
299.500000	-25.625900		
300.000000	-25.446300		
300.500000	-25.609900		
301.000000	-25.371100		
301.500000	-25.372300		
302.000000	-25.566900		
302.500000	-25.440500		
303.000000	-25.413900		
303.500000	-25.414800		
304.000000	-25.412000		
304.500000	-25.346100		
305.000000	-25.388200		
305.500000	-25.148500		
306.000000	-25.278700		
306.500000	-25.137300		
307.000000	-25.253500		
307.500000	-25.065100		
308.000000	-25.002400		
308.500000	-24.990600		
309.000000	-24.960800		
309.500000	-24.910000		
310.000000	-24.896800		
310.500000	-25.139800		
311.000000	-24.839400		
311.500000	-24.746300		
312.000000	-24.751300		
312.500000	-24.609600		
313.000000	-24.595100		
313.500000	-24.522000		
314.000000	-24.703000		
314.500000	-24.648500		
315.000000	-24.509700		
315.500000	-24.583100		
316.000000	-24.677400		
316.500000	-24.686500		
317.000000	-24.703000		
317.500000	-24.476200		
318.000000	-24.356200		
318.500000	-24.461700		
319.000000	-24.176300		
319.500000	-24.290200		
320.000000	-23.930400		
320.500000	-24.360800		
321.000000	-24.136900		
321.500000	-24.042200		
322.000000	-24.152700		
322.500000	-24.034900		
323.000000	-24.072600		
323.500000	-23.942200		
324.000000	-24.078200		
324.500000	-24.143400		
325.000000	-24.098800		
325.500000	-23.777700		
326.000000	-23.464300		
326.500000	-23.879100		
327.000000	-24.149600		
327.500000	-24.004600		
328.000000	-23.666400		
328.500000	-23.810500		
329.000000	-23.914400		
329.500000	-23.952300		
330.000000	-23.720100		
330.500000	-23.622700		
331.000000	-23.598000		
331.500000	-23.503300		
332.000000	-23.639000		
332.500000	-23.508300		
333.000000	-23.843900		
333.500000	-23.431400		
334.000000	-23.100800		
334.500000	-23.410900		
335.000000	-23.228000		
335.500000	-23.459200		
336.000000	-23.241000		
336.500000	-23.340500		
337.000000	-23.270600		
337.500000	-23.125100		
338.000000	-23.224700		
338.500000	-23.262000		
339.000000	-22.993400		
339.500000	-23.229200		
340.000000	-23.087600		
340.500000	-23.047000		
341.000000	-23.124300		
341.500000	-22.677200		
342.000000	-22.996700		
342.500000	-22.809600		
343.000000	-22.949000		
343.500000	-22.741100		
344.000000	-22.771600		
344.500000	-22.516800		
345.000000	-22.784600		
345.500000	-22.671100		
346.000000	-22.750100		
346.500000	-22.734500		
347.000000	-22.598700		
347.500000	-22.697700		
348.000000	-22.881600		
348.500000	-22.713500		
349.000000	-22.578400		
349.500000	-22.560700		
350.000000	-22.574500		
350.500000	-22.030700		
351.000000	-22.558300		
351.500000	-22.474900		
352.000000	-22.085600		
352.500000	-22.265400		
353.000000	-22.324200		
353.500000	-22.115900		
354.000000	-22.534100		
354.500000	-22.219100		
355.000000	-22.229400		
355.500000	-22.090200		
356.000000	-21.999700		
356.500000	-22.228000		
357.000000	-22.108200		
357.500000	-22.205400		
358.000000	-21.842900		
358.500000	-22.089300		
359.000000	-21.867200		
359.500000	-21.871000		
360.000000	-22.278100		
360.500000	-21.878700		
361.000000	-22.177800		
361.500000	-21.945100		
362.000000	-21.702600		
362.500000	-21.716400		
363.000000	-21.702900		
363.500000	-21.618000		
364.000000	-21.697400		
364.500000	-21.812800		
365.000000	-21.694900		
365.500000	-21.766400		
366.000000	-21.829800		
366.500000	-21.600100		
367.000000	-21.242800		
367.500000	-21.720000		
368.000000	-21.503400		
368.500000	-21.549100		
369.000000	-21.501700		
369.500000	-21.443500		
370.000000	-21.577500		
370.500000	-21.476400		
371.000000	-21.514700		
371.500000	-21.502400		
372.000000	-21.526400		
372.500000	-21.312800		
373.000000	-21.376400		
373.500000	-21.334400		
374.000000	-21.263800		
374.500000	-21.169300		
375.000000	-21.104500		
375.500000	-21.202800		
376.000000	-21.427000		
376.500000	-20.958600		
377.000000	-20.906000		
377.500000	-21.226800		
378.000000	-21.091900		
378.500000	-21.164900		
379.000000	-21.220900		
379.500000	-20.904300		
380.000000	-20.998100		
380.500000	-20.827700		
381.000000	-20.889600		
381.500000	-20.931600		
382.000000	-20.971600		
382.500000	-20.865000		
383.000000	-20.734500		
383.500000	-20.550600		
384.000000	-20.928800		
384.500000	-20.802200		
385.000000	-20.832600		
385.500000	-20.778100		
386.000000	-20.798200		
386.500000	-20.741000		
387.000000	-20.375400		
387.500000	-20.486000		
388.000000	-20.644000		
388.500000	-20.669800		
389.000000	-20.458900		
389.500000	-20.655000		
390.000000	-20.516800		
390.500000	-20.458500		
391.000000	-20.366300		
391.500000	-20.364800		
392.000000	-20.448800		
392.500000	-20.706600		
393.000000	-20.993600		
393.500000	-20.947300		
394.000000	-20.789900		
394.500000	-20.854200		
395.000000	-20.620500		
395.500000	-20.723400		
396.000000	-20.126400		
396.500000	-20.461700		
397.000000	-20.372800		
397.500000	30.621100		
398.000000	122.749700		
398.500000	122.143200		
399.000000	117.056200		
399.500000	117.297500		
400.000000	117.950400		
400.500000	118.723100		
401.000000	119.165800		
401.500000	140.887100		
402.000000	166.747000		
402.500000	171.476900		
403.000000	173.481000		
403.500000	175.275100		
404.000000	176.532700		
404.500000	177.981300		
405.000000	179.178800		
405.500000	179.811700		
406.000000	180.467000		
406.500000	180.861400		
407.000000	181.598100		
407.500000	182.042600		
408.000000	182.689300		
408.500000	182.790100		
409.000000	182.827000		
409.500000	183.419800		
410.000000	183.420200		
410.500000	183.993500		
411.000000	184.109600		
411.500000	184.219300		
412.000000	184.519000		
412.500000	184.688500		
413.000000	184.723600		
413.500000	185.868900		
414.000000	188.872300		
414.500000	190.280400		
415.000000	190.413000		
415.500000	190.346900		
416.000000	190.469000		
416.500000	190.368400		
417.000000	190.243700		
417.500000	190.545800		
418.000000	190.565000		
418.500000	190.307400		
419.000000	190.362800		
419.500000	189.963200		
420.000000	190.814900		
420.500000	190.799000		
421.000000	190.531400		
421.500000	190.567700		
422.000000	190.820000		
422.500000	190.751800		
423.000000	190.884200		
423.500000	190.544900		
424.000000	190.983000		
424.500000	191.019000		
425.000000	191.249500		
425.500000	190.868600		
426.000000	191.032600		
426.500000	191.091300		
427.000000	190.912400		
427.500000	191.198400		
428.000000	191.214400		
428.500000	191.284900		
429.000000	191.015700		
429.500000	191.207800		
430.000000	191.237200		
430.500000	191.259100		
431.000000	191.153200		
431.500000	191.178400		
432.000000	191.470900		
432.500000	191.208300		
433.000000	191.539000		
433.500000	191.417300		
434.000000	191.602500		
434.500000	192.884300		
435.000000	193.992500		
435.500000	194.938400		
436.000000	196.272300		
436.500000	197.065600		
437.000000	197.745100		
437.500000	198.795200		
438.000000	199.082300		
438.500000	200.300800		
439.000000	201.865900		
439.500000	202.875100		
440.000000	204.205500		
440.500000	204.997600		
441.000000	205.624100		
441.500000	206.385300		
442.000000	207.401500		
442.500000	208.278300		
443.000000	209.079000		
443.500000	209.713900		
444.000000	210.321000		
444.500000	211.130000		
445.000000	211.540000		
445.500000	212.505000		
446.000000	213.127000		
446.500000	213.611000		
447.000000	214.094000		
447.500000	214.520000		
448.000000	215.047000		
448.500000	215.474000		
449.000000	215.685000		
449.500000	216.353000		
450.000000	217.074000		
450.500000	217.227000		
451.000000	217.642000		
451.500000	218.384000		
452.000000	218.859000		
452.500000	219.224000		
453.000000	219.857000		
453.500000	215.641000		
454.000000	173.066300		
454.500000	141.974800		
455.000000	122.095700		
455.500000	106.080000		
456.000000	97.815700		
456.500000	90.141900		
457.000000	86.195600		
457.500000	82.205200		
458.000000	79.399600		
458.500000	76.646400		
459.000000	74.188200		
459.500000	72.141900		
460.000000	70.435000		
460.500000	68.130400		
461.000000	66.529700		
461.500000	65.111300		
462.000000	63.298400		
462.500000	61.666000		
463.000000	60.473400		
463.500000	58.882500		
464.000000	57.606800		
464.500000	56.404500		
465.000000	54.970600		
465.500000	53.936100		
466.000000	52.677200		
466.500000	51.554000		
467.000000	50.332100		
467.500000	49.317900		
468.000000	48.138300		
468.500000	47.271400		
469.000000	46.357000		
469.500000	45.372600		
470.000000	44.829400		
470.500000	43.421300		
471.000000	42.779700		
471.500000	41.809100		
472.000000	40.909700		
472.500000	40.435600		
473.000000	39.539100		
473.500000	38.773100		
474.000000	38.245200		
474.500000	37.921400		
475.000000	37.400600		
475.500000	36.236500		
476.000000	35.740100		
476.500000	35.357500		
477.000000	34.682100		
477.500000	33.846400		
478.000000	33.436600		
478.500000	32.965600		
479.000000	32.492500		
479.500000	31.939800		
480.000000	31.237200		
480.500000	30.928000		
481.000000	30.430300		
481.500000	29.954700		
482.000000	29.666500		
482.500000	29.187300		
483.000000	28.806000		
483.500000	28.831800		
484.000000	28.288600		
484.500000	27.593400		
485.000000	27.505500		
485.500000	27.116900		
486.000000	26.740800		
486.500000	26.227600		
487.000000	26.123700		
487.500000	25.727800		
488.000000	25.108600		
488.500000	25.124100		
489.000000	24.607100		
489.500000	24.406900		
490.000000	24.113800		
490.500000	24.052100		
491.000000	23.702000		
491.500000	23.458900		
492.000000	23.147900		
492.500000	23.073500		
493.000000	22.748800		
493.500000	22.511000		
494.000000	22.376500		
494.500000	21.821500		
495.000000	21.915900		
495.500000	21.430300		
496.000000	21.668800		
496.500000	21.266000		
497.000000	20.976700		
497.500000	21.122400		
498.000000	20.628000		
498.500000	20.435100		
499.000000	20.069500		
499.500000	19.983400		
500.000000	20.102900		
500.500000	20.213400		
501.000000	19.631000		
501.500000	19.546800		
502.000000	19.591300		
502.500000	19.366100		
503.000000	19.079000		
503.500000	18.822500		
504.000000	18.989000		
504.500000	18.707400		
505.000000	18.621400		
505.500000	18.393500		
506.000000	18.373000		
506.500000	18.352900		
507.000000	18.016100		
507.500000	17.918900		
508.000000	18.186400		
508.500000	17.662700		
509.000000	17.650200		
509.500000	17.500800		
510.000000	17.650800		
510.500000	17.474900		
511.000000	17.421500		
511.500000	17.364600		
512.000000	16.934200		
512.500000	16.934000		
513.000000	17.223600		
513.500000	16.905600		
514.000000	16.938500		
514.500000	17.189500		
515.000000	16.541200		
515.500000	16.648000		
516.000000	16.520400		
516.500000	16.528100		
517.000000	16.546800		
517.500000	16.557200		
518.000000	16.536600		
518.500000	16.327100		
519.000000	16.374500		
519.500000	16.496700		
520.000000	16.312700		
520.500000	16.342600		
521.000000	16.174100		
521.500000	16.315400		
522.000000	16.085100		
522.500000	15.951800		
523.000000	16.184300		
523.500000	15.957900		
524.000000	15.907300		
524.500000	15.715600		
525.000000	15.738500		
525.500000	16.077100		
526.000000	16.065600		
526.500000	15.917600		
527.000000	15.589800		
527.500000	15.843400		
528.000000	15.860600		
528.500000	15.834600		
529.000000	15.707100		
529.500000	15.909100		
530.000000	15.675700		
530.500000	16.060200		
531.000000	15.888400		
531.500000	15.462100		
532.000000	15.553800		
532.500000	15.345500		
533.000000	15.828300		
533.500000	15.484900		
