Date:	Sun, Nov 03, 2013		
measured by:	Rotem		
First sample, 20 min pirahna, 1min50sec HF, 6 min till start 			
Time [s]	CPD stream	Light	SPV
0.000000	-847.980000		
0.500000	-848.220000		
1.000000	-848.133000		
1.499000	-848.057000		
2.000000	-848.355000		
2.499000	-848.336000		
3.000000	-848.446000		
3.499000	-848.231000		
4.000000	-847.964000		
4.499000	-847.589000		
5.000000	-847.681000		
5.500000	-847.402000		
5.999000	-847.410000		
6.500000	-847.458000		
6.999000	-847.592000		
7.500000	-847.698000		
7.999000	-847.702000		
8.500000	-847.423000		
9.000000	-847.379000		
9.500000	-847.551000		
10.000000	-847.485000		
10.500000	-847.121000		
11.000000	-847.262000		
11.500000	-847.538000		
12.000000	-847.275000		
12.500000	-847.251000		
13.000000	-847.186000		
13.500000	-846.942000		
14.000000	-846.661000		
14.500000	-847.028000		
15.000000	-846.828000		
15.500000	-846.652000		
16.000000	-846.686000		
16.500000	-846.612000		
17.000000	-846.495000		
17.500000	-846.638000		
18.000000	-846.696000		
18.500000	-846.215000		
19.000000	-846.334000		
19.500000	-846.230000		
20.000000	-846.174000		
20.500000	-846.145000		
21.000000	-846.245000		
21.500000	-846.073000		
22.000000	-845.894000		
22.500000	-846.092000		
23.000000	-845.802000		
23.500000	-845.519000		
24.000000	-845.286000		
24.500000	-845.410000		
25.000000	-845.582000		
25.500000	-845.433000		
26.000000	-845.150000		
26.500000	-844.978000		
27.000000	-845.201000		
27.500000	-845.698000		
28.000000	-845.748000		
28.500000	-845.681000		
29.000000	-845.326000		
29.500000	-845.231000		
30.000000	-845.091000		
30.500000	-845.079000		
31.000000	-845.084000		
31.500000	-845.091000		
32.000000	-845.547000		
32.500000	-845.428000		
33.000000	-844.988000		
33.500000	-844.471000		
34.000000	-844.375000		
34.500000	-844.417000		
35.000000	-844.450000		
35.500000	-844.602000		
36.000000	-844.850000		
36.500000	-844.607000		
37.000000	-844.531000		
37.500000	-844.486000		
38.000000	-844.310000		
38.500000	-844.427000		
39.000000	-844.665000		
39.500000	-844.575000		
40.000000	-844.175000		
40.500000	-843.954000		
41.000000	-844.116000		
41.500000	-843.955000		
42.000000	-843.934000		
42.500000	-844.094000		
43.000000	-843.977000		
43.500000	-843.589000		
44.000000	-843.663000		
44.500000	-843.656000		
45.000000	-843.289000		
45.500000	-843.518000		
46.000000	-843.735000		
46.500000	-843.491000		
47.000000	-843.394000		
47.500000	-843.241000		
48.000000	-843.457000		
48.500000	-843.453000		
49.000000	-843.446000		
49.500000	-843.228000		
50.000000	-843.030000		
50.500000	-843.438000		
51.000000	-843.276000		
51.500000	-843.006000		
52.000000	-842.731000		
52.500000	-842.851000		
53.000000	-842.942000		
53.500000	-842.666000		
54.000000	-842.752000		
54.500000	-842.598000		
55.000000	-842.575000		
55.500000	-842.535000		
56.000000	-842.598000		
56.500000	-842.382000		
57.000000	-842.350000		
57.500000	-842.287000		
58.000000	-841.862000		
58.500000	-841.991000		
59.000000	-842.339000		
59.500000	-842.375000		
60.000000	-841.941000		
60.500000	-841.960000		
61.000000	-842.182000		
61.500000	-842.120000		
62.000000	-842.011000		
62.500000	-842.017000		
63.000000	-841.952000		
63.499000	-841.559000		
64.000000	-841.676000		
64.499000	-841.505000		
65.000000	-841.155000		
65.500000	-841.293000		
66.000000	-841.392000		
66.500000	-841.299000		
67.000000	-841.039000		
67.500000	-841.042000		
68.000000	-841.245000		
68.500000	-840.900000		
69.000000	-840.775000		
69.500000	-840.744000		
70.000000	-840.588000		
70.500000	-840.632000		
71.000000	-840.685000		
71.500000	-840.783000		
72.000000	-840.513000		
72.500000	-840.589000		
73.000000	-840.811000		
73.500000	-840.564000		
74.000000	-840.727000		
74.500000	-840.792000		
75.000000	-840.593000		
75.500000	-840.443000		
76.000000	-840.396000		
76.500000	-840.117000		
77.000000	-840.233000		
77.500000	-840.250000		
78.000000	-840.161000		
78.500000	-839.811000		
79.000000	-839.793000		
79.500000	-839.926000		
80.000000	-839.938000		
80.500000	-839.470000		
81.000000	-839.675000		
81.500000	-840.132000		
82.000000	-839.678000		
82.500000	-839.615000		
106.000000	-837.191000		
106.500000	-836.999000		
106.999000	-837.028000		
107.500000	-836.818000		
108.000000	-837.035000		
108.500000	-836.857000		
109.000000	-836.786000		
109.500000	-836.437000		
110.000000	-836.590000		
110.500000	-836.487000		
111.000000	-836.337000		
111.500000	-836.581000		
111.999000	-836.271000		
112.500000	-836.215000		
113.000000	-836.163000		
113.500000	-836.863000		
114.000000	-836.588000		
114.500000	-836.252000		
115.000000	-836.323000		
115.500000	-836.032000		
116.000000	-836.074000		
116.500000	-835.652000		
117.000000	-835.681000		
117.500000	-835.645000		
118.000000	-835.615000		
118.500000	-835.635000		
119.000000	-836.271000		
119.500000	-836.022000		
120.000000	-835.425000		
120.500000	-835.240000		
121.000000	-835.313000		
121.500000	-835.371000		
121.999000	-835.453000		
122.499000	-835.147000		
122.999000	-834.826000		
123.499000	-834.930000		
124.000000	-834.913000		
124.499000	-835.180000		
125.000000	-835.076000		
125.500000	-834.862000		
125.999000	-834.986000		
126.500000	-834.979000		
127.000000	-835.056000		
127.500000	-835.034000		
128.000000	-835.059000		
128.500000	-834.859000		
129.000000	-834.299000		
129.500000	-834.405000		
130.000000	-834.469000		
130.500000	-834.335000		
131.000000	-834.246000		
131.500000	-834.203000		
132.000000	-834.395000		
132.499000	-833.973000		
132.999000	-834.059000		
133.500000	-834.406000		
134.000000	-834.220000		
134.500000	-833.977000		
135.000000	-833.837000		
135.499000	-833.856000		
136.000000	-833.829000		
136.500000	-833.478000		
137.000000	-833.947000		
137.500000	-833.792000		
137.999000	-833.350000		
138.500000	-833.379000		
139.000000	-833.684000		
139.500000	-833.664000		
140.000000	-833.247000		
140.500000	-833.347000		
141.000000	-833.320000		
141.500000	-832.954000		
142.000000	-832.833000		
142.500000	-833.481000		
143.000000	-833.726000		
143.500000	-833.209000		
144.000000	-833.031000		
144.500000	-832.586000		
145.000000	-832.753000		
145.500000	-833.164000		
146.000000	-833.191000		
146.500000	-833.199000		
147.000000	-832.663000		
147.500000	-832.407000		
148.000000	-832.579000		
148.500000	-832.713000		
149.000000	-832.596000		
149.500000	-832.369000		
150.000000	-832.302000		
150.500000	-832.402000		
151.000000	-832.070000		
151.500000	-831.771000		
152.000000	-832.024000		
152.500000	-832.210000		
153.000000	-831.977000		
153.500000	-831.884000		
154.000000	-832.025000		
154.500000	-832.038000		
155.000000	-831.667000		
155.500000	-831.377000		
156.000000	-831.418000		
156.500000	-831.324000		
157.000000	-831.585000		
157.500000	-831.468000		
158.000000	-831.416000		
158.500000	-831.026000		
159.000000	-831.161000		
159.500000	-831.410000		
160.000000	-831.292000		
160.500000	-831.080000		
161.000000	-831.131000		
161.500000	-831.229000		
162.000000	-830.877000		
162.500000	-830.848000		
163.000000	-831.118000		
163.500000	-831.074000		
164.000000	-830.626000		
164.500000	-830.369000		
165.000000	-830.715000		
165.500000	-830.524000		
166.000000	-830.466000		
166.500000	-830.605000		
167.000000	-830.689000		
167.500000	-830.586000		
168.000000	-830.522000		
168.500000	-830.525000		
169.000000	-830.161000		
169.500000	-830.216000		
170.000000	-830.215000		
170.500000	-830.290000		
171.000000	-830.295000		
171.500000	-830.105000		
172.000000	-830.111000		
172.500000	-830.278000		
173.000000	-829.868000		
173.500000	-829.800000		
174.000000	-829.908000		
174.500000	-829.722000		
175.000000	-829.922000		
175.500000	-829.615000		
176.000000	-829.559000		
176.500000	-829.580000		
177.000000	-829.819000		
177.500000	-829.654000		
178.000000	-829.592000		
178.500000	-829.725000		
179.000000	-829.479000		
179.500000	-828.856000		
180.000000	-828.775000		
180.500000	-828.816000		
181.000000	-828.870000		
181.500000	-828.717000		
182.000000	-828.819000		
182.500000	-828.441000		
183.000000	-828.320000		
183.500000	-828.098000		
184.000000	-828.414000		
184.500000	-828.454000		
185.000000	-828.364000		
185.500000	-828.312000		
186.000000	-828.299000		
186.500000	-828.207000		
187.000000	-828.307000		
187.500000	-828.117000		
188.000000	-828.329000		
188.500000	-828.319000		
189.000000	-827.923000		
189.500000	-827.873000		
190.000000	-828.033000		
190.500000	-828.154000		
191.000000	-828.162000		
191.500000	-828.083000		
192.000000	-828.345000		
192.500000	-827.799000		
193.000000	-827.433000		
193.500000	-827.631000		
194.000000	-827.807000		
194.500000	-827.561000		
195.000000	-827.791000		
195.500000	-827.931000		
196.000000	-827.675000		
196.500000	-827.546000		
197.000000	-827.546000		
197.500000	-827.307000		
198.000000	-827.229000		
198.500000	-826.808000		
199.000000	-826.998000		
199.500000	-827.200000		
200.000000	-826.779000		
200.500000	-826.520000		
201.000000	-826.419000		
201.500000	-826.403000		
202.000000	-826.405000		
202.500000	-826.228000		
203.000000	-826.410000		
203.500000	-826.451000		
204.000000	-826.327000		
204.500000	-826.337000		
205.000000	-826.627000		
205.500000	-826.526000		
206.000000	-826.064000		
206.500000	-826.089000		
207.000000	-826.122000		
207.500000	-825.908000		
208.000000	-825.919000		
208.500000	-826.016000		
209.000000	-825.901000		
209.500000	-825.810000		
210.000000	-825.981000		
210.500000	-825.947000		
211.000000	-825.881000		
211.500000	-825.630000		
212.000000	-825.404000		
212.500000	-825.699000		
213.000000	-825.891000		
213.500000	-825.939000		
214.000000	-825.612000		
214.500000	-825.369000		
215.000000	-825.396000		
215.500000	-825.358000		
216.000000	-825.042000		
216.500000	-824.945000		
217.000000	-824.932000		
217.500000	-825.375000		
218.000000	-825.346000		
