===================DO=NOT=MODIFY=THIS=LINE==================, , 
1, 28109.190, 0.3461
2, 28110.760, 0.3485
3, 28112.380, 0.3466
4, 28114.000, 0.3466
5, 28115.630, 0.3478
6, 28117.210, 0.3476
7, 28118.780, 0.3477
8, 28120.360, 0.3482
9, 28121.960, 0.3481
10, 28123.510, 0.3479
11, 28125.100, 0.3490
12, 28126.730, 0.3464
13, 28128.320, 0.3462
14, 28129.930, 0.3474
15, 28131.570, 0.3465
16, 28133.120, 0.3470
17, 28134.770, 0.3480
18, 28136.400, 0.3464
19, 28138.030, 0.3462
20, 28139.620, 0.3443
21, 28141.230, 0.3462
22, 28142.840, 0.3474
23, 28144.470, 0.3459
24, 28146.080, 0.3470
25, 28147.710, 0.3471
26, 28149.340, 0.3472
27, 28150.960, 0.3467
28, 28152.550, 0.3462
29, 28154.190, 0.3472
30, 28155.800, 0.3460
31, 28157.490, 0.3473
