===================DO=NOT=MODIFY=THIS=LINE==================, , 
1, 26997.090, 0.2857
2, 26998.670, 0.2853
3, 27000.270, 0.2853
4, 27001.870, 0.2854
5, 27003.460, 0.2845
6, 27005.020, 0.2842
7, 27006.600, 0.2853
8, 27008.220, 0.2842
9, 27009.830, 0.2853
10, 27011.430, 0.2856
11, 27013.000, 0.2848
12, 27014.630, 0.2842
13, 27016.200, 0.2855
14, 27017.780, 0.2840
15, 27019.400, 0.2854
16, 27020.990, 0.2860
17, 27022.620, 0.2861
18, 27024.260, 0.2859
19, 27025.900, 0.2846
20, 27028.600, 0.2850
21, 27030.210, 0.2844
22, 27031.840, 0.2848
23, 27033.480, 0.2854
24, 27035.130, 0.2853
25, 27036.760, 0.2848
26, 27038.370, 0.2854
27, 27040.000, 0.2859
28, 27041.620, 0.2851
29, 27043.260, 0.2853
30, 27044.870, 0.2848
31, 27046.480, 0.2858
32, 27048.120, 0.2859
33, 27049.750, 0.2847
34, 27051.360, 0.2855
35, 27053.020, 0.2849
36, 27054.660, 0.2842
37, 27056.300, 0.2844
38, 27057.930, 0.2844
39, 27059.540, 0.2845
