Date:	Fri, Apr 04, 2014		
measured by:	Rotem		
Write here experiment description to be saved in the file header.			
Time [s]	CPD stream	Light	SPV
0.000000	-652.809000		
0.501000	-652.809000		
1.001000	-652.604000		
1.501000	-652.454000		
2.000000	-652.518000		
2.501000	-652.703000		
3.001000	-652.648000		
3.501000	-652.911000		
4.001000	-653.032000		
4.501000	-652.994000		
5.001000	-652.988000		
5.501000	-653.091000		
6.001000	-652.824000		
6.501000	-652.516000		
7.001000	-652.778000		
7.501000	-652.894000		
8.001000	-652.750000		
8.501000	-653.031000		
9.001000	-652.892000		
9.501000	-652.931000		
10.001000	-652.722000		
10.501000	-652.809000		
11.001000	-652.782000		
11.501000	-653.013000		
12.001000	-653.230000		
12.501000	-653.226000		
13.001000	-653.022000		
13.501000	-652.825000		
14.001000	-652.747000		
14.501000	-652.969000		
15.001000	-652.960000		
15.501000	-653.071000		
16.001000	-652.968000		
16.501000	-653.014000		
17.001000	-652.848000		
17.501000	-653.139000		
18.001000	-652.908000		
18.501000	-652.862000		
19.001000	-653.067000		
19.501000	-653.139000		
20.001000	-653.095000		
20.501000	-653.015000		
21.001000	-653.012000		
21.501000	-652.948000		
22.001000	-652.719000		
22.501000	-652.867000		
23.001000	-652.943000		
23.501000	-653.155000		
24.001000	-653.329000		
24.501000	-652.881000		
25.001000	-652.785000		
25.501000	-652.908000		
26.001000	-653.030000		
26.501000	-653.126000		
27.001000	-653.182000		
27.501000	-653.282000		
28.001000	-653.316000		
28.501000	-653.194000		
29.001000	-653.087000		
29.501000	-653.290000		
30.001000	-653.229000		
30.501000	-653.170000		
31.001000	-653.476000		
31.501000	-653.036000		
32.001000	-653.199000		
32.501000	-653.331000		
33.001000	-758.804000		
33.501000	-1119.237000		
34.001000	-1195.905000		
34.501000	-1194.379000		
35.001000	-1189.676000		
35.501000	-1189.151000		
36.001000	-1189.296000		
36.501000	-1188.742000		
37.001000	-1188.854000		
37.501000	-1188.856000		
38.001000	-1188.497000		
38.501000	-1188.694000		
39.001000	-1188.855000		
39.501000	-1188.832000		
40.001000	-1188.369000		
40.501000	-1188.319000		
41.001000	-1188.265000		
41.501000	-1188.112000		
42.001000	-1187.792000		
42.501000	-1187.892000		
43.001000	-1187.824000		
43.501000	-1187.475000		
44.001000	-1187.624000		
44.501000	-1188.042000		
45.001000	-1187.834000		
45.501000	-1187.717000		
46.001000	-1187.879000		
46.501000	-1187.537000		
47.001000	-1187.440000		
47.501000	-1187.101000		
48.001000	-1186.797000		
48.501000	-1186.747000		
49.001000	-1186.734000		
49.501000	-1186.866000		
50.001000	-1186.908000		
50.501000	-1186.709000		
51.001000	-1186.465000		
51.501000	-1186.069000		
52.001000	-1186.316000		
52.501000	-808.980000		
53.001000	-655.658000		
53.501000	-640.298000		
54.001000	-648.053000		
54.501000	-650.588000		
55.001000	-650.658000		
55.501000	-650.452000		
56.001000	-650.374000		
56.501000	-650.559000		
57.001000	-650.522000		
57.501000	-650.081000		
58.001000	-650.335000		
58.501000	-650.390000		
59.001000	-650.436000		
59.501000	-650.311000		
60.001000	-650.381000		
60.501000	-650.274000		
61.001000	-650.426000		
61.501000	-650.349000		
62.001000	-650.064000		
62.501000	-650.068000		
63.001000	-712.870000		
63.501000	-1108.786000		
64.001000	-1189.188000		
64.501000	-1192.789000		
65.001000	-1186.851000		
65.501000	-1185.892000		
66.001000	-1186.364000		
66.501000	-1186.500000		
67.001000	-1186.256000		
67.501000	-1186.184000		
68.001000	-1186.233000		
68.501000	-1186.058000		
69.001000	-1185.743000		
69.501000	-1185.573000		
70.001000	-1185.565000		
70.501000	-1185.423000		
71.001000	-1185.496000		
71.501000	-1185.489000		
72.001000	-1185.334000		
72.501000	-1185.142000		
73.001000	-1184.988000		
73.501000	-1185.022000		
74.001000	-1184.798000		
74.501000	-1184.796000		
75.001000	-1184.750000		
75.501000	-1184.598000		
76.001000	-1184.457000		
76.501000	-1184.310000		
77.001000	-1184.360000		
77.501000	-1184.431000		
78.001000	-1184.440000		
78.501000	-1184.103000		
79.001000	-1184.166000		
79.501000	-1183.672000		
80.001000	-930.853000		
80.501000	-678.995000		
81.001000	-638.074000		
81.501000	-643.736000		
82.001000	-647.624000		
82.501000	-648.109000		
83.001000	-647.988000		
83.501000	-648.100000		
84.001000	-647.984000		
84.501000	-648.163000		
85.001000	-648.112000		
85.501000	-648.212000		
86.001000	-648.413000		
86.501000	-648.602000		
87.001000	-648.284000		
87.501000	-648.251000		
88.001000	-648.021000		
88.501000	-647.999000		
89.001000	-648.035000		
89.501000	-647.888000		
90.001000	-648.081000		
90.501000	-648.148000		
91.001000	-647.946000		
91.501000	-647.961000		
92.001000	-847.290000		
92.501000	-1166.022000		
93.001000	-1194.847000		
93.501000	-1188.564000		
94.001000	-1183.975000		
94.501000	-1183.825000		
95.001000	-1184.209000		
95.501000	-1184.394000		
96.001000	-1184.064000		
96.501000	-1183.735000		
97.001000	-1183.671000		
97.501000	-1183.792000		
98.001000	-1183.933000		
98.501000	-1184.112000		
99.001000	-1184.460000		
99.501000	-1183.893000		
100.001000	-1184.229000		
100.501000	-1184.279000		
101.001000	-1184.367000		
101.501000	-1184.603000		
102.001000	-1184.491000		
102.501000	-1184.613000		
103.001000	-1184.535000		
103.501000	-1184.219000		
104.001000	-1184.166000		
104.501000	-1184.162000		
105.001000	-1183.807000		
105.501000	-1183.529000		
106.001000	-1183.538000		
106.501000	-1183.482000		
107.001000	-1183.392000		
107.501000	-1183.254000		
108.001000	-1183.306000		
108.501000	-1183.360000		
109.001000	-1132.219000		
109.501000	-725.073000		
110.001000	-640.871000		
110.501000	-638.361000		
111.001000	-644.835000		
111.501000	-645.890000		
112.001000	-645.877000		
112.501000	-645.537000		
113.001000	-645.498000		
113.501000	-645.739000		
114.001000	-645.528000		
114.501000	-645.825000		
115.001000	-645.826000		
