Date:	Fri, Apr 04, 2014		
measured by:	Rotem		
Write here experiment description to be saved in the file header.			
Time [s]	CPD stream	Light	SPV
0.000000	-637.288000		
0.500000	-637.405000		
1.001000	-637.294000		
1.500000	-637.220000		
2.001000	-637.107000		
2.500000	-637.097000		
3.001000	-636.977000		
3.500000	-637.194000		
4.001000	-637.298000		
4.501000	-637.330000		
5.000000	-637.499000		
5.501000	-637.200000		
6.000000	-637.357000		
6.501000	-637.356000		
7.000000	-637.305000		
7.501000	-637.289000		
8.000000	-637.018000		
8.500000	-636.997000		
9.000000	-637.343000		
9.500000	-637.484000		
10.001000	-637.296000		
10.500000	-636.933000		
11.001000	-637.325000		
11.501000	-637.599000		
12.001000	-637.345000		
12.501000	-637.480000		
13.001000	-637.516000		
13.501000	-637.315000		
14.001000	-637.465000		
14.501000	-637.393000		
15.001000	-637.414000		
15.501000	-637.094000		
16.001000	-637.178000		
16.501000	-637.393000		
17.001000	-637.099000		
17.501000	-637.266000		
18.001000	-637.442000		
18.501000	-637.518000		
19.001000	-637.480000		
19.501000	-637.509000		
20.001000	-637.584000		
20.501000	-637.464000		
21.001000	-637.527000		
21.501000	-637.553000		
22.001000	-637.539000		
22.501000	-637.483000		
23.001000	-637.308000		
23.501000	-637.458000		
24.001000	-637.365000		
24.501000	-637.446000		
25.001000	-637.696000		
25.501000	-637.697000		
26.001000	-637.549000		
26.501000	-637.600000		
27.001000	-637.921000		
27.501000	-637.792000		
28.001000	-637.427000		
28.501000	-637.576000		
29.001000	-637.720000		
29.501000	-637.439000		
30.001000	-637.558000		
30.501000	-637.513000		
31.001000	-637.636000		
31.501000	-637.730000		
32.001000	-880.984000		
32.501000	-1138.376000		
33.001000	-1190.553000		
33.501000	-1185.300000		
34.001000	-1180.438000		
34.501000	-1180.217000		
35.001000	-1180.544000		
35.501000	-1180.677000		
36.001000	-1180.100000		
36.501000	-1179.925000		
37.001000	-1180.058000		
37.501000	-1179.871000		
38.001000	-1179.886000		
38.501000	-1180.132000		
39.001000	-1179.898000		
39.501000	-1179.871000		
40.001000	-1180.115000		
40.501000	-1179.489000		
41.001000	-1179.427000		
41.501000	-1179.414000		
42.001000	-1179.535000		
42.501000	-1179.508000		
43.001000	-1179.552000		
43.501000	-1179.353000		
44.001000	-1179.412000		
44.501000	-1179.182000		
45.001000	-1179.371000		
45.501000	-1179.180000		
46.001000	-1179.023000		
46.501000	-1179.001000		
47.001000	-1178.770000		
47.501000	-1178.607000		
48.001000	-1178.898000		
48.501000	-1178.819000		
49.001000	-1178.933000		
49.501000	-1178.924000		
50.001000	-1178.427000		
50.501000	-1178.133000		
51.001000	-1178.353000		
51.501000	-1178.573000		
52.001000	-1178.450000		
52.501000	-1178.215000		
53.001000	-1177.857000		
53.501000	-1177.564000		
54.001000	-1177.312000		
54.501000	-1177.531000		
55.001000	-1177.335000		
55.501000	-1177.739000		
56.001000	-1177.775000		
56.501000	-1177.501000		
57.001000	-1177.117000		
57.501000	-808.980000		
58.001000	-635.725000		
58.501000	-624.994000		
59.001000	-633.066000		
59.501000	-635.138000		
60.001000	-634.768000		
60.501000	-634.885000		
61.001000	-634.789000		
61.501000	-634.579000		
62.001000	-634.796000		
62.501000	-634.662000		
63.001000	-634.442000		
63.501000	-634.477000		
64.001000	-634.429000		
64.501000	-634.441000		
65.001000	-634.438000		
65.501000	-634.509000		
66.001000	-634.486000		
66.501000	-634.406000		
67.001000	-634.338000		
67.501000	-634.446000		
68.001000	-634.448000		
68.501000	-634.413000		
69.001000	-634.680000		
69.501000	-634.842000		
70.001000	-634.626000		
70.501000	-634.613000		
71.001000	-634.632000		
71.501000	-634.602000		
72.001000	-634.708000		
72.501000	-634.795000		
73.001000	-634.644000		
73.501000	-634.831000		
74.001000	-634.892000		
74.501000	-634.935000		
75.001000	-634.909000		
75.501000	-634.218000		
76.001000	-634.383000		
76.501000	-634.444000		
77.001000	-634.893000		
77.501000	-634.628000		
78.001000	-634.612000		
78.501000	-634.389000		
79.001000	-634.858000		
79.501000	-634.833000		
80.001000	-634.702000		
80.501000	-634.951000		
81.001000	-634.970000		
81.501000	-635.002000		
82.001000	-634.841000		
82.501000	-1008.974000		
83.001000	-1177.133000		
83.501000	-1185.491000		
84.001000	-1178.486000		
84.501000	-1177.336000		
85.001000	-1177.416000		
85.501000	-1177.404000		
86.001000	-1177.270000		
86.501000	-1177.083000		
87.001000	-1176.973000		
87.501000	-1177.035000		
88.001000	-1177.240000		
88.501000	-1177.140000		
89.001000	-1176.875000		
89.501000	-1176.739000		
90.001000	-1176.870000		
90.501000	-1176.609000		
91.001000	-1176.697000		
91.501000	-1176.863000		
92.001000	-1176.886000		
92.501000	-1176.703000		
93.001000	-1176.593000		
93.501000	-1176.495000		
94.001000	-1176.476000		
94.501000	-1176.353000		
95.001000	-1176.286000		
95.501000	-1175.791000		
96.001000	-1176.151000		
96.501000	-1176.051000		
97.001000	-1175.889000		
97.501000	-1175.980000		
98.001000	-1176.025000		
98.501000	-1176.161000		
99.001000	-1175.890000		
99.501000	-1175.844000		
100.001000	-1175.304000		
100.501000	-1175.335000		
101.001000	-1175.419000		
101.501000	-1175.515000		
102.001000	-1175.368000		
102.501000	-1175.082000		
103.001000	-891.979000		
103.501000	-643.382000		
104.001000	-622.663000		
104.501000	-628.645000		
105.001000	-632.773000		
105.501000	-632.894000		
106.001000	-632.530000		
106.501000	-632.490000		
107.001000	-632.748000		
107.501000	-632.727000		
108.001000	-632.658000		
108.501000	-632.814000		
109.001000	-632.626000		
109.501000	-632.602000		
110.001000	-632.650000		
110.501000	-632.888000		
111.001000	-632.978000		
111.501000	-632.853000		
112.001000	-632.406000		
112.501000	-632.475000		
113.001000	-632.626000		
113.501000	-632.629000		
114.001000	-632.577000		
114.501000	-632.741000		
115.001000	-632.461000		
115.501000	-632.461000		
116.001000	-632.635000		
116.501000	-632.635000		
117.001000	-632.628000		
117.501000	-632.690000		
118.001000	-632.450000		
118.501000	-632.348000		
119.001000	-632.729000		
119.501000	-632.927000		
120.001000	-632.381000		
120.501000	-632.415000		
121.001000	-632.560000		
121.501000	-632.675000		
122.001000	-632.176000		
122.501000	-632.417000		
123.001000	-632.424000		
123.501000	-632.803000		
124.001000	-632.877000		
124.501000	-787.658000		
125.001000	-1120.345000		
125.501000	-1181.570000		
126.001000	-1182.262000		
126.501000	-1176.371000		
127.001000	-1175.340000		
127.501000	-1175.561000		
128.001000	-1175.462000		
128.501000	-1175.439000		
129.001000	-1175.506000		
129.501000	-1175.636000		
130.001000	-1175.225000		
130.501000	-1175.105000		
131.001000	-1175.067000		
131.501000	-1175.348000		
132.001000	-1175.031000		
132.501000	-1174.726000		
133.001000	-1174.805000		
133.501000	-1174.561000		
134.001000	-1174.475000		
134.501000	-1174.602000		
135.001000	-1174.836000		
135.501000	-1174.557000		
136.001000	-1174.170000		
136.501000	-1174.257000		
137.001000	-1174.119000		
137.501000	-1174.294000		
138.001000	-1174.183000		
138.501000	-1174.073000		
139.001000	-1174.244000		
139.501000	-1174.001000		
140.001000	-1174.017000		
140.501000	-1174.052000		
141.001000	-1173.919000		
141.501000	-1173.841000		
142.001000	-1173.580000		
142.501000	-1173.760000		
143.001000	-1173.421000		
143.501000	-1173.372000		
144.001000	-1173.462000		
144.501000	-1173.490000		
145.001000	-1173.500000		
145.501000	-1173.394000		
146.001000	-1173.323000		
146.501000	-1173.316000		
147.001000	-1172.989000		
147.501000	-1173.049000		
148.001000	-915.555000		
148.501000	-661.533000		
149.001000	-620.751000		
149.501000	-626.198000		
150.001000	-630.533000		
150.501000	-630.639000		
151.001000	-630.716000		
151.501000	-630.746000		
152.001000	-630.609000		
152.501000	-630.330000		
153.001000	-630.189000		
