Date:	Tue, Feb 11, 2014		
measured by:	Rotem		
Methyl-Styrene Sample II pre-pole, prepared 10-11.02 over night			
Time [s]	CPD stream	Light	SPV
0.000000	-1086.025000		
0.500000	-1085.999000		
1.000000	-1086.051000		
1.500000	-1085.816000		
2.000000	-1085.814000		
2.500000	-1085.695000		
3.000000	-1085.434000		
3.500000	-1085.213000		
4.000000	-1085.368000		
4.500000	-1084.968000		
5.000000	-1084.659000		
5.500000	-1084.234000		
6.000000	-1084.036000		
6.500000	-1083.922000		
7.000000	-1083.888000		
7.500000	-1083.374000		
8.000000	-1083.103000		
8.500000	-1082.862000		
9.000000	-1082.569000		
9.500000	-1082.759000		
10.000000	-1082.588000		
10.500000	-1082.561000		
11.000000	-1082.473000		
11.500000	-1082.057000		
12.000000	-1081.674000		
12.500000	-1081.541000		
13.000000	-1081.478000		
13.500000	-1081.434000		
14.000000	-1081.324000		
14.500000	-1081.546000		
15.000000	-1081.130000		
15.500000	-1081.046000		
16.000000	-1081.020000		
16.500000	-1080.879000		
17.000000	-1080.543000		
17.500000	-1080.202000		
18.000000	-1080.294000		
18.500000	-1080.354000		
19.000000	-1080.236000		
19.500000	-1080.310000		
20.000000	-1080.312000		
20.500000	-1079.911000		
21.000000	-1079.850000		
21.500000	-1079.812000		
22.000000	-1079.709000		
22.500000	-1079.707000		
23.000000	-1079.699000		
23.500000	-1079.489000		
24.000000	-1079.394000		
24.500000	-1079.326000		
25.000000	-1079.252000		
25.500000	-1078.983000		
26.000000	-1079.103000		
26.500000	-1079.071000		
27.000000	-1078.947000		
27.500000	-1079.176000		
28.000000	-1078.782000		
28.500000	-1078.478000		
29.000000	-1078.270000		
29.500000	-1078.370000		
30.000000	-1078.429000		
30.500000	-1078.202000		
31.000000	-1078.051000		
31.500000	-1077.935000		
32.000000	-1077.691000		
32.500000	-1077.607000		
33.000000	-1077.696000		
33.500000	-1077.714000		
34.000000	-1077.773000		
34.500000	-1077.626000		
35.000000	-1077.300000		
35.500000	-1077.441000		
36.000000	-1077.376000		
36.500000	-1077.490000		
37.000000	-1077.245000		
37.500000	-1077.139000		
38.000000	-1077.012000		
38.500000	-1077.231000		
39.000000	-1077.121000		
39.500000	-1076.808000		
40.000000	-1076.823000		
40.500000	-1076.622000		
41.000000	-1076.755000		
41.500000	-1076.976000		
42.000000	-1076.603000		
42.500000	-1076.592000		
43.000000	-1076.231000		
43.500000	-1076.086000		
44.000000	-1076.038000		
44.500000	-1075.888000		
45.000000	-1075.770000		
45.500000	-1075.861000		
46.000000	-1076.062000		
46.500000	-1075.981000		
47.000000	-1075.840000		
47.500000	-1075.617000		
48.000000	-1075.554000		
48.500000	-1075.300000		
49.000000	-1075.333000		
49.500000	-1075.339000		
50.000000	-1075.456000		
50.500000	-1075.128000		
51.000000	-1075.004000		
51.500000	-1074.811000		
52.000000	-1074.837000		
52.500000	-1075.021000		
53.000000	-1074.946000		
53.500000	-1074.786000		
54.000000	-1074.855000		
54.500000	-1074.692000		
55.000000	-1074.735000		
55.500000	-1074.568000		
56.000000	-1074.138000		
56.500000	-1074.305000		
57.000000	-1074.040000		
57.500000	-1074.000000		
58.000000	-1074.193000		
58.500000	-1074.234000		
59.000000	-1073.903000		
59.500000	-1073.878000		
60.000000	-1073.755000		
60.500000	-1073.789000		
61.000000	-1074.057000		
61.500000	-1073.805000		
62.000000	-1073.646000		
62.500000	-1073.677000		
63.000000	-1073.601000		
63.500000	-1073.475000		
64.000000	-1073.396000		
64.500000	-1073.205000		
65.000000	-1073.132000		
65.500000	-1073.061000		
66.000000	-1073.018000		
66.500000	-1072.629000		
67.000000	-1072.503000		
67.500000	-1072.297000		
68.000000	-1072.575000		
68.500000	-1073.002000		
69.000000	-1072.756000		
69.500000	-1072.486000		
70.000000	-1072.212000		
70.500000	-1072.258000		
71.000000	-1072.076000		
71.500000	-1072.006000		
72.000000	-1071.774000		
72.500000	-1071.750000		
73.000000	-1071.873000		
73.500000	-1072.134000		
74.000000	-1072.168000		
74.500000	-1071.913000		
75.000000	-1071.796000		
75.500000	-1071.757000		
76.000000	-1071.800000		
76.500000	-1071.669000		
77.000000	-1071.472000		
77.500000	-1071.285000		
78.000000	-1071.124000		
78.500000	-1071.090000		
79.000000	-1071.223000		
79.500000	-1071.307000		
80.000000	-1071.173000		
80.500000	-1070.930000		
81.000000	-1071.055000		
81.500000	-1070.906000		
82.000000	-1070.601000		
82.500000	-1070.582000		
83.000000	-1070.644000		
83.500000	-1070.718000		
84.000000	-1070.426000		
84.500000	-1070.675000		
85.000000	-1070.610000		
85.500000	-1070.543000		
86.000000	-1070.409000		
86.500000	-1070.231000		
87.000000	-1070.379000		
87.500000	-1070.107000		
88.000000	-1070.082000		
88.500000	-1070.032000		
89.000000	-1070.439000		
89.500000	-1070.138000		
90.000000	-1069.721000		
90.500000	-1069.735000		
91.000000	-1069.928000		
91.500000	-1069.904000		
92.000000	-1069.869000		
92.500000	-1069.713000		
93.000000	-1069.529000		
93.500000	-1069.238000		
94.000000	-1069.252000		
94.500000	-1069.528000		
95.000000	-1069.493000		
95.500000	-1069.513000		
96.000000	-1069.453000		
96.500000	-1069.023000		
97.000000	-1069.112000		
97.500000	-1068.936000		
98.000000	-1068.561000		
98.500000	-1068.322000		
99.000000	-1068.351000		
99.500000	-1068.592000		
100.000000	-1068.567000		
100.500000	-1068.396000		
101.000000	-1068.364000		
101.500000	-1068.685000		
102.000000	-1068.514000		
102.500000	-1068.359000		
103.000000	-1068.235000		
103.500000	-1067.850000		
104.000000	-1068.138000		
104.500000	-1068.215000		
105.000000	-1068.122000		
105.500000	-1068.191000		
106.000000	-1068.076000		
106.500000	-1067.951000		
107.000000	-1067.865000		
107.500000	-1067.633000		
108.000000	-1067.789000		
108.500000	-1067.677000		
109.000000	-1067.367000		
109.500000	-1067.616000		
110.000000	-1067.517000		
110.500000	-1067.637000		
111.000000	-1067.513000		
111.500000	-1067.376000		
112.000000	-1067.368000		
112.500000	-1067.228000		
113.000000	-1067.258000		
113.500000	-1067.179000		
114.000000	-1067.021000		
114.500000	-1067.395000		
115.000000	-1067.363000		
115.500000	-1066.989000		
116.000000	-1067.096000		
116.500000	-1066.889000		
117.000000	-1066.747000		
117.500000	-1067.002000		
118.000000	-1066.964000		
118.500000	-1066.725000		
119.000000	-1066.591000		
119.500000	-1066.708000		
120.000000	-1066.669000		
120.500000	-1066.453000		
121.000000	-1066.411000		
121.500000	-1066.391000		
122.000000	-1066.272000		
122.500000	-1066.107000		
123.000000	-1066.147000		
123.500000	-1066.204000		
124.000000	-1066.519000		
124.500000	-1066.317000		
125.000000	-1066.020000		
125.500000	-1066.318000		
126.000000	-1066.108000		
126.500000	-1065.959000		
127.000000	-1066.060000		
127.500000	-1065.791000		
128.000000	-1065.944000		
128.500000	-1065.856000		
129.000000	-1065.603000		
129.500000	-1065.459000		
130.000000	-1065.549000		
130.500000	-1065.378000		
131.000000	-1065.410000		
131.500000	-1065.653000		
132.000000	-1065.507000		
132.500000	-1065.402000		
133.000000	-1065.557000		
133.500000	-1065.511000		
134.000000	-1065.208000		
134.500000	-1065.457000		
135.000000	-1065.338000		
135.500000	-1064.971000		
136.000000	-1064.676000		
136.500000	-1064.828000		
137.000000	-1064.939000		
137.500000	-1064.697000		
138.000000	-1064.844000		
138.500000	-1064.823000		
139.000000	-1064.689000		
139.500000	-1064.602000		
140.000000	-1064.782000		
140.500000	-1064.629000		
141.000000	-1064.516000		
141.500000	-1064.543000		
142.000000	-1064.445000		
142.500000	-1064.350000		
143.000000	-1064.204000		
143.500000	-1064.335000		
144.000000	-1064.231000		
144.500000	-1063.863000		
145.000000	-1063.855000		
145.500000	-1063.943000		
146.000000	-1064.276000		
146.500000	-1064.417000		
147.000000	-1064.464000		
147.500000	-1064.062000		
148.000000	-1064.057000		
148.500000	-1063.717000		
149.000000	-1063.984000		
149.500000	-1063.966000		
150.000000	-1063.846000		
150.500000	-1063.894000		
151.000000	-1063.595000		
151.500000	-1063.624000		
152.000000	-1063.544000		
152.500000	-1063.471000		
153.000000	-1063.489000		
153.500000	-1063.769000		
154.000000	-1063.351000		
154.500000	-1063.048000		
155.000000	-1063.199000		
155.500000	-1063.302000		
156.000000	-1063.316000		
156.500000	-1063.086000		
157.000000	-1063.054000		
157.500000	-1063.125000		
158.000000	-1062.991000		
158.500000	-1063.055000		
159.000000	-1062.755000		
159.500000	-1062.665000		
160.000000	-1063.103000		
160.500000	-1062.678000		
161.000000	-1062.516000		
161.500000	-1062.621000		
162.000000	-1062.706000		
162.500000	-1062.568000		
163.000000	-1062.559000		
163.500000	-1062.489000		
164.000000	-1062.549000		
164.500000	-1062.421000		
165.000000	-1062.107000		
165.500000	-1062.368000		
166.000000	-1062.512000		
166.500000	-1062.305000		
167.000000	-1062.225000		
167.500000	-1062.198000		
168.000000	-1062.022000		
168.500000	-1062.119000		
169.000000	-1062.091000		
169.500000	-1061.884000		
170.000000	-1062.247000		
170.500000	-1062.228000		
171.000000	-1062.372000		
171.500000	-1062.013000		
172.000000	-1061.766000		
172.500000	-1061.818000		
173.000000	-1061.417000		
173.500000	-1061.592000		
174.000000	-1061.638000		
174.500000	-1061.930000		
175.000000	-1061.869000		
175.500000	-1061.442000		
176.000000	-1061.715000		
176.500000	-1061.418000		
177.000000	-1061.182000		
177.500000	-1061.431000		
178.000000	-1061.300000		
178.500000	-1061.574000		
179.001000	-1061.350000		
179.500000	-1061.062000		
180.000000	-1061.106000		
180.500000	-1060.946000		
181.000000	-1060.885000		
181.500000	-1061.131000		
182.000000	-1061.269000		
182.500000	-1061.489000		
183.000000	-1061.132000		
183.500000	-1060.604000		
184.000000	-1060.384000		
184.500000	-1060.917000		
185.000000	-1061.013000		
185.500000	-1060.445000		
186.000000	-1060.289000		
186.500000	-1060.364000		
187.000000	-1060.489000		
187.500000	-1060.601000		
188.000000	-1060.862000		
188.500000	-1060.542000		
189.000000	-1060.540000		
189.500000	-1060.719000		
190.000000	-1060.704000		
190.500000	-1060.622000		
191.000000	-1060.469000		
191.500000	-1060.236000		
192.000000	-1060.014000		
192.500000	-1059.861000		
193.000000	-1059.862000		
193.500000	-1059.519000		
194.000000	-1059.706000		
194.500000	-1059.767000		
195.000000	-1059.731000		
195.500000	-1059.834000		
196.000000	-1060.013000		
196.500000	-1059.818000		
197.000000	-1059.633000		
197.500000	-1059.287000		
198.000000	-1059.390000		
198.500000	-1059.283000		
199.000000	-1059.137000		
199.500000	-1059.150000		
200.000000	-1059.181000		
200.500000	-1059.372000		
201.000000	-1059.523000		
201.500000	-1059.384000		
202.000000	-1059.115000		
202.500000	-1059.093000		
203.000000	-1059.240000		
203.500000	-1059.004000		
204.000000	-1059.016000		
204.500000	-1058.838000		
205.000000	-1058.739000		
205.500000	-1058.924000		
206.000000	-1059.300000		
206.500000	-1059.135000		
207.000000	-1059.041000		
207.500000	-1059.084000		
208.000000	-1059.262000		
208.500000	-1058.988000		
209.000000	-1058.855000		
209.500000	-1058.706000		
210.000000	-1058.413000		
210.500000	-1058.427000		
211.000000	-1058.619000		
211.500000	-1058.679000		
212.000000	-1058.617000		
212.500000	-1058.463000		
213.000000	-1058.528000		
213.500000	-1058.333000		
214.000000	-1058.063000		
214.500000	-1058.240000		
215.000000	-1058.286000		
215.500000	-1058.271000		
216.000000	-1058.659000		
216.500000	-1058.493000		
217.000000	-1058.675000		
217.500000	-1058.498000		
218.000000	-1058.512000		
218.500000	-1058.213000		
219.000000	-1058.336000		
219.500000	-1058.088000		
220.000000	-1057.822000		
220.500000	-1058.002000		
221.000000	-1057.948000		
221.500000	-1057.770000		
222.000000	-1057.851000		
222.500000	-1057.793000		
223.000000	-1057.878000		
223.500000	-1057.914000		
224.000000	-1057.671000		
224.500000	-1057.861000		
225.000000	-1057.939000		
225.500000	-1058.086000		
226.000000	-1057.606000		
226.500000	-1057.498000		
227.000000	-1057.700000		
227.500000	-1057.442000		
228.000000	-1057.611000		
228.500000	-1057.504000		
229.000000	-1057.489000		
229.500000	-1057.411000		
230.000000	-1057.451000		
230.500000	-1057.602000		
231.000000	-1057.452000		
231.500000	-1057.453000		
232.000000	-1057.152000		
232.500000	-1057.277000		
233.000000	-1056.998000		
233.500000	-1057.063000		
234.000000	-1057.018000		
234.500000	-1056.793000		
235.000000	-1057.008000		
235.500000	-1057.427000		
236.000000	-1057.164000		
236.500000	-1056.917000		
237.000000	-1056.923000		
237.500000	-1056.719000		
238.000000	-1056.615000		
238.500000	-1056.577000		
239.000000	-1056.866000		
239.500000	-1056.842000		
240.000000	-1056.726000		
240.500000	-1056.480000		
241.000000	-1056.215000		
241.500000	-1056.368000		
242.000000	-1056.239000		
242.500000	-1056.407000		
243.000000	-1056.570000		
243.500000	-1056.531000		
244.000000	-1056.424000		
244.500000	-1056.341000		
245.000000	-1056.394000		
245.500000	-1056.391000		
246.000000	-1056.009000		
246.500000	-1056.096000		
247.000000	-1055.832000		
247.500000	-1055.705000		
248.000000	-1056.080000		
248.500000	-1056.116000		
249.000000	-1055.807000		
249.500000	-1056.015000		
250.000000	-1055.979000		
250.500000	-1056.105000		
251.000000	-1056.036000		
251.500000	-1055.884000		
252.000000	-1056.017000		
252.500000	-1055.660000		
253.000000	-1055.637000		
253.500000	-1055.867000		
254.000000	-1055.753000		
254.500000	-1055.662000		
255.000000	-1055.914000		
255.500000	-1055.768000		
256.000000	-1055.699000		
256.500000	-1055.900000		
257.000000	-1055.958000		
257.500000	-1056.059000		
258.000000	-1055.607000		
258.500000	-1055.601000		
259.000000	-1055.609000		
259.500000	-1055.485000		
260.000000	-1055.330000		
260.500000	-1055.068000		
261.000000	-1055.157000		
261.500000	-1055.344000		
262.000000	-1055.126000		
262.500000	-1055.093000		
263.000000	-1055.168000		
263.500000	-1055.129000		
264.000000	-1055.300000		
264.500000	-1055.133000		
265.000000	-1054.545000		
265.500000	-1054.564000		
266.000000	-1054.783000		
266.500000	-1054.870000		
267.000000	-1054.830000		
267.500000	-1054.908000		
268.000000	-1055.025000		
268.500000	-1055.074000		
269.000000	-1054.876000		
269.500000	-1054.604000		
270.000000	-1054.563000		
270.500000	-1054.799000		
271.000000	-1054.600000		
271.500000	-1054.637000		
272.000000	-1054.830000		
272.500000	-1054.438000		
273.000000	-1054.367000		
273.500000	-1054.484000		
274.000000	-1054.293000		
274.500000	-1054.522000		
275.000000	-1054.672000		
275.500000	-1054.474000		
276.000000	-1054.295000		
276.500000	-1054.235000		
277.000000	-1054.521000		
277.500000	-1054.425000		
278.000000	-1054.045000		
278.500000	-1054.027000		
279.000000	-1054.045000		
279.500000	-1054.122000		
280.000000	-1054.004000		
280.500000	-1053.834000		
281.000000	-1053.859000		
281.500000	-1054.062000		
282.000000	-1054.260000		
282.500000	-1054.028000		
283.000000	-1053.971000		
283.500000	-1053.972000		
284.000000	-1053.831000		
284.500000	-1053.737000		
285.000000	-1053.761000		
285.500000	-1053.594000		
286.000000	-1053.557000		
286.500000	-1054.059000		
287.000000	-1053.534000		
287.500000	-1053.251000		
288.000000	-1053.214000		
288.500000	-1053.316000		
289.000000	-1053.143000		
289.500000	-1053.242000		
290.000000	-1053.337000		
290.500000	-1053.070000		
291.000000	-1052.957000		
291.500000	-1052.977000		
292.000000	-1053.192000		
292.500000	-1053.049000		
293.000000	-1053.045000		
293.500000	-1053.020000		
294.000000	-1053.277000		
294.500000	-1053.053000		
295.000000	-1053.448000		
295.500000	-1053.253000		
296.000000	-1053.112000		
296.500000	-1053.080000		
297.000000	-1052.991000		
297.500000	-1052.902000		
298.000000	-1052.897000		
298.500000	-1052.760000		
299.000000	-1052.948000		
299.500000	-1052.769000		
300.000000	-1052.770000		
300.500000	-1052.609000		
301.000000	-1052.708000		
301.500000	-1052.623000		
302.000000	-1052.266000		
302.500000	-1052.272000		
303.000000	-1052.167000		
303.500000	-1052.221000		
304.000000	-1052.459000		
304.500000	-1052.382000		
305.000000	-1052.744000		
305.500000	-1052.759000		
306.000000	-1052.524000		
306.500000	-1052.279000		
307.000000	-1052.231000		
307.500000	-1052.499000		
308.000000	-1052.204000		
308.500000	-1052.179000		
309.000000	-1052.258000		
309.500000	-1052.274000		
310.000000	-1052.315000		
310.500000	-1052.086000		
311.000000	-1052.022000		
311.500000	-1051.820000		
312.000000	-1051.976000		
312.500000	-1052.239000		
313.000000	-1052.220000		
313.500000	-1051.572000		
314.000000	-1051.367000		
314.500000	-1051.594000		
315.000000	-1051.599000		
315.500000	-1051.991000		
316.000000	-1051.773000		
316.500000	-1051.507000		
317.000000	-1051.410000		
317.500000	-1051.654000		
318.000000	-1051.719000		
318.500000	-1051.759000		
319.000000	-1051.627000		
319.500000	-1051.504000		
320.000000	-1051.391000		
320.500000	-1050.977000		
321.000000	-1051.229000		
321.500000	-1051.519000		
322.000000	-1051.312000		
322.500000	-1051.412000		
323.000000	-1051.695000		
323.500000	-1051.381000		
324.000000	-1051.228000		
324.500000	-1051.350000		
325.000000	-1051.296000		
325.500000	-1051.210000		
326.000000	-1051.164000		
326.500000	-1051.270000		
327.000000	-1051.548000		
327.500000	-1051.456000		
328.000000	-1051.250000		
328.500000	-1051.067000		
329.000000	-1050.946000		
329.500000	-1051.163000		
330.000000	-1051.109000		
330.500000	-1050.912000		
331.000000	-1051.156000		
331.500000	-1050.891000		
332.000000	-1050.697000		
332.500000	-1050.891000		
333.000000	-1050.963000		
333.500000	-1050.869000		
334.000000	-1050.781000		
334.500000	-1050.716000		
335.000000	-1050.700000		
335.500000	-1050.838000		
336.000000	-1050.915000		
336.500000	-1050.632000		
337.000000	-1050.795000		
337.500000	-1050.566000		
338.000000	-1050.346000		
338.500000	-1050.160000		
339.000000	-1050.078000		
339.500000	-1050.326000		
340.000000	-1050.212000		
340.500000	-1050.280000		
341.000000	-1050.173000		
341.500000	-1050.116000		
342.000000	-1050.291000		
342.500000	-1050.205000		
343.000000	-1050.261000		
343.500000	-1050.208000		
344.000000	-1050.499000		
344.500000	-1050.400000		
345.000000	-1050.593000		
345.500000	-1050.177000		
346.000000	-1049.953000		
346.500000	-1049.566000		
347.000000	-1050.045000		
347.500000	-1050.208000		
348.000000	-1050.095000		
348.500000	-1050.030000		
349.000000	-1049.989000		
349.500000	-1049.796000		
350.000000	-1049.821000		
350.500000	-1050.030000		
351.000000	-1049.864000		
351.500000	-1049.574000		
352.000000	-1049.691000		
352.500000	-1049.913000		
353.000000	-1049.854000		
353.500000	-1049.989000		
354.000000	-1049.863000		
354.500000	-1049.778000		
355.000000	-1049.568000		
355.500000	-1049.397000		
356.000000	-1049.130000		
356.500000	-1049.216000		
357.000000	-1049.152000		
357.500000	-1049.051000		
358.000000	-1049.589000		
358.500000	-1049.963000		
359.000000	-1049.834000		
359.500000	-1049.526000		
360.000000	-1049.261000		
360.500000	-1049.179000		
361.000000	-1049.299000		
361.500000	-1049.463000		
362.000000	-1049.346000		
362.500000	-1049.080000		
363.000000	-1049.296000		
363.500000	-1049.066000		
364.000000	-1048.979000		
364.500000	-1049.159000		
365.000000	-1049.050000		
365.500000	-1048.946000		
366.000000	-1049.098000		
366.500000	-1048.891000		
367.000000	-1048.931000		
367.500000	-1048.985000		
368.000000	-1048.981000		
368.500000	-1048.888000		
369.000000	-1048.854000		
369.500000	-1049.036000		
370.000000	-1049.200000		
370.500000	-1049.059000		
371.000000	-1048.972000		
371.500000	-1049.153000		
372.000000	-1049.230000		
372.500000	-1048.830000		
373.000000	-1048.570000		
373.500000	-1048.522000		
374.000000	-1048.237000		
374.500000	-1048.267000		
375.000000	-1048.585000		
375.500000	-1048.704000		
376.000000	-1048.602000		
376.500000	-1048.307000		
377.000000	-1048.365000		
377.500000	-1048.646000		
378.000000	-1048.601000		
378.500000	-1048.391000		
379.000000	-1048.222000		
379.500000	-1048.061000		
380.000000	-1048.202000		
380.500000	-1048.137000		
381.000000	-1047.990000		
381.500000	-1048.179000		
382.000000	-1048.426000		
382.500000	-1048.350000		
383.000000	-1048.193000		
383.500000	-1047.921000		
384.000000	-1047.611000		
384.500000	-1047.493000		
385.000000	-1047.867000		
385.500000	-1048.169000		
386.000000	-1048.206000		
386.500000	-1047.921000		
387.000000	-1047.786000		
387.500000	-1047.804000		
388.000000	-1047.490000		
388.500000	-1047.453000		
389.000000	-1047.431000		
389.500000	-1047.168000		
390.000000	-1047.348000		
390.500000	-1047.551000		
391.000000	-1047.646000		
391.500000	-1047.801000		
392.000000	-1047.776000		
392.500000	-1047.700000		
393.000000	-1047.564000		
393.500000	-1047.674000		
394.000000	-1047.695000		
394.500000	-1047.722000		
395.000000	-1047.329000		
395.500000	-1047.372000		
396.000000	-1047.298000		
396.500000	-1047.554000		
397.000000	-1047.605000		
397.500000	-1047.450000		
398.000000	-1047.770000		
398.500000	-1047.653000		
399.000000	-1047.508000		
399.500000	-1047.195000		
400.000000	-1047.201000		
400.500000	-1047.154000		
401.000000	-1047.390000		
401.500000	-1047.392000		
402.000000	-1046.925000		
402.500000	-1047.197000		
403.000000	-1046.994000		
403.500000	-1046.974000		
404.000000	-1046.905000		
404.500000	-1046.846000		
405.000000	-1047.198000		
405.500000	-1047.148000		
406.000000	-1046.996000		
406.500000	-1046.929000		
407.000000	-1046.866000		
407.500000	-1046.809000		
408.000000	-1046.911000		
408.500000	-1046.938000		
409.000000	-1047.091000		
409.500000	-1047.119000		
410.000000	-1046.935000		
410.500000	-1046.582000		
411.000000	-1046.412000		
411.500000	-1046.723000		
412.000000	-1046.592000		
412.500000	-1046.187000		
413.000000	-1046.240000		
413.500000	-1046.362000		
414.000000	-1046.416000		
414.500000	-1046.225000		
415.000000	-1046.480000		
415.500000	-1046.314000		
416.000000	-1046.128000		
416.500000	-1046.307000		
417.000000	-1046.585000		
417.500000	-1046.301000		
418.000000	-1046.285000		
418.500000	-1045.987000		
419.000000	-1045.978000		
419.500000	-1046.159000		
420.000000	-1046.633000		
420.500000	-1046.324000		
421.000000	-1046.088000		
421.500000	-1045.726000		
422.000000	-1045.820000		
422.500000	-1045.884000		
423.000000	-1045.948000		
423.500000	-1045.907000		
424.000000	-1045.654000		
424.500000	-1045.530000		
425.000000	-1045.727000		
425.500000	-1045.803000		
426.000000	-1045.699000		
426.500000	-1045.929000		
427.000000	-1045.969000		
427.500000	-1045.798000		
428.000000	-1045.652000		
428.500000	-1045.988000		
429.000000	-1046.028000		
429.500000	-1045.588000		
430.000000	-1045.689000		
430.500000	-1045.422000		
431.000000	-1045.234000		
431.500000	-1045.200000		
432.000000	-1045.262000		
432.500000	-1045.294000		
433.000000	-1045.252000		
433.500000	-1045.220000		
434.000000	-1045.345000		
434.500000	-1045.433000		
435.000000	-1045.619000		
435.500000	-1045.802000		
436.000000	-1045.109000		
436.500000	-1045.149000		
437.000000	-1045.070000		
437.500000	-1045.399000		
438.000000	-1045.315000		
438.500000	-1045.177000		
439.000000	-1045.226000		
439.500000	-1045.430000		
440.000000	-1045.640000		
440.500000	-1045.282000		
441.000000	-1045.379000		
441.500000	-1045.387000		
442.000000	-1045.488000		
442.500000	-1045.411000		
443.000000	-1045.225000		
443.500000	-1045.324000		
444.000000	-1045.416000		
444.500000	-1045.056000		
445.000000	-1044.732000		
445.500000	-1044.683000		
446.000000	-1044.829000		
446.500000	-1044.644000		
447.000000	-1044.469000		
447.500000	-1044.837000		
448.000000	-1044.828000		
448.500000	-1044.539000		
449.000000	-1044.469000		
449.500000	-1044.121000		
450.000000	-1044.387000		
450.500000	-1044.504000		
451.000000	-1044.268000		
451.500000	-1044.434000		
452.000000	-1044.502000		
452.500000	-1044.607000		
453.000000	-1044.667000		
453.500000	-1044.431000		
454.000000	-1044.522000		
454.500000	-1044.360000		
455.000000	-1043.784000		
455.500000	-1043.750000		
456.000000	-1043.930000		
456.500000	-1044.302000		
457.000000	-1044.357000		
457.500000	-1043.990000		
458.000000	-1043.930000		
458.500000	-1044.203000		
459.000000	-1044.120000		
459.500000	-1044.026000		
460.000000	-1043.749000		
460.500000	-1043.817000		
461.000000	-1044.014000		
461.500000	-1044.109000		
462.000000	-1044.283000		
462.500000	-1044.302000		
463.000000	-1044.131000		
463.500000	-1044.020000		
464.000000	-1044.029000		
464.500000	-1044.155000		
465.000000	-1043.913000		
465.500000	-1043.688000		
466.000000	-1043.778000		
466.500000	-1043.970000		
467.000000	-1044.137000		
467.500000	-1043.994000		
468.000000	-1043.818000		
468.500000	-1043.666000		
469.000000	-1043.428000		
469.500000	-1043.282000		
470.000000	-1043.470000		
470.500000	-1043.803000		
471.000000	-1043.451000		
471.500000	-1043.522000		
472.000000	-1043.872000		
472.500000	-1043.862000		
473.000000	-1043.476000		
473.500000	-1043.612000		
474.000000	-1043.554000		
474.500000	-1043.481000		
475.000000	-1043.161000		
475.500000	-1043.120000		
476.000000	-1043.301000		
476.500000	-1043.272000		
477.000000	-1043.529000		
477.500000	-1043.300000		
478.000000	-1043.282000		
478.500000	-1043.456000		
479.000000	-1043.621000		
479.500000	-1043.237000		
480.000000	-1043.371000		
480.500000	-1043.468000		
481.000000	-1043.159000		
481.500000	-1043.257000		
482.000000	-1042.956000		
482.500000	-1043.020000		
483.000000	-1043.232000		
483.500000	-1043.197000		
484.000000	-1043.270000		
484.500000	-1043.253000		
485.000000	-1043.358000		
485.500000	-1043.432000		
486.000000	-1042.922000		
486.500000	-1042.889000		
487.000000	-1042.999000		
487.500000	-1042.860000		
488.000000	-1042.771000		
488.500000	-1043.006000		
489.000000	-1042.815000		
489.500000	-1042.822000		
490.000000	-1043.146000		
490.500000	-1043.210000		
491.000000	-1042.885000		
491.500000	-1042.857000		
492.000000	-1042.942000		
492.500000	-1043.171000		
493.000000	-1042.962000		
493.500000	-1042.888000		
494.000000	-1042.957000		
494.500000	-1043.147000		
495.000000	-1043.105000		
495.500000	-1042.970000		
496.000000	-1042.957000		
496.500000	-1042.645000		
497.000000	-1042.711000		
497.500000	-1042.992000		
498.000000	-1042.536000		
498.500000	-1042.474000		
499.000000	-1042.782000		
499.500000	-1042.664000		
500.000000	-1042.716000		
500.500000	-1042.782000		
501.000000	-1042.428000		
501.500000	-1042.272000		
502.000000	-1042.511000		
502.500000	-1042.516000		
503.000000	-1042.384000		
503.500000	-1042.309000		
504.000000	-1042.678000		
504.500000	-1042.389000		
505.000000	-1042.302000		
505.500000	-1042.418000		
506.000000	-1042.442000		
506.500000	-1042.443000		
507.000000	-1042.456000		
507.500000	-1042.388000		
508.000000	-1042.442000		
508.500000	-1042.283000		
509.000000	-1042.041000		
509.500000	-1041.912000		
510.000000	-1041.854000		
510.500000	-1041.898000		
511.000000	-1041.963000		
511.500000	-1041.675000		
512.000000	-1041.676000		
512.500000	-1041.497000		
513.000000	-1041.272000		
513.500000	-1041.690000		
514.000000	-1041.714000		
514.500000	-1041.745000		
515.000000	-1041.961000		
515.500000	-1042.033000		
516.000000	-1041.861000		
516.500000	-1041.627000		
517.000000	-1041.679000		
517.500000	-1041.852000		
518.000000	-1041.914000		
518.500000	-1041.955000		
519.000000	-1041.826000		
519.500000	-1041.916000		
520.000000	-1041.544000		
520.500000	-1041.422000		
521.000000	-1041.256000		
521.500000	-1041.223000		
522.000000	-1041.362000		
522.500000	-1041.680000		
523.000000	-1041.504000		
523.500000	-1041.267000		
524.000000	-1041.287000		
524.500000	-1041.198000		
525.000000	-1041.365000		
525.500000	-1041.073000		
526.000000	-1041.075000		
526.500000	-1041.308000		
527.000000	-1041.258000		
527.500000	-1041.372000		
528.000000	-1041.230000		
528.500000	-1041.392000		
529.000000	-1041.343000		
529.500000	-1041.413000		
530.000000	-1041.288000		
530.500000	-1041.446000		
531.000000	-1041.272000		
531.500000	-1041.424000		
532.000000	-1041.237000		
532.500000	-1041.202000		
533.000000	-1041.032000		
533.500000	-1040.665000		
534.000000	-1040.760000		
534.500000	-1040.861000		
535.000000	-1040.888000		
535.500000	-1040.915000		
536.000000	-1041.027000		
536.500000	-1041.051000		
537.000000	-1041.038000		
537.500000	-1040.819000		
538.000000	-1040.936000		
538.500000	-1040.847000		
539.000000	-1040.688000		
539.500000	-1040.711000		
540.000000	-1040.570000		
540.500000	-1040.632000		
541.000000	-1040.556000		
541.500000	-1040.787000		
542.000000	-1040.587000		
542.500000	-1040.938000		
543.000000	-1040.925000		
543.500000	-1040.792000		
544.000000	-1040.913000		
544.500000	-1041.088000		
545.000000	-1040.677000		
545.500000	-1040.430000		
546.000000	-1040.312000		
546.500000	-1040.438000		
547.000000	-1040.595000		
547.500000	-1040.733000		
548.000000	-1040.477000		
548.500000	-1040.193000		
549.000000	-1040.180000		
549.500000	-1040.294000		
550.000000	-1040.309000		
550.500000	-1040.182000		
551.000000	-1040.282000		
551.500000	-1040.140000		
552.000000	-1040.330000		
552.500000	-1040.340000		
553.000000	-1040.358000		
553.500000	-1040.357000		
554.000000	-1040.010000		
554.500000	-1040.119000		
555.000000	-1040.181000		
555.500000	-1040.416000		
556.000000	-1040.268000		
556.500000	-1039.942000		
557.000000	-1039.924000		
557.500000	-1040.030000		
558.000000	-1040.265000		
558.500000	-1040.018000		
559.000000	-1040.163000		
559.500000	-1040.321000		
560.000000	-1040.045000		
560.500000	-1040.105000		
561.000000	-1039.829000		
561.500000	-1039.783000		
562.000000	-1039.577000		
562.500000	-1039.881000		
563.000000	-1039.798000		
563.500000	-1039.661000		
564.000000	-1039.812000		
564.500000	-1039.788000		
565.000000	-1039.553000		
565.500000	-1039.779000		
566.000000	-1039.501000		
566.500000	-1039.849000		
567.000000	-1039.752000		
567.500000	-1039.808000		
568.000000	-1039.988000		
568.500000	-1039.701000		
569.000000	-1039.676000		
569.500000	-1039.820000		
570.000000	-1039.824000		
570.500000	-1039.761000		
571.000000	-1039.415000		
571.500000	-1039.289000		
572.000000	-1039.468000		
572.500000	-1039.595000		
573.000000	-1039.630000		
573.500000	-1039.522000		
574.000000	-1039.421000		
574.500000	-1039.666000		
575.000000	-1039.526000		
575.500000	-1039.231000		
576.000000	-1039.156000		
576.500000	-1038.884000		
577.000000	-1039.206000		
577.500000	-1039.147000		
578.000000	-1039.130000		
578.500000	-1039.266000		
579.000000	-1039.317000		
579.500000	-1039.432000		
580.000000	-1039.489000		
580.500000	-1039.369000		
581.000000	-1039.473000		
581.500000	-1039.213000		
582.000000	-1038.886000		
582.500000	-1038.643000		
583.000000	-1038.644000		
583.500000	-1038.750000		
584.000000	-1038.995000		
584.500000	-1038.687000		
585.000000	-1038.785000		
585.500000	-1038.976000		
586.000000	-1039.125000		
586.500000	-1039.169000		
587.000000	-1038.901000		
587.500000	-1038.657000		
588.000000	-1038.889000		
588.500000	-1039.059000		
589.000000	-1038.781000		
589.500000	-1038.937000		
590.000000	-1038.833000		
590.500000	-1038.560000		
591.000000	-1038.464000		
591.500000	-1038.401000		
592.000000	-1038.574000		
