Date:	Wed, Dec 25, 2013		
measured by:	Rotem		
Nir's alumina sample			
Time [s]	CPD stream	Light	SPV
0.000000	-614.137000		
0.500000	-614.166000		
1.000000	-614.191000		
1.500000	-614.020000		
2.000000	-614.169000		
2.500000	-614.143000		
3.000000	-613.944000		
3.500000	-614.169000		
4.000000	-613.967000		
4.500000	-613.585000		
4.999000	-613.982000		
5.500000	-614.081000		
6.000000	-613.801000		
6.500000	-613.825000		
7.000000	-613.727000		
7.500000	-613.898000		
8.000000	-613.948000		
8.500000	-613.785000		
9.000000	-613.808000		
9.499000	-613.842000		
10.000000	-613.749000		
10.500000	-613.935000		
11.000000	-613.993000		
11.500000	-613.615000		
12.000000	-613.962000		
12.500000	-613.670000		
13.000000	-613.764000		
13.500000	-613.818000		
14.000000	-613.527000		
14.500000	-613.352000		
15.000000	-613.784000		
15.500000	-614.028000		
16.000000	-613.856000		
16.500000	-614.022000		
17.000000	-613.984000		
17.500000	-613.580000		
18.000000	-613.968000		
18.500000	-613.900000		
19.000000	-614.065000		
19.500000	-613.968000		
20.000000	-613.928000		
20.500000	-613.905000		
21.000000	-613.776000		
21.499000	-613.672000		
22.000000	-614.012000		
22.500000	-614.208000		
23.000000	-613.984000		
23.500000	-614.085000		
24.000000	-614.200000		
24.500000	-613.992000		
25.000000	-614.080000		
25.500000	-614.303000		
26.000000	-614.040000		
26.500000	-613.928000		
27.000000	-614.122000		
27.500000	-613.902000		
28.000000	-614.165000		
28.500000	-614.137000		
29.000000	-613.994000		
29.500000	-613.976000		
30.000000	-614.327000		
30.500000	-614.164000		
31.000000	-614.130000		
31.500000	-613.863000		
32.000000	-613.948000		
32.500000	-613.708000		
33.000000	-613.932000		
33.500000	-613.670000		
34.000000	-613.725000		
34.500000	-613.648000		
35.000000	-613.496000		
35.500000	-613.710000		
36.000000	-613.760000		
36.500000	-613.748000		
37.000000	-613.854000		
37.500000	-614.087000		
38.000000	-613.866000		
38.500000	-614.033000		
39.000000	-614.029000		
39.500000	-613.606000		
40.000000	-613.968000		
40.500000	-613.957000		
41.000000	-613.864000		
41.499000	-613.981000		
42.000000	-613.557000		
42.500000	-613.824000		
43.000000	-614.011000		
43.500000	-613.656000		
44.000000	-613.190000		
44.500000	-613.574000		
45.000000	-613.698000		
45.500000	-613.701000		
46.000000	-613.797000		
46.500000	-613.566000		
47.000000	-613.256000		
47.500000	-613.791000		
48.000000	-613.808000		
48.500000	-613.405000		
49.000000	-613.320000		
49.500000	-613.352000		
50.000000	-613.102000		
50.500000	-613.130000		
51.000000	-613.183000		
51.500000	-613.480000		
52.000000	-613.591000		
52.500000	-613.161000		
53.000000	-613.221000		
53.500000	-613.276000		
54.000000	-613.023000		
54.500000	-613.073000		
55.000000	-613.790000		
55.500000	-614.022000		
56.000000	-613.661000		
56.500000	-613.730000		
57.000000	-613.681000		
57.500000	-614.136000		
58.000000	-613.787000		
58.500000	-613.592000		
59.000000	-613.838000		
59.500000	-613.681000		
60.000000	-613.567000		
60.500000	-613.701000		
61.000000	-613.560000		
61.500000	-613.621000		
62.000000	-613.709000		
62.500000	-616.818000		
63.000000	-847.975000		
63.500000	-1013.941000		
64.000000	-1049.745000		
64.500000	-1055.999000		
65.000000	-1057.542000		
65.500000	-1059.142000		
66.000000	-1059.523000		
66.500000	-1059.651000		
67.000000	-1058.972000		
67.500000	-1059.131000		
68.000000	-1059.242000		
68.500000	-1059.112000		
69.000000	-1058.962000		
69.500000	-1058.917000		
70.000000	-1058.982000		
70.500000	-1058.687000		
71.000000	-1058.720000		
71.500000	-1069.626000		
72.000000	-1092.786000		
72.500000	-1101.172000		
73.000000	-1101.601000		
73.500000	-1101.257000		
74.000000	-1101.022000		
74.500000	-1100.866000		
75.000000	-1100.544000		
75.500000	-1100.358000		
76.000000	-1100.512000		
76.500000	-1100.292000		
77.000000	-1099.613000		
77.500000	-1099.350000		
78.000000	-1099.413000		
78.500000	-1099.188000		
79.000000	-1099.117000		
79.500000	-1101.227000		
80.000000	-1114.412000		
80.500000	-1119.319000		
81.000000	-1118.391000		
81.500000	-1117.290000		
82.000000	-1116.370000		
82.500000	-1115.700000		
83.000000	-1115.015000		
83.500000	-1114.213000		
84.000000	-1113.527000		
84.500000	-1112.852000		
85.000000	-1112.003000		
85.500000	-1111.756000		
86.000000	-1114.997000		
86.500000	-1116.583000		
87.000000	-1115.427000		
87.500000	-1114.553000		
88.000000	-1113.721000		
88.500000	-1113.137000		
89.000000	-1112.842000		
89.500000	-1112.406000		
90.000000	-1111.716000		
90.500000	-1111.111000		
91.000000	-1110.361000		
91.500000	-1109.687000		
92.000000	-1109.599000		
92.500000	-1109.427000		
93.000000	-1109.467000		
93.500000	-1109.021000		
94.000000	-1107.942000		
94.500000	-1106.608000		
95.000000	-1105.635000		
95.500000	-1104.651000		
96.000000	-1103.478000		
96.500000	-1102.556000		
97.000000	-1101.535000		
97.500000	-1089.999000		
98.000000	-1005.664000		
98.500000	-898.423000		
99.000000	-779.120000		
99.500000	-700.795000		
100.000000	-648.455000		
100.500000	-615.324000		
101.000000	-599.369000		
101.500000	-592.299000		
102.000000	-587.981000		
102.500000	-585.571000		
103.000000	-584.425000		
103.500000	-583.700000		
104.000000	-583.528000		
104.500000	-582.978000		
105.000000	-583.120000		
105.500000	-583.365000		
106.000000	-583.150000		
106.500000	-583.423000		
107.000000	-583.609000		
107.500000	-583.525000		
108.000000	-583.710000		
108.500000	-583.924000		
109.000000	-584.463000		
109.500000	-584.560000		
110.000000	-584.414000		
110.500000	-584.663000		
111.000000	-584.551000		
111.500000	-584.591000		
112.000000	-585.065000		
112.500000	-585.000000		
113.000000	-584.981000		
113.500000	-585.257000		
114.000000	-585.329000		
114.500000	-585.640000		
115.000000	-585.744000		
115.500000	-585.662000		
116.000000	-585.645000		
116.500000	-585.886000		
117.000000	-586.029000		
117.500000	-586.026000		
118.000000	-586.014000		
118.500000	-585.917000		
119.000000	-586.303000		
119.500000	-586.283000		
120.000000	-586.248000		
120.500000	-586.193000		
121.000000	-586.451000		
121.500000	-586.792000		
122.000000	-586.970000		
122.500000	-586.684000		
123.000000	-586.653000		
123.500000	-587.132000		
124.000000	-587.405000		
124.500000	-587.177000		
125.000000	-586.938000		
125.500000	-587.211000		
126.000000	-587.363000		
126.500000	-587.615000		
127.000000	-587.530000		
127.500000	-587.384000		
128.000000	-587.635000		
128.500000	-587.882000		
129.000000	-588.186000		
129.500000	-587.895000		
130.000000	-587.635000		
130.500000	-587.971000		
131.000000	-588.254000		
131.500000	-588.308000		
132.000000	-588.150000		
132.500000	-588.281000		
133.000000	-588.205000		
133.500000	-588.182000		
134.000000	-588.097000		
134.500000	-588.636000		
135.000000	-588.684000		
135.500000	-588.609000		
136.000000	-588.592000		
136.500000	-588.525000		
137.000000	-588.686000		
137.500000	-588.727000		
138.000000	-588.725000		
138.500000	-588.758000		
139.000000	-588.861000		
139.500000	-588.900000		
140.000000	-588.972000		
140.500000	-588.904000		
141.000000	-589.341000		
141.500000	-589.376000		
142.000000	-589.183000		
142.500000	-589.166000		
143.000000	-589.063000		
143.500000	-589.364000		
144.000000	-589.295000		
144.500000	-589.295000		
145.000000	-589.347000		
145.500000	-589.388000		
146.000000	-589.737000		
146.500000	-589.928000		
147.000000	-589.710000		
147.500000	-589.568000		
148.000000	-589.954000		
148.500000	-589.812000		
149.000000	-589.798000		
149.500000	-589.782000		
150.000000	-589.571000		
150.500000	-589.997000		
151.000000	-589.985000		
151.500000	-590.011000		
152.000000	-589.812000		
152.500000	-589.964000		
153.000000	-590.030000		
153.500000	-589.833000		
154.000000	-589.804000		
154.500000	-589.976000		
155.000000	-590.031000		
155.500000	-589.824000		
156.000000	-589.802000		
156.500000	-590.301000		
157.000000	-590.088000		
157.500000	-590.156000		
158.000000	-589.879000		
158.500000	-590.500000		
159.000000	-590.455000		
159.500000	-590.499000		
160.000000	-590.067000		
160.500000	-590.318000		
161.000000	-590.657000		
161.500000	-590.641000		
162.000000	-523.541000		
162.500000	0.896000		
163.000000	0.896200		
163.500000	0.896000		
164.000000	0.896100		
164.500000	0.895700		
165.000000	0.896100		
165.500000	0.895100		
166.000000	0.895700		
166.500000	0.895900		
167.000000	0.895000		
167.500000	0.894800		
168.000000	0.895100		
168.500000	0.895000		
169.000000	0.895300		
169.500000	0.894500		
170.000000	0.895000		
170.500000	0.895600		
171.000000	0.895300		
171.500000	0.895300		
172.000000	0.895400		
172.500000	0.895300		
173.000000	0.895300		
173.500000	0.895500		
174.000000	0.894900		
174.500000	0.895100		
175.000000	0.895400		
175.500000	0.895600		
176.000000	0.895300		
176.500000	0.895700		
177.000000	0.895900		
177.500000	0.895400		
178.000000	0.895300		
178.500000	0.894700		
179.000000	0.894600		
179.500000	0.894500		
180.000000	0.894300		
180.500000	0.894500		
181.000000	0.895000		
181.500000	0.895000		
182.000000	0.895300		
182.500000	0.895000		
183.000000	0.895100		
183.500000	0.894700		
184.000000	0.895100		
184.500000	0.895200		
185.000000	0.894600		
185.500000	0.894800		
186.000000	0.895400		
186.500000	0.895300		
187.000000	0.895300		
187.500000	0.895300		
188.000000	0.894600		
188.500000	0.894600		
189.000000	0.894800		
189.500000	0.894700		
190.000000	0.894900		
190.500000	0.895300		
191.000000	0.895900		
191.500000	0.895900		
192.000000	0.896000		
192.500000	0.895800		
193.000000	0.895600		
193.500000	0.895700		
194.000000	0.895800		
194.500000	0.895600		
195.000000	0.895700		
195.500000	0.896500		
196.000000	0.896500		
196.500000	0.896500		
197.000000	0.896000		
197.500000	0.895900		
198.000000	0.896300		
198.500000	0.896400		
199.000000	0.896300		
199.500000	0.895900		
200.000000	0.895800		
200.500000	0.896000		
201.000000	0.895600		
201.500000	0.895700		
202.000000	0.896000		
202.500000	0.895800		
203.000000	0.895600		
203.500000	0.895300		
204.000000	0.895600		
204.500000	0.895200		
205.000000	0.895100		
205.500000	0.895700		
206.000000	0.895800		
206.500000	0.895800		
207.000000	0.895800		
207.500000	0.895900		
208.000000	0.896000		
208.500000	0.895600		
209.000000	0.895400		
209.500000	0.895400		
210.000000	0.895100		
210.500000	0.895700		
211.000000	0.895500		
211.500000	0.895200		
212.000000	0.895800		
212.500000	0.895600		
213.000000	0.895800		
213.500000	0.895600		
214.000000	0.896700		
214.500000	0.896900		
215.000000	0.896700		
215.500000	0.896600		
216.000000	0.896500		
216.500000	0.896100		
217.000000	0.896100		
217.500000	0.895600		
218.000000	0.895600		
218.500000	0.895300		
219.000000	0.895600		
219.500000	0.895900		
220.000000	0.895600		
220.500000	0.896000		
221.000000	0.895600		
221.500000	0.895600		
222.000000	0.895500		
222.500000	0.895400		
223.000000	0.894700		
223.500000	0.894100		
224.000000	0.894500		
224.500000	0.894000		
225.000000	0.894200		
225.500000	0.893500		
226.000000	0.893400		
226.500000	0.894300		
227.000000	0.894600		
227.500000	0.894900		
228.000000	0.894500		
228.500000	0.894300		
229.000000	0.894300		
229.500000	0.894700		
230.000000	0.894400		
230.500000	0.894800		
231.000000	0.895000		
231.500000	0.894600		
232.000000	0.894800		
232.500000	0.894600		
233.000000	0.894600		
233.500000	0.894600		
234.000000	0.894800		
234.500000	0.894500		
235.000000	0.894700		
235.500000	0.894500		
236.000000	0.894000		
236.500000	0.894000		
237.000000	0.894200		
237.500000	0.894500		
238.000000	0.894400		
238.500000	0.894300		
239.000000	0.893800		
239.500000	0.894000		
240.000000	0.893600		
240.500000	0.893700		
241.000000	0.893800		
241.500000	0.893800		
242.000000	0.893800		
242.500000	0.894200		
243.000000	0.894100		
243.500000	0.893300		
244.000000	0.893600		
244.500000	0.893300		
245.000000	0.893600		
245.500000	0.893100		
246.000000	0.893100		
246.500000	0.893500		
247.000000	0.893700		
247.500000	0.893900		
248.000000	0.893700		
248.500000	0.893800		
249.000000	0.893900		
249.500000	0.893700		
250.000000	0.893900		
250.500000	0.893500		
251.000000	0.893100		
251.500000	0.893100		
252.000000	0.893200		
252.500000	0.893000		
253.000000	0.893300		
253.500000	0.893500		
254.000000	0.893400		
254.500000	0.893200		
255.000000	0.893000		
255.500000	0.893500		
256.000000	0.893700		
256.500000	0.893500		
257.000000	0.893400		
257.500000	0.893500		
258.000000	0.894200		
258.500000	0.894800		
259.000000	0.894900		
259.500000	0.895100		
260.000000	0.894500		
260.500000	0.895000		
261.000000	0.894700		
261.500000	0.895200		
262.000000	0.895000		
262.500000	0.895400		
263.000000	0.895400		
263.500000	0.895200		
264.000000	0.894600		
264.500000	0.894400		
265.000000	0.894200		
265.500000	0.894400		
266.000000	0.894800		
266.500000	0.894700		
267.000000	0.894400		
267.500000	0.894500		
268.000000	0.895200		
268.500000	0.894800		
269.000000	0.894700		
269.500000	0.894700		
270.000000	0.893900		
270.500000	0.893500		
271.000000	0.893900		
271.500000	0.894300		
272.000000	0.894900		
272.500000	0.894400		
273.000000	0.895100		
273.500000	0.894600		
274.000000	0.894600		
274.500000	0.894700		
275.000000	0.894300		
275.500000	0.894300		
276.000000	0.894200		
276.500000	0.893700		
277.000000	0.894000		
277.500000	0.893600		
278.000000	0.894200		
278.500000	0.894100		
279.000000	0.894200		
279.500000	0.894300		
280.000000	0.894500		
280.500000	0.894400		
281.000000	0.894200		
281.500000	0.894100		
282.000000	0.894100		
282.500000	0.893500		
283.000000	0.894200		
283.500000	0.894100		
284.000000	0.893800		
284.500000	0.894200		
285.000000	0.894200		
285.500000	0.894000		
286.000000	0.894400		
286.500000	0.894000		
287.000000	0.893900		
287.500000	0.894200		
288.000000	0.893800		
288.500000	0.894000		
289.000000	0.893900		
289.500000	0.893300		
290.000000	0.892800		
290.500000	0.892700		
291.000000	0.892300		
291.500000	0.892600		
292.000000	0.892700		
292.500000	0.892800		
293.000000	0.893000		
293.500000	0.893400		
294.000000	0.893500		
294.500000	0.893500		
295.000000	0.893400		
295.500000	0.893600		
296.000000	0.893400		
296.500000	0.893100		
297.000000	0.893300		
297.500000	0.893500		
298.000000	0.893300		
298.500000	0.893200		
299.000000	0.893500		
299.500000	0.893500		
300.000000	0.893500		
300.500000	0.893400		
301.000000	0.893000		
301.500000	0.893300		
302.000000	0.892800		
302.500000	0.893100		
303.000000	0.893300		
303.500000	0.893000		
304.000000	0.892600		
304.500000	0.893300		
305.000000	0.893200		
305.500000	0.893000		
306.000000	0.892900		
306.500000	0.893100		
307.000000	0.893000		
307.500000	0.892800		
308.000000	0.893300		
308.500000	0.893100		
309.000000	0.893500		
309.500000	0.893200		
310.000000	0.893400		
310.500000	0.892500		
311.000000	0.892900		
311.500000	0.892600		
312.000000	0.892300		
312.500000	0.892600		
313.000000	0.892200		
313.500000	0.891400		
314.000000	0.891800		
314.500000	0.892000		
315.000000	0.891700		
315.500000	0.891500		
316.000000	0.891900		
316.500000	0.891500		
317.000000	0.891400		
317.500000	0.891400		
318.000000	0.891400		
318.500000	0.891700		
319.000000	0.891500		
319.500000	0.891700		
320.000000	0.891500		
320.500000	0.891900		
321.000000	0.891600		
321.500000	0.891300		
322.000000	0.891300		
322.500000	0.891400		
323.000000	0.890900		
323.500000	0.890400		
324.000000	0.890800		
324.500000	0.890600		
325.000000	0.891100		
325.500000	0.890700		
326.000000	0.890700		
326.500000	0.890100		
327.000000	0.891400		
327.500000	0.891400		
328.000000	0.891900		
328.500000	0.892400		
329.000000	0.892400		
329.500000	0.892600		
330.000000	0.892900		
330.500000	0.892800		
331.000000	0.893100		
331.500000	0.893100		
332.000000	0.893500		
332.500000	0.893300		
333.000000	0.893800		
333.500000	0.893600		
334.000000	0.893100		
334.500000	0.893900		
335.000000	0.893800		
335.500000	0.893200		
336.000000	0.893600		
336.500000	0.893400		
337.000000	0.894100		
337.500000	0.894000		
338.000000	0.893200		
338.500000	0.893400		
339.000000	0.892900		
339.500000	0.892600		
340.000000	0.893200		
340.500000	0.893200		
341.000000	0.893000		
341.500000	0.892300		
342.000000	0.892400		
342.500000	0.892500		
343.000000	0.893000		
343.500000	0.891800		
344.000000	0.892200		
344.500000	0.892200		
345.000000	0.892000		
345.500000	0.892600		
346.000000	0.892500		
346.500000	0.892300		
347.000000	0.892700		
347.500000	0.893300		
348.000000	0.892700		
348.500000	0.892300		
349.000000	0.884100		
349.500000	0.885000		
350.000000	0.888400		
350.500000	0.892200		
351.000000	0.889400		
351.500000	0.891300		
352.000000	0.890700		
352.500000	0.885500		
353.000000	0.887000		
353.500000	0.889600		
354.000000	0.886000		
354.500000	0.883700		
355.000000	0.885800		
355.500000	0.880800		
356.000000	0.889400		
356.500000	0.891300		
357.000000	0.891600		
357.500000	0.891700		
358.000000	0.891600		
358.500000	0.891500		
359.000000	0.891200		
359.500000	0.891700		
360.000000	0.891200		
360.500000	0.891500		
361.000000	0.891200		
361.500000	0.890800		
362.000000	0.891000		
362.500000	0.891300		
363.000000	0.891200		
363.500000	0.891100		
364.000000	0.890700		
364.500000	0.890900		
365.000000	0.891800		
365.500000	0.871200		
366.000000	0.872600		
366.500000	0.891500		
367.000000	0.891800		
367.500000	0.891600		
368.000000	0.891500		
368.500000	0.891700		
369.000000	0.891800		
369.500000	0.891800		
370.000000	0.891800		
370.500000	0.892200		
371.000000	0.892400		
371.500000	0.892300		
372.000000	0.892300		
372.500000	0.892200		
373.000000	0.892500		
373.500000	0.893000		
374.000000	0.892700		
374.500000	0.893000		
375.000000	0.893500		
375.500000	-142.545500		
376.000000	-372.902000		
376.500000	-392.209000		
377.000000	-378.118000		
377.500000	-374.540000		
378.000000	-375.391000		
378.500000	-375.752000		
379.000000	-375.660000		
379.500000	-375.508000		
380.000000	-375.594000		
380.500000	-375.516000		
381.000000	-375.399000		
381.500000	-375.689000		
382.000000	-375.412000		
382.500000	-375.992000		
383.000000	-375.684000		
