Date:	Sun, Nov 03, 2013		
measured by:	Rotem		
Second sample, 20 min pirahna, 30 min air (still very hydrophillic surface),1min50sec HF (could have been more hydrophobic), 3 min till start 			
Time [s]	CPD stream	Light	SPV
0.000000	-648.231000		
0.501000	-648.682000		
1.000000	-649.270000		
1.501000	-649.746000		
2.000000	-650.511000		
2.501000	-651.543000		
3.001000	-652.461000		
3.501000	-653.451000		
4.001000	-654.084000		
4.501000	-654.711000		
5.001000	-655.323000		
5.501000	-655.550000		
6.001000	-655.854000		
6.501000	-656.654000		
7.001000	-657.265000		
7.501000	-657.919000		
8.001000	-658.600000		
8.501000	-659.217000		
9.001000	-660.103000		
9.501000	-660.803000		
10.001000	-661.653000		
10.501000	-661.941000		
11.001000	-662.233000		
11.501000	-662.783000		
12.001000	-663.348000		
12.501000	-664.075000		
13.001000	-664.532000		
13.500000	-664.954000		
14.000000	-665.883000		
14.501000	-666.314000		
15.001000	-666.829000		
15.500000	-667.381000		
16.000000	-667.465000		
16.501000	-668.343000		
17.000000	-668.744000		
17.501000	-669.020000		
18.001000	-669.512000		
18.501000	-669.761000		
19.001000	-670.024000		
19.501000	-670.823000		
20.000000	-671.395000		
20.501000	-671.962000		
21.001000	-672.783000		
21.501000	-673.574000		
22.001000	-673.684000		
22.501000	-673.755000		
23.001000	-674.072000		
23.501000	-674.320000		
24.001000	-674.168000		
24.501000	-674.267000		
25.001000	-674.927000		
25.501000	-675.054000		
26.001000	-675.340000		
26.501000	-676.023000		
27.001000	-676.431000		
27.501000	-677.131000		
28.001000	-677.289000		
28.501000	-677.683000		
29.001000	-677.871000		
29.501000	-678.448000		
30.001000	-678.930000		
30.501000	-679.087000		
31.001000	-679.277000		
31.501000	-679.435000		
32.001000	-679.309000		
32.501000	-679.534000		
33.001000	-679.825000		
33.501000	-680.047000		
34.001000	-680.591000		
34.501000	-680.965000		
35.001000	-681.345000		
35.501000	-681.788000		
36.001000	-681.817000		
36.501000	-681.902000		
37.001000	-682.625000		
37.501000	-682.852000		
38.001000	-682.810000		
38.501000	-682.911000		
39.001000	-683.019000		
39.501000	-683.291000		
40.001000	-683.843000		
40.501000	-683.734000		
41.001000	-683.891000		
41.501000	-683.750000		
42.001000	-683.953000		
42.501000	-684.588000		
43.001000	-684.452000		
43.501000	-684.843000		
44.001000	-685.443000		
44.501000	-685.475000		
45.001000	-685.274000		
45.501000	-685.710000		
46.001000	-685.729000		
46.501000	-686.159000		
47.001000	-686.397000		
47.501000	-686.507000		
48.001000	-687.056000		
48.501000	-687.364000		
49.001000	-687.467000		
49.501000	-687.551000		
50.001000	-687.743000		
50.501000	-688.262000		
51.001000	-688.438000		
51.501000	-688.421000		
52.001000	-688.578000		
52.501000	-688.626000		
53.001000	-688.800000		
53.501000	-689.059000		
54.001000	-689.404000		
54.501000	-689.762000		
55.001000	-690.076000		
55.501000	-690.210000		
56.001000	-689.760000		
56.501000	-689.524000		
57.001000	-689.810000		
57.501000	-689.902000		
58.001000	-690.097000		
58.501000	-689.915000		
59.001000	-689.733000		
59.501000	-690.040000		
60.001000	-690.304000		
60.501000	-690.532000		
61.001000	-690.396000		
61.501000	-690.492000		
62.001000	-690.510000		
62.500000	-690.822000		
63.001000	-691.027000		
63.501000	-691.115000		
64.001000	-690.995000		
64.501000	-691.270000		
65.001000	-691.360000		
65.501000	-691.313000		
66.001000	-691.364000		
66.501000	-691.409000		
67.001000	-691.470000		
67.501000	-691.817000		
68.001000	-691.774000		
68.501000	-691.608000		
69.001000	-691.822000		
69.501000	-691.780000		
70.001000	-691.987000		
70.501000	-691.857000		
71.001000	-692.034000		
71.501000	-691.963000		
72.001000	-692.253000		
72.501000	-692.346000		
73.001000	-692.392000		
73.501000	-692.406000		
74.001000	-692.303000		
74.501000	-692.546000		
75.001000	-692.581000		
75.501000	-692.995000		
76.001000	-693.134000		
76.501000	-692.868000		
77.001000	-692.943000		
77.501000	-692.871000		
78.001000	-692.900000		
78.501000	-693.200000		
79.001000	-693.326000		
79.501000	-693.298000		
80.001000	-693.273000		
80.501000	-693.523000		
81.001000	-693.578000		
81.501000	-693.387000		
82.001000	-693.418000		
82.501000	-693.080000		
83.001000	-693.079000		
83.501000	-693.140000		
84.001000	-693.350000		
84.501000	-693.329000		
85.001000	-693.162000		
85.501000	-693.588000		
86.001000	-693.726000		
86.501000	-693.702000		
87.001000	-693.703000		
87.501000	-693.451000		
88.001000	-693.844000		
88.501000	-694.141000		
89.001000	-694.079000		
89.501000	-694.377000		
90.001000	-694.250000		
90.501000	-694.260000		
91.001000	-694.103000		
91.501000	-694.286000		
92.001000	-694.437000		
92.501000	-694.162000		
93.001000	-694.331000		
93.501000	-694.345000		
94.001000	-694.149000		
94.501000	-694.232000		
95.001000	-694.152000		
95.501000	-694.252000		
96.001000	-694.151000		
96.501000	-694.060000		
97.001000	-693.911000		
97.501000	-694.028000		
98.001000	-694.124000		
98.501000	-693.967000		
99.001000	-693.832000		
99.501000	-693.734000		
100.001000	-693.739000		
100.501000	-694.091000		
101.001000	-693.627000		
101.501000	-693.479000		
102.001000	-693.570000		
102.501000	-693.683000		
103.001000	-693.474000		
103.501000	-693.581000		
104.001000	-693.642000		
104.501000	-693.596000		
105.001000	-693.797000		
105.501000	-693.743000		
106.001000	-693.550000		
106.501000	-693.335000		
107.001000	-693.399000		
107.501000	-693.442000		
108.001000	-693.622000		
108.501000	-693.855000		
109.001000	-693.758000		
109.501000	-693.507000		
110.001000	-693.391000		
110.501000	-693.198000		
111.001000	-693.183000		
111.501000	-693.285000		
112.001000	-693.271000		
112.501000	-693.038000		
113.001000	-692.817000		
113.501000	-692.655000		
114.001000	-692.609000		
114.501000	-692.851000		
115.001000	-693.047000		
115.501000	-693.261000		
116.001000	-693.050000		
116.501000	-693.045000		
117.001000	-693.324000		
117.501000	-693.478000		
118.001000	-693.329000		
118.501000	-693.014000		
119.001000	-692.943000		
119.501000	-692.837000		
120.001000	-692.962000		
120.501000	-692.841000		
121.001000	-692.650000		
121.501000	-692.626000		
122.001000	-692.446000		
122.501000	-692.421000		
123.001000	-692.499000		
123.501000	-692.578000		
124.001000	-692.266000		
124.501000	-692.023000		
125.001000	-692.397000		
125.501000	-692.749000		
126.001000	-692.724000		
126.501000	-692.411000		
127.001000	-692.452000		
127.501000	-692.194000		
128.001000	-692.297000		
128.501000	-692.434000		
129.001000	-692.026000		
129.501000	-691.833000		
130.001000	-691.358000		
130.501000	-691.328000		
131.001000	-691.238000		
131.501000	-691.761000		
132.001000	-691.924000		
132.501000	-691.917000		
133.001000	-691.805000		
133.501000	-691.850000		
134.001000	-691.687000		
134.501000	-691.682000		
135.001000	-691.633000		
135.501000	-691.293000		
136.001000	-691.011000		
136.501000	-690.908000		
137.001000	-691.033000		
137.501000	-690.685000		
138.001000	-690.637000		
138.501000	-690.641000		
139.001000	-690.801000		
139.501000	-690.909000		
140.001000	-691.238000		
140.501000	-691.387000		
141.001000	-691.087000		
141.501000	-690.804000		
142.001000	-690.775000		
142.501000	-690.837000		
143.001000	-690.901000		
143.501000	-690.458000		
144.001000	-690.327000		
144.501000	-690.221000		
145.001000	-690.200000		
145.501000	-690.216000		
146.001000	-690.487000		
146.501000	-690.473000		
147.001000	-690.357000		
147.501000	-690.355000		
148.001000	-690.077000		
148.501000	-690.272000		
149.001000	-690.253000		
149.501000	-690.059000		
150.001000	-689.794000		
150.501000	-689.609000		
151.001000	-689.368000		
151.501000	-689.379000		
152.001000	-689.624000		
152.501000	-689.752000		
153.001000	-689.713000		
153.501000	-689.929000		
154.001000	-690.004000		
154.501000	-689.850000		
155.001000	-689.603000		
155.501000	-689.496000		
156.001000	-689.337000		
156.501000	-689.420000		
157.001000	-689.535000		
157.501000	-689.586000		
158.001000	-689.466000		
158.501000	-689.267000		
159.001000	-689.566000		
159.501000	-689.830000		
160.001000	-689.497000		
160.501000	-689.088000		
161.001000	-689.247000		
161.501000	-688.871000		
162.001000	-688.563000		
162.501000	-688.552000		
163.001000	-688.386000		
163.501000	-688.550000		
164.001000	-688.782000		
164.501000	-688.577000		
165.001000	-688.502000		
165.501000	-688.606000		
166.001000	-688.366000		
166.501000	-688.173000		
167.001000	-687.973000		
167.501000	-687.912000		
168.001000	-688.066000		
168.501000	-688.157000		
169.001000	-688.386000		
169.501000	-688.540000		
170.001000	-688.548000		
170.501000	-688.528000		
171.001000	-688.342000		
171.501000	-688.458000		
172.001000	-688.046000		
172.501000	-687.978000		
173.001000	-687.654000		
173.501000	-687.603000		
174.001000	-687.651000		
174.501000	-687.818000		
175.001000	-688.108000		
175.501000	-688.260000		
176.001000	-688.408000		
176.501000	-688.346000		
177.001000	-687.834000		
177.501000	-687.939000		
178.001000	-687.707000		
178.501000	-687.834000		
179.001000	-687.875000		
179.501000	-687.696000		
180.001000	-687.979000		
180.501000	-688.100000		
181.001000	-688.228000		
181.501000	-688.165000		
182.001000	-687.848000		
182.501000	-687.453000		
183.001000	-687.616000		
183.501000	-687.599000		
184.001000	-687.672000		
184.501000	-687.942000		
185.001000	-687.402000		
185.501000	-687.484000		
186.001000	-687.287000		
186.501000	-687.283000		
187.001000	-686.783000		
187.501000	-686.691000		
188.001000	-686.431000		
188.501000	-686.638000		
189.001000	-687.140000		
189.501000	-687.509000		
190.001000	-687.191000		
190.501000	-686.835000		
191.001000	-686.572000		
191.501000	-686.618000		
192.001000	-686.565000		
192.501000	-686.252000		
193.001000	-686.307000		
193.501000	-686.436000		
194.001000	-686.519000		
194.501000	-686.238000		
195.001000	-686.432000		
195.501000	-686.233000		
196.001000	-685.749000		
196.501000	-685.748000		
197.001000	-685.683000		
197.501000	-685.605000		
198.001000	-685.946000		
198.501000	-685.894000		
199.001000	-685.806000		
199.501000	-685.752000		
200.001000	-685.779000		
200.501000	-685.625000		
201.001000	-685.650000		
201.501000	-685.522000		
202.001000	-685.350000		
202.501000	-685.297000		
203.001000	-685.392000		
203.501000	-685.388000		
204.001000	-685.414000		
204.501000	-685.235000		
205.001000	-685.253000		
205.501000	-685.111000		
206.001000	-684.751000		
206.501000	-684.989000		
207.001000	-685.139000		
207.501000	-685.274000		
208.001000	-685.267000		
208.501000	-684.953000		
209.001000	-684.835000		
209.501000	-684.635000		
210.001000	-684.660000		
210.501000	-684.800000		
211.001000	-684.734000		
211.501000	-684.913000		
212.001000	-684.897000		
212.501000	-684.516000		
213.001000	-684.208000		
213.501000	-684.182000		
214.001000	-684.304000		
214.501000	-684.563000		
215.001000	-684.785000		
215.501000	-684.712000		
216.001000	-684.416000		
216.501000	-684.279000		
217.001000	-684.401000		
217.501000	-684.256000		
218.001000	-684.231000		
218.501000	-684.500000		
219.001000	-684.308000		
219.501000	-684.147000		
220.001000	-684.006000		
220.501000	-683.937000		
221.001000	-683.327000		
221.501000	-683.351000		
222.001000	-683.547000		
222.501000	-683.965000		
223.001000	-683.989000		
223.501000	-683.945000		
224.001000	-683.652000		
224.501000	-683.492000		
225.001000	-683.669000		
225.501000	-683.660000		
226.001000	-683.798000		
226.501000	-683.887000		
227.001000	-683.551000		
227.501000	-683.481000		
228.001000	-683.284000		
228.501000	-683.247000		
229.001000	-683.227000		
229.501000	-683.375000		
230.001000	-683.646000		
230.501000	-683.758000		
231.001000	-683.571000		
231.501000	-683.046000		
232.001000	-682.677000		
232.501000	-682.840000		
233.001000	-682.968000		
233.501000	-683.072000		
234.001000	-683.177000		
234.501000	-683.187000		
235.001000	-683.402000		
235.501000	-683.111000		
236.001000	-682.680000		
236.501000	-682.686000		
237.001000	-682.883000		
237.501000	-683.128000		
238.001000	-683.072000		
238.501000	-682.937000		
239.001000	-682.765000		
239.501000	-682.603000		
240.001000	-682.824000		
240.501000	-682.914000		
241.001000	-683.047000		
241.501000	-682.913000		
242.001000	-682.930000		
242.501000	-682.855000		
243.001000	-682.502000		
243.501000	-682.522000		
244.001000	-682.543000		
244.501000	-682.771000		
245.001000	-683.090000		
245.501000	-683.129000		
246.001000	-682.736000		
246.501000	-682.744000		
247.001000	-682.677000		
247.501000	-683.017000		
248.001000	-683.014000		
248.501000	-682.869000		
249.001000	-682.441000		
249.501000	-682.347000		
250.001000	-682.391000		
250.501000	-682.384000		
251.001000	-682.320000		
251.501000	-682.414000		
252.001000	-682.336000		
252.501000	-682.165000		
253.001000	-682.233000		
253.501000	-681.819000		
254.001000	-681.848000		
254.501000	-681.975000		
255.001000	-682.478000		
255.501000	-682.662000		
256.001000	-682.495000		
256.501000	-682.043000		
257.001000	-681.859000		
257.501000	-681.779000		
258.001000	-682.038000		
258.501000	-682.291000		
259.001000	-682.482000		
259.501000	-682.304000		
260.001000	-682.028000		
260.501000	-682.172000		
261.001000	-681.816000		
261.501000	-681.850000		
262.001000	-681.927000		
262.501000	-682.079000		
263.001000	-681.971000		
263.501000	-681.774000		
264.001000	-681.470000		
264.501000	-681.424000		
265.001000	-681.277000		
265.501000	-681.741000		
266.001000	-681.677000		
266.501000	-681.476000		
267.001000	-680.859000		
267.501000	-681.056000		
268.001000	-681.247000		
268.501000	-681.359000		
269.001000	-681.585000		
269.501000	-681.261000		
270.001000	-681.053000		
270.501000	-680.867000		
271.001000	-680.872000		
271.501000	-681.258000		
272.001000	-681.405000		
272.501000	-680.923000		
273.001000	-680.589000		
273.501000	-680.009000		
274.001000	-680.084000		
274.501000	-680.281000		
275.001000	-680.210000		
275.501000	-679.883000		
276.001000	-680.115000		
276.501000	-680.376000		
277.001000	-680.123000		
277.501000	-680.076000		
278.001000	-680.238000		
278.501000	-680.403000		
279.001000	-679.992000		
279.501000	-679.742000		
280.001000	-679.501000		
280.501000	-679.433000		
281.001000	-679.589000		
281.501000	-679.762000		
282.001000	-679.752000		
282.501000	-679.381000		
283.001000	-679.376000		
283.501000	-679.226000		
284.001000	-678.820000		
284.501000	-678.926000		
285.001000	-679.007000		
285.501000	-678.745000		
286.001000	-678.884000		
286.501000	-678.745000		
287.001000	-678.848000		
287.501000	-678.953000		
288.001000	-678.954000		
288.501000	-678.842000		
289.001000	-679.117000		
289.501000	-678.871000		
290.001000	-678.242000		
290.501000	-678.447000		
291.001000	-678.838000		
291.501000	-679.069000		
292.001000	-678.630000		
292.501000	-678.307000		
293.001000	-678.092000		
293.501000	-678.233000		
294.001000	-678.569000		
294.501000	-678.547000		
295.001000	-678.220000		
295.501000	-678.312000		
296.001000	-678.130000		
296.501000	-678.362000		
297.001000	-678.542000		
297.501000	-678.704000		
298.001000	-678.155000		
298.501000	-678.135000		
299.001000	-678.021000		
299.501000	-677.756000		
300.001000	-677.913000		
300.501000	-678.035000		
301.001000	-677.904000		
301.501000	-678.015000		
302.001000	-677.593000		
302.501000	-677.630000		
303.001000	-677.651000		
303.501000	-677.729000		
304.001000	-677.707000		
304.501000	-677.476000		
305.001000	-677.322000		
305.501000	-677.396000		
306.001000	-677.292000		
306.501000	-677.427000		
307.001000	-677.604000		
307.501000	-677.342000		
308.001000	-677.149000		
308.500000	-676.926000		
309.001000	-677.188000		
309.500000	-677.239000		
310.000000	-677.154000		
310.501000	-676.982000		
311.001000	-676.635000		
311.500000	-676.542000		
312.001000	-676.763000		
312.501000	-676.499000		
313.001000	-676.497000		
313.501000	-676.327000		
314.001000	-676.258000		
314.501000	-676.257000		
315.001000	-676.201000		
315.501000	-676.356000		
316.001000	-676.292000		
316.501000	-675.877000		
317.001000	-675.974000		
317.501000	-675.832000		
318.001000	-675.714000		
318.501000	-675.505000		
319.001000	-675.635000		
319.501000	-675.661000		
320.001000	-675.448000		
320.501000	-675.513000		
321.001000	-675.364000		
321.501000	-675.536000		
322.001000	-675.415000		
322.501000	-675.343000		
323.001000	-675.053000		
323.501000	-675.115000		
324.001000	-675.223000		
324.501000	-675.046000		
325.001000	-674.783000		
325.501000	-674.453000		
326.001000	-674.441000		
326.501000	-674.369000		
327.001000	-674.399000		
327.501000	-674.314000		
328.001000	-674.519000		
328.501000	-674.388000		
329.001000	-674.486000		
329.501000	-674.459000		
330.001000	-674.066000		
330.501000	-674.120000		
331.001000	-674.300000		
331.501000	-673.840000		
332.001000	-673.894000		
332.501000	-673.880000		
333.001000	-673.662000		
333.501000	-673.795000		
334.001000	-673.835000		
334.501000	-673.889000		
335.001000	-673.633000		
335.501000	-673.797000		
336.001000	-673.602000		
336.501000	-673.209000		
337.001000	-673.123000		
337.501000	-673.023000		
338.001000	-673.333000		
338.501000	-673.246000		
339.001000	-673.119000		
339.501000	-672.928000		
340.001000	-672.692000		
340.501000	-672.765000		
341.001000	-673.013000		
341.501000	-673.001000		
342.001000	-672.614000		
342.501000	-672.430000		
343.001000	-672.537000		
343.501000	-672.541000		
344.001000	-672.629000		
344.501000	-672.619000		
345.001000	-672.264000		
345.501000	-672.380000		
346.001000	-672.460000		
346.501000	-672.463000		
347.001000	-672.043000		
347.501000	-672.058000		
348.001000	-672.034000		
348.501000	-672.443000		
349.001000	-672.491000		
349.501000	-672.158000		
350.001000	-672.396000		
350.501000	-672.503000		
351.001000	-672.619000		
351.501000	-672.596000		
352.001000	-672.396000		
352.501000	-672.468000		
353.001000	-672.945000		
353.501000	-672.687000		
354.001000	-672.447000		
354.501000	-672.498000		
355.001000	-672.378000		
355.501000	-672.447000		
356.001000	-672.266000		
356.501000	-671.855000		
357.001000	-672.040000		
357.501000	-672.180000		
358.001000	-672.418000		
358.501000	-672.424000		
359.001000	-672.296000		
359.501000	-672.266000		
360.001000	-672.222000		
360.501000	-672.353000		
361.001000	-672.580000		
361.501000	-672.402000		
362.001000	-672.145000		
362.501000	-672.323000		
363.001000	-672.542000		
363.501000	-672.570000		
364.001000	-672.737000		
364.501000	-672.449000		
365.001000	-672.481000		
365.501000	-672.537000		
366.001000	-672.622000		
366.501000	-672.264000		
367.001000	-671.975000		
367.501000	-671.845000		
368.001000	-671.804000		
368.501000	-671.799000		
369.001000	-671.769000		
369.501000	-671.376000		
370.001000	-671.286000		
370.501000	-671.444000		
371.001000	-671.362000		
371.501000	-671.476000		
372.001000	-671.173000		
372.501000	-670.917000		
373.001000	-670.749000		
373.501000	-670.570000		
374.001000	-670.596000		
374.501000	-670.238000		
375.001000	-670.125000		
375.501000	-670.009000		
376.001000	-670.094000		
376.501000	-669.764000		
377.001000	-669.638000		
377.501000	-669.511000		
378.001000	-669.450000		
378.501000	-669.411000		
379.001000	-669.664000		
379.501000	-669.693000		
380.001000	-669.804000		
380.501000	-669.505000		
381.001000	-668.834000		
381.501000	-668.389000		
382.001000	-668.562000		
382.501000	-669.016000		
383.001000	-668.988000		
383.501000	-668.459000		
384.001000	-668.016000		
384.501000	-667.784000		
385.001000	-667.647000		
385.501000	-668.033000		
386.001000	-667.866000		
386.501000	-667.593000		
387.001000	-667.556000		
387.501000	-667.550000		
388.001000	-667.619000		
388.501000	-667.688000		
389.001000	-667.047000		
389.501000	-666.695000		
390.001000	-666.782000		
390.501000	-667.208000		
391.001000	-667.247000		
391.501000	-667.019000		
392.001000	-667.051000		
392.501000	-667.134000		
393.001000	-666.987000		
393.501000	-666.792000		
394.001000	-666.596000		
394.501000	-666.493000		
395.001000	-666.628000		
395.501000	-666.927000		
396.001000	-666.700000		
396.501000	-666.588000		
397.001000	-666.660000		
397.501000	-666.721000		
398.001000	-667.147000		
398.501000	-666.995000		
399.001000	-666.738000		
399.501000	-666.794000		
400.001000	-666.826000		
400.501000	-666.804000		
401.001000	-667.027000		
401.501000	-666.825000		
402.001000	-666.284000		
402.501000	-666.501000		
403.001000	-666.796000		
403.501000	-666.969000		
404.001000	-666.886000		
404.501000	-666.660000		
405.001000	-666.610000		
405.501000	-666.809000		
406.001000	-666.715000		
406.501000	-666.494000		
407.001000	-666.284000		
407.501000	-666.607000		
408.001000	-667.110000		
408.501000	-667.287000		
409.001000	-666.749000		
409.501000	-666.392000		
410.001000	-666.300000		
410.501000	-666.409000		
411.001000	-666.592000		
411.501000	-666.461000		
412.001000	-666.205000		
412.501000	-666.285000		
413.001000	-666.249000		
413.501000	-665.759000		
414.001000	-665.204000		
414.501000	-665.284000		
415.001000	-665.668000		
415.501000	-665.689000		
416.001000	-665.700000		
416.501000	-665.874000		
417.001000	-665.725000		
417.501000	-665.926000		
418.001000	-665.769000		
418.501000	-665.328000		
419.001000	-665.158000		
419.501000	-665.066000		
420.001000	-664.690000		
420.501000	-664.696000		
421.001000	-664.955000		
421.501000	-664.650000		
