Date:	Sun, Nov 03, 2013		
measured by:	Rotem		
Second sample, 20 min pirahna, 1h30min min air (still very hydrophillic surface),2*1min HF (perfectly hydrophobic), 2 min 30 till start. Tiny drop of InGa on top left corner			
Time [s]	CPD stream	Light	SPV
0.000000	-607.754000		
0.500000	-607.754000		
1.000000	-607.647000		
1.499000	-607.794000		
2.000000	-608.250000		
2.500000	-608.234000		
3.000000	-607.775000		
3.500000	-607.773000		
4.000000	-607.915000		
4.500000	-608.078000		
4.999000	-607.972000		
5.500000	-607.781000		
5.999000	-607.961000		
6.499000	-608.159000		
6.999000	-607.772000		
7.500000	-607.904000		
7.999000	-607.791000		
8.499000	-607.721000		
8.999000	-607.938000		
9.499000	-607.755000		
10.000000	-607.603000		
10.500000	-607.701000		
11.000000	-607.970000		
11.500000	-608.195000		
12.000000	-608.396000		
12.500000	-608.152000		
13.000000	-608.198000		
13.500000	-608.465000		
14.000000	-608.578000		
14.500000	-608.638000		
15.000000	-608.183000		
15.500000	-608.493000		
16.000000	-608.890000		
16.500000	-608.722000		
17.000000	-608.741000		
17.500000	-609.065000		
18.000000	-609.068000		
18.500000	-609.089000		
19.000000	-609.006000		
19.500000	-608.774000		
20.000000	-608.793000		
20.500000	-609.144000		
20.999000	-609.378000		
21.500000	-609.258000		
22.000000	-609.139000		
22.500000	-609.381000		
23.000000	-609.149000		
23.500000	-609.388000		
24.000000	-609.446000		
24.500000	-609.343000		
25.000000	-609.762000		
25.500000	-609.775000		
26.000000	-609.497000		
26.500000	-609.529000		
27.000000	-609.803000		
27.500000	-609.860000		
28.000000	-609.580000		
28.500000	-609.240000		
29.000000	-609.590000		
29.500000	-610.208000		
30.000000	-610.283000		
30.500000	-610.063000		
31.000000	-610.146000		
31.500000	-610.453000		
32.000000	-610.475000		
32.500000	-610.057000		
33.000000	-609.937000		
33.500000	-610.493000		
34.000000	-610.378000		
34.500000	-610.501000		
35.000000	-610.454000		
35.500000	-610.507000		
36.000000	-610.718000		
36.500000	-610.330000		
37.000000	-610.425000		
37.500000	-610.378000		
38.000000	-610.710000		
38.500000	-610.529000		
39.000000	-610.497000		
39.500000	-610.716000		
40.000000	-610.777000		
40.500000	-610.801000		
41.000000	-610.703000		
41.500000	-610.890000		
42.000000	-610.710000		
42.500000	-610.751000		
43.000000	-610.477000		
43.500000	-610.497000		
44.000000	-610.960000		
44.500000	-611.037000		
45.000000	-611.105000		
45.500000	-611.228000		
46.000000	-611.525000		
46.500000	-611.388000		
47.000000	-611.325000		
47.500000	-611.119000		
48.000000	-610.742000		
48.500000	-610.897000		
49.000000	-611.120000		
49.500000	-611.417000		
50.000000	-611.434000		
50.500000	-611.350000		
51.000000	-610.787000		
51.500000	-611.127000		
52.000000	-611.501000		
52.500000	-611.400000		
53.000000	-611.468000		
53.500000	-611.581000		
54.000000	-611.677000		
54.500000	-611.420000		
55.000000	-611.346000		
55.500000	-611.604000		
56.000000	-611.957000		
56.500000	-611.911000		
57.000000	-611.667000		
57.500000	-611.785000		
58.000000	-611.872000		
58.500000	-611.613000		
59.000000	-611.606000		
59.500000	-611.797000		
60.000000	-612.186000		
60.500000	-612.044000		
61.000000	-611.939000		
61.500000	-611.940000		
62.000000	-612.029000		
62.500000	-612.100000		
63.000000	-612.178000		
63.500000	-612.279000		
64.000000	-612.078000		
64.500000	-612.223000		
65.000000	-612.470000		
65.500000	-612.398000		
66.000000	-611.812000		
66.500000	-611.939000		
67.000000	-612.290000		
67.500000	-612.147000		
68.000000	-612.252000		
68.500000	-612.240000		
69.000000	-612.584000		
69.500000	-612.384000		
70.000000	-612.504000		
70.500000	-612.574000		
71.000000	-612.712000		
71.500000	-612.408000		
72.000000	-612.446000		
72.500000	-612.852000		
73.000000	-612.888000		
73.500000	-612.703000		
74.000000	-612.688000		
74.500000	-612.899000		
75.000000	-612.562000		
75.500000	-612.402000		
76.000000	-612.857000		
76.500000	-612.734000		
77.000000	-612.558000		
77.500000	-612.706000		
78.000000	-612.717000		
78.500000	-612.912000		
79.000000	-612.716000		
79.500000	-612.803000		
80.000000	-612.685000		
80.500000	-612.484000		
81.000000	-612.552000		
81.500000	-612.829000		
82.000000	-612.907000		
82.500000	-612.817000		
83.000000	-612.886000		
83.500000	-613.004000		
84.000000	-612.866000		
84.500000	-612.746000		
85.000000	-612.927000		
85.500000	-613.209000		
86.000000	-612.857000		
86.500000	-612.925000		
87.000000	-613.002000		
87.500000	-612.788000		
88.000000	-613.068000		
88.500000	-613.222000		
89.000000	-612.984000		
89.500000	-612.679000		
90.000000	-613.242000		
90.500000	-613.295000		
91.000000	-612.947000		
91.500000	-613.067000		
92.000000	-613.305000		
92.500000	-613.119000		
93.000000	-613.056000		
93.500000	-613.196000		
94.000000	-613.103000		
94.500000	-613.250000		
95.000000	-613.465000		
95.500000	-613.434000		
96.000000	-613.263000		
96.500000	-612.978000		
97.000000	-612.903000		
97.500000	-613.322000		
98.000000	-613.407000		
98.500000	-613.168000		
99.000000	-613.336000		
99.500000	-613.267000		
100.000000	-613.272000		
100.500000	-613.572000		
101.000000	-613.412000		
101.500000	-613.229000		
102.000000	-613.470000		
102.500000	-613.592000		
103.000000	-613.558000		
103.500000	-613.309000		
104.000000	-613.415000		
104.500000	-613.370000		
105.000000	-613.205000		
105.500000	-613.564000		
106.000000	-613.823000		
106.500000	-613.257000		
107.000000	-613.284000		
107.500000	-614.033000		
108.000000	-613.801000		
108.500000	-613.210000		
109.000000	-613.583000		
109.500000	-613.546000		
110.000000	-613.643000		
110.500000	-613.453000		
111.000000	-613.625000		
111.500000	-613.483000		
112.000000	-613.492000		
112.500000	-613.285000		
113.000000	-613.336000		
113.500000	-613.930000		
114.000000	-613.826000		
114.500000	-613.481000		
115.000000	-613.553000		
115.500000	-613.395000		
116.000000	-613.487000		
116.500000	-613.616000		
117.000000	-613.691000		
117.500000	-613.746000		
118.000000	-613.436000		
118.500000	-613.661000		
119.000000	-613.776000		
119.500000	-613.604000		
120.000000	-613.657000		
120.500000	-613.584000		
121.000000	-613.759000		
121.500000	-613.722000		
122.000000	-613.874000		
122.500000	-613.935000		
123.000000	-613.900000		
123.500000	-614.021000		
124.000000	-614.098000		
124.500000	-613.273000		
125.000000	-613.376000		
125.500000	-613.567000		
126.000000	-613.443000		
126.500000	-613.213000		
127.000000	-613.349000		
127.500000	-613.635000		
128.000000	-613.932000		
128.500000	-613.945000		
129.000000	-613.961000		
129.500000	-613.778000		
130.000000	-613.662000		
130.500000	-613.661000		
131.000000	-613.801000		
131.500000	-613.512000		
132.000000	-613.718000		
132.500000	-613.656000		
133.000000	-613.740000		
133.500000	-613.695000		
134.000000	-613.786000		
134.500000	-613.812000		
135.000000	-613.824000		
135.500000	-613.631000		
136.000000	-613.634000		
136.500000	-613.812000		
137.000000	-613.906000		
137.500000	-613.913000		
138.000000	-613.796000		
138.500000	-613.798000		
139.000000	-613.717000		
139.500000	-614.139000		
140.000000	-614.206000		
140.500000	-614.036000		
141.000000	-613.896000		
141.500000	-613.975000		
142.000000	-613.787000		
142.500000	-613.664000		
143.000000	-613.873000		
143.500000	-613.761000		
144.000000	-613.596000		
144.500000	-613.600000		
145.000000	-613.570000		
145.500000	-613.969000		
146.000000	-613.665000		
146.500000	-613.242000		
147.000000	-613.595000		
147.500000	-613.901000		
148.000000	-613.806000		
148.500000	-613.547000		
149.000000	-613.691000		
149.500000	-613.773000		
150.000000	-613.742000		
150.500000	-614.065000		
151.000000	-614.106000		
151.500000	-613.757000		
152.000000	-613.820000		
152.500000	-613.612000		
153.000000	-613.668000		
153.500000	-613.680000		
154.000000	-613.939000		
154.500000	-613.914000		
155.000000	-613.904000		
155.500000	-613.839000		
156.000000	-614.133000		
156.500000	-614.133000		
157.000000	-613.955000		
157.500000	-614.165000		
158.000000	-614.346000		
158.500000	-614.130000		
159.000000	-614.007000		
159.500000	-614.064000		
160.000000	-613.933000		
160.500000	-613.634000		
161.000000	-613.578000		
161.500000	-613.775000		
162.000000	-613.910000		
162.500000	-614.201000		
163.000000	-613.913000		
163.500000	-613.772000		
164.000000	-613.962000		
164.500000	-613.699000		
165.000000	-613.600000		
165.500000	-613.614000		
166.000000	-613.633000		
166.500000	-613.538000		
167.000000	-613.948000		
167.500000	-613.952000		
168.000000	-613.857000		
168.500000	-613.812000		
169.000000	-613.989000		
169.500000	-613.910000		
170.000000	-614.059000		
170.500000	-614.096000		
171.000000	-613.892000		
171.500000	-614.023000		
172.000000	-614.029000		
172.500000	-613.895000		
173.000000	-614.344000		
173.500000	-614.018000		
174.000000	-613.569000		
174.500000	-613.754000		
175.000000	-613.526000		
175.500000	-613.562000		
176.000000	-613.822000		
176.500000	-613.981000		
177.000000	-613.713000		
177.500000	-613.964000		
178.000000	-614.090000		
178.500000	-613.550000		
179.000000	-613.857000		
179.500000	-613.687000		
180.000000	-613.357000		
180.500000	-613.689000		
181.000000	-613.506000		
181.500000	-613.447000		
182.000000	-613.770000		
182.500000	-613.981000		
183.000000	-613.989000		
183.500000	-614.048000		
184.000000	-613.620000		
184.500000	-613.524000		
185.000000	-613.863000		
185.500000	-613.471000		
186.000000	-613.524000		
186.500000	-613.686000		
187.000000	-613.497000		
187.500000	-613.260000		
188.000000	-613.714000		
188.500000	-613.666000		
189.000000	-613.639000		
189.500000	-613.536000		
190.000000	-613.465000		
190.500000	-613.991000		
191.000000	-613.983000		
191.500000	-613.900000		
192.000000	-613.821000		
192.500000	-613.951000		
193.000000	-613.684000		
193.500000	-613.831000		
194.000000	-613.799000		
194.500000	-613.782000		
195.000000	-613.712000		
195.500000	-613.618000		
196.000000	-613.558000		
196.500000	-613.682000		
197.000000	-613.528000		
197.500000	-613.290000		
198.000000	-613.733000		
198.500000	-613.785000		
199.000000	-613.717000		
199.500000	-614.043000		
200.000000	-613.945000		
200.500000	-613.850000		
201.000000	-613.894000		
201.500000	-613.650000		
202.000000	-613.639000		
202.500000	-613.845000		
203.000000	-613.755000		
203.500000	-613.855000		
204.000000	-613.863000		
204.500000	-613.916000		
205.000000	-613.866000		
205.500000	-613.978000		
206.000000	-613.658000		
206.500000	-613.865000		
207.000000	-613.934000		
207.500000	-613.499000		
208.000000	-613.829000		
208.500000	-613.738000		
209.000000	-613.795000		
209.500000	-613.933000		
210.000000	-613.954000		
210.500000	-614.197000		
211.000000	-613.927000		
211.500000	-613.509000		
212.000000	-613.827000		
212.500000	-614.013000		
213.000000	-613.725000		
213.500000	-614.155000		
214.000000	-614.154000		
214.500000	-613.859000		
215.000000	-613.904000		
215.500000	-613.933000		
216.000000	-613.871000		
216.500000	-613.949000		
217.000000	-613.896000		
217.500000	-613.856000		
218.000000	-613.908000		
218.500000	-613.794000		
219.000000	-613.804000		
219.500000	-613.853000		
220.000000	-614.039000		
220.500000	-614.089000		
221.000000	-613.923000		
221.500000	-613.720000		
222.000000	-613.766000		
222.500000	-613.950000		
223.000000	-613.814000		
223.500000	-613.916000		
224.000000	-614.083000		
224.500000	-613.607000		
225.000000	-613.587000		
225.500000	-613.648000		
226.000000	-613.735000		
226.500000	-613.629000		
227.000000	-613.648000		
227.500000	-613.725000		
228.000000	-613.774000		
228.500000	-613.451000		
229.000000	-613.642000		
229.500000	-613.786000		
230.000000	-613.889000		
230.500000	-613.880000		
231.000000	-613.600000		
231.500000	-613.651000		
232.000000	-614.065000		
232.500000	-613.877000		
233.000000	-613.769000		
233.500000	-613.747000		
234.000000	-613.728000		
234.500000	-613.922000		
235.000000	-613.644000		
235.500000	-613.734000		
236.000000	-613.899000		
236.500000	-613.804000		
237.000000	-613.688000		
237.500000	-613.851000		
238.000000	-613.783000		
238.500000	-614.157000		
239.000000	-614.157000		
239.500000	-614.214000		
240.000000	-613.772000		
240.500000	-613.773000		
241.000000	-613.808000		
241.500000	-613.808000		
242.000000	-614.082000		
242.500000	-613.927000		
243.000000	-613.885000		
243.500000	-614.090000		
244.000000	-614.227000		
244.500000	-614.350000		
245.000000	-613.836000		
245.500000	-613.866000		
246.000000	-613.897000		
246.500000	-613.809000		
247.000000	-614.002000		
247.500000	-614.116000		
248.000000	-613.765000		
248.500000	-613.813000		
249.000000	-614.073000		
249.500000	-613.968000		
250.000000	-614.029000		
250.500000	-613.857000		
251.000000	-613.949000		
251.500000	-613.968000		
252.000000	-614.028000		
252.500000	-613.854000		
253.000000	-613.661000		
253.500000	-613.883000		
254.000000	-613.977000		
254.500000	-613.810000		
255.000000	-613.646000		
255.500000	-614.055000		
256.000000	-614.113000		
256.500000	-614.064000		
257.000000	-614.225000		
257.500000	-614.255000		
258.000000	-614.108000		
258.500000	-614.193000		
259.000000	-614.016000		
259.500000	-614.096000		
260.000000	-613.989000		
260.500000	-613.582000		
261.000000	-613.812000		
261.500000	-614.077000		
262.000000	-614.092000		
262.500000	-614.144000		
263.000000	-613.700000		
263.500000	-614.049000		
264.000000	-614.252000		
264.500000	-613.986000		
265.000000	-614.266000		
265.500000	-613.981000		
266.000000	-613.747000		
266.500000	-613.754000		
267.000000	-613.897000		
267.500000	-614.118000		
268.000000	-614.137000		
268.500000	-614.035000		
269.000000	-614.022000		
269.500000	-614.248000		
270.000000	-614.346000		
270.500000	-614.576000		
271.000000	-614.015000		
271.500000	-614.602000		
272.000000	-614.642000		
272.500000	-614.140000		
273.000000	-613.986000		
273.500000	-614.016000		
274.000000	-614.060000		
274.500000	-614.466000		
275.000000	-614.229000		
275.500000	-613.998000		
276.000000	-614.199000		
276.500000	-613.982000		
277.000000	-614.342000		
277.500000	-614.440000		
278.000000	-614.319000		
278.500000	-614.403000		
279.000000	-614.251000		
279.500000	-614.458000		
280.000000	-614.634000		
280.500000	-614.382000		
281.000000	-614.603000		
281.500000	-614.633000		
282.000000	-614.698000		
282.500000	-614.507000		
283.000000	-614.381000		
283.500000	-614.402000		
284.000000	-614.282000		
284.500000	-614.204000		
285.000000	-614.368000		
285.500000	-614.454000		
286.000000	-614.339000		
286.500000	-614.595000		
287.000000	-614.363000		
287.500000	-614.253000		
288.000000	-614.415000		
288.500000	-614.309000		
289.000000	-614.549000		
289.500000	-614.446000		
290.000000	-614.724000		
290.500000	-614.599000		
291.000000	-614.414000		
291.500000	-614.370000		
292.000000	-614.491000		
292.500000	-614.282000		
293.000000	-614.378000		
293.500000	-614.668000		
294.000000	-614.028000		
294.500000	-614.284000		
295.000000	-614.353000		
295.500000	-614.538000		
296.000000	-614.444000		
296.500000	-614.117000		
297.000000	-614.464000		
297.500000	-614.684000		
298.000000	-614.303000		
298.500000	-614.460000		
299.000000	-614.566000		
299.500000	-614.603000		
300.000000	-614.479000		
300.500000	-614.711000		
301.000000	-614.780000		
301.500000	-614.519000		
302.000000	-614.468000		
302.500000	-614.529000		
303.000000	-614.361000		
303.500000	-614.494000		
304.000000	-614.599000		
304.500000	-614.507000		
305.000000	-614.594000		
305.500000	-614.743000		
306.000000	-614.860000		
306.500000	-614.777000		
307.000000	-614.462000		
307.500000	-614.721000		
308.000000	-614.533000		
308.500000	-614.543000		
309.000000	-614.755000		
309.500000	-614.433000		
310.000000	-614.581000		
310.500000	-614.567000		
311.000000	-614.568000		
311.500000	-614.731000		
312.000000	-614.527000		
312.500000	-614.327000		
313.000000	-614.639000		
313.500000	-614.568000		
314.000000	-614.791000		
314.500000	-614.716000		
315.000000	-614.616000		
315.500000	-614.865000		
316.000000	-614.688000		
316.500000	-614.589000		
317.000000	-614.752000		
317.500000	-614.657000		
318.000000	-614.740000		
318.500000	-614.788000		
319.000000	-614.909000		
319.500000	-615.326000		
320.000000	-615.184000		
320.500000	-615.330000		
321.000000	-615.269000		
321.500000	-614.918000		
322.000000	-615.108000		
322.500000	-614.817000		
323.000000	-614.846000		
323.500000	-615.267000		
324.000000	-615.031000		
324.500000	-615.160000		
325.000000	-614.969000		
325.500000	-615.069000		
326.000000	-615.043000		
326.500000	-614.773000		
327.000000	-615.044000		
327.500000	-615.240000		
328.000000	-615.136000		
328.500000	-615.439000		
329.000000	-615.111000		
329.500000	-615.300000		
330.000000	-615.312000		
330.500000	-615.076000		
331.000000	-615.240000		
331.500000	-615.152000		
332.000000	-614.947000		
332.500000	-615.053000		
333.000000	-614.933000		
333.500000	-615.059000		
334.000000	-615.102000		
334.500000	-615.215000		
335.000000	-615.078000		
335.500000	-615.082000		
336.000000	-615.353000		
336.500000	-615.286000		
337.000000	-615.468000		
337.500000	-615.690000		
338.000000	-615.224000		
338.500000	-615.184000		
339.000000	-615.321000		
339.500000	-615.335000		
340.000000	-615.187000		
340.500000	-615.187000		
341.000000	-615.299000		
341.500000	-615.421000		
342.000000	-615.446000		
342.500000	-615.385000		
343.000000	-615.616000		
343.500000	-615.321000		
344.000000	-615.197000		
344.500000	-615.423000		
345.000000	-615.739000		
345.500000	-615.393000		
346.000000	-615.452000		
346.500000	-615.463000		
347.000000	-615.075000		
347.500000	-615.315000		
348.000000	-615.815000		
348.500000	-615.494000		
349.000000	-615.455000		
349.500000	-615.441000		
350.000000	-615.608000		
350.500000	-615.627000		
351.000000	-615.881000		
351.500000	-615.558000		
352.000000	-615.392000		
352.500000	-615.427000		
353.000000	-615.511000		
353.500000	-615.482000		
354.000000	-615.513000		
354.500000	-615.561000		
355.000000	-615.487000		
355.500000	-615.548000		
356.000000	-615.526000		
356.500000	-615.446000		
357.000000	-615.652000		
357.500000	-615.628000		
358.000000	-615.522000		
358.500000	-615.554000		
359.000000	-615.563000		
359.500000	-615.668000		
360.000000	-615.649000		
360.500000	-615.634000		
361.000000	-615.757000		
361.500000	-615.611000		
362.000000	-615.811000		
362.500000	-615.822000		
363.000000	-616.104000		
363.500000	-615.749000		
364.000000	-615.971000		
364.500000	-616.119000		
365.000000	-615.957000		
365.500000	-615.532000		
366.000000	-615.853000		
366.500000	-616.074000		
367.000000	-616.022000		
367.500000	-615.932000		
368.000000	-616.125000		
368.500000	-616.002000		
369.000000	-615.977000		
369.500000	-616.129000		
370.000000	-615.909000		
370.500000	-615.892000		
371.000000	-616.387000		
371.500000	-616.195000		
372.000000	-616.295000		
372.500000	-616.416000		
373.000000	-616.332000		
373.500000	-616.228000		
374.000000	-616.104000		
374.500000	-615.929000		
375.000000	-616.263000		
375.500000	-616.210000		
376.000000	-616.151000		
376.500000	-616.124000		
377.000000	-616.328000		
377.500000	-616.293000		
378.000000	-616.205000		
378.500000	-616.551000		
379.000000	-616.731000		
379.500000	-616.570000		
380.000000	-616.591000		
380.500000	-616.454000		
381.000000	-616.652000		
381.500000	-616.920000		
382.000000	-616.783000		
382.500000	-616.959000		
383.000000	-616.931000		
383.500000	-616.922000		
384.000000	-617.022000		
384.500000	-616.922000		
385.000000	-616.954000		
385.500000	-617.017000		
386.000000	-617.211000		
386.500000	-617.085000		
387.000000	-617.157000		
387.500000	-617.284000		
388.000000	-617.017000		
388.500000	-617.025000		
389.000000	-617.250000		
389.500000	-617.207000		
390.000000	-617.081000		
390.500000	-617.325000		
391.000000	-617.600000		
391.500000	-617.476000		
392.000000	-617.181000		
392.500000	-617.548000		
393.000000	-617.831000		
393.500000	-617.652000		
394.000000	-617.737000		
394.500000	-617.412000		
395.000000	-617.608000		
395.500000	-617.593000		
396.000000	-617.705000		
396.500000	-617.942000		
397.000000	-617.828000		
397.500000	-617.852000		
398.000000	-617.816000		
398.500000	-617.956000		
399.000000	-618.301000		
399.500000	-618.292000		
400.000000	-618.567000		
400.500000	-618.228000		
401.000000	-618.356000		
401.500000	-618.604000		
402.000000	-618.564000		
402.500000	-618.736000		
403.000000	-619.121000		
403.500000	-619.139000		
404.000000	-619.021000		
404.500000	-619.044000		
405.000000	-619.656000		
405.500000	-619.446000		
406.000000	-619.452000		
406.500000	-619.578000		
407.000000	-619.783000		
407.500000	-619.838000		
408.000000	-619.867000		
408.500000	-619.955000		
409.000000	-619.845000		
409.500000	-619.562000		
410.000000	-620.004000		
410.500000	-619.937000		
411.000000	-619.862000		
411.500000	-619.952000		
412.000000	-619.930000		
412.500000	-620.052000		
413.000000	-619.948000		
413.500000	-619.884000		
414.000000	-619.990000		
414.500000	-619.784000		
415.000000	-619.767000		
415.500000	-619.454000		
416.000000	-619.755000		
416.500000	-619.499000		
417.000000	-619.370000		
417.500000	-619.268000		
418.000000	-619.116000		
418.500000	-619.151000		
419.000000	-619.116000		
419.500000	-619.012000		
420.000000	-619.042000		
420.500000	-618.793000		
421.000000	-618.241000		
421.500000	-618.150000		
422.000000	-618.005000		
422.500000	-618.245000		
423.000000	-617.996000		
423.500000	-618.098000		
424.000000	-618.048000		
424.500000	-617.803000		
425.000000	-617.945000		
425.500000	-617.598000		
426.000000	-617.492000		
426.500000	-617.614000		
427.000000	-617.407000		
427.500000	-617.433000		
428.000000	-617.325000		
428.500000	-617.105000		
429.000000	-617.050000		
429.500000	-616.796000		
430.000000	-617.002000		
430.500000	-616.877000		
431.000000	-616.607000		
431.500000	-616.786000		
432.000000	-616.478000		
432.500000	-616.542000		
433.000000	-616.333000		
433.500000	-616.392000		
434.000000	-616.247000		
434.500000	-616.350000		
435.000000	-616.390000		
435.500000	-616.335000		
436.000000	-616.115000		
436.500000	-616.233000		
437.000000	-616.123000		
437.500000	-616.289000		
438.000000	-616.121000		
438.500000	-616.060000		
439.000000	-615.689000		
439.500000	-615.532000		
440.000000	-615.738000		
440.500000	-615.605000		
441.000000	-615.934000		
441.500000	-615.724000		
442.000000	-616.025000		
442.500000	-615.736000		
443.000000	-615.414000		
443.500000	-615.560000		
444.000000	-615.515000		
444.500000	-615.404000		
445.000000	-615.402000		
445.500000	-615.403000		
446.000000	-615.252000		
446.500000	-615.292000		
447.000000	-615.179000		
447.500000	-615.173000		
448.000000	-615.255000		
448.500000	-615.120000		
449.000000	-614.952000		
449.500000	-614.781000		
450.000000	-614.528000		
450.500000	-614.396000		
451.000000	-614.341000		
451.500000	-614.634000		
452.000000	-614.844000		
452.500000	-614.610000		
453.000000	-614.445000		
453.500000	-614.638000		
454.000000	-614.410000		
454.500000	-614.196000		
455.000000	-614.302000		
455.500000	-614.185000		
456.000000	-614.507000		
456.500000	-614.291000		
457.000000	-614.090000		
457.500000	-614.233000		
458.000000	-614.094000		
458.500000	-613.903000		
459.000000	-613.852000		
459.500000	-614.087000		
460.000000	-614.079000		
460.500000	-613.946000		
461.000000	-613.639000		
461.500000	-613.407000		
462.000000	-613.535000		
462.500000	-613.368000		
463.000000	-613.473000		
463.500000	-613.539000		
464.000000	-613.580000		
464.500000	-613.733000		
465.000000	-613.472000		
465.500000	-613.518000		
466.000000	-613.393000		
466.500000	-613.159000		
467.000000	-613.380000		
467.500000	-613.485000		
468.000000	-613.912000		
468.500000	-613.291000		
469.000000	-613.208000		
469.500000	-613.205000		
470.000000	-613.193000		
470.500000	-613.481000		
471.000000	-613.348000		
471.500000	-612.901000		
472.000000	-612.989000		
472.500000	-612.881000		
473.000000	-612.953000		
473.500000	-613.116000		
474.000000	-613.101000		
474.500000	-613.091000		
475.000000	-613.093000		
475.500000	-612.971000		
476.000000	-612.955000		
476.500000	-613.212000		
477.000000	-612.965000		
477.500000	-612.711000		
478.000000	-612.650000		
478.500000	-612.863000		
479.000000	-612.844000		
479.500000	-612.815000		
480.000000	-612.735000		
480.500000	-612.776000		
481.000000	-612.611000		
481.500000	-612.313000		
482.000000	-612.187000		
482.500000	-612.415000		
483.000000	-612.467000		
483.500000	-612.442000		
484.000000	-612.553000		
484.500000	-612.524000		
485.000000	-612.206000		
485.500000	-612.369000		
486.000000	-611.952000		
486.500000	-612.073000		
487.000000	-612.526000		
487.500000	-612.402000		
488.000000	-612.257000		
488.500000	-612.127000		
489.000000	-611.820000		
489.500000	-611.805000		
490.000000	-611.923000		
490.500000	-611.895000		
491.000000	-611.787000		
491.500000	-611.904000		
492.000000	-611.900000		
492.500000	-611.850000		
493.000000	-611.833000		
493.500000	-611.404000		
494.000000	-611.410000		
494.500000	-611.876000		
495.000000	-612.014000		
495.499000	-611.753000		
496.000000	-611.683000		
496.500000	-611.443000		
497.000000	-611.565000		
497.500000	-611.798000		
498.000000	-611.609000		
498.500000	-611.627000		
499.000000	-611.358000		
499.500000	-611.315000		
500.000000	-611.536000		
500.500000	-611.544000		
500.999000	-611.471000		
501.500000	-611.259000		
502.000000	-611.043000		
502.500000	-611.514000		
503.000000	-611.294000		
503.500000	-611.438000		
504.000000	-611.576000		
504.500000	-611.812000		
505.000000	-611.523000		
505.500000	-611.140000		
506.000000	-611.335000		
506.500000	-611.181000		
507.000000	-611.339000		
507.500000	-611.188000		
508.000000	-611.066000		
508.500000	-611.322000		
509.000000	-611.228000		
509.500000	-610.870000		
509.999000	-611.022000		
510.500000	-611.252000		
511.000000	-611.104000		
511.500000	-611.177000		
512.000000	-611.193000		
512.500000	-610.987000		
513.000000	-611.321000		
513.500000	-611.148000		
514.000000	-611.038000		
514.500000	-611.106000		
515.000000	-611.089000		
515.500000	-611.213000		
516.000000	-611.034000		
516.500000	-611.112000		
517.000000	-610.999000		
517.500000	-610.980000		
518.000000	-611.060000		
518.500000	-611.059000		
519.000000	-610.789000		
519.500000	-610.662000		
520.000000	-610.508000		
520.500000	-611.185000		
521.000000	-610.940000		
521.500000	-610.895000		
522.000000	-610.756000		
522.500000	-610.847000		
523.000000	-610.514000		
523.500000	-610.420000		
524.000000	-610.768000		
524.500000	-610.826000		
525.000000	-610.897000		
525.500000	-610.510000		
526.000000	-610.851000		
526.500000	-610.836000		
527.000000	-610.645000		
527.500000	-610.841000		
528.000000	-610.621000		
528.500000	-610.516000		
529.000000	-610.308000		
529.500000	-610.552000		
530.000000	-610.434000		
530.500000	-610.596000		
531.000000	-610.587000		
531.500000	-610.715000		
532.000000	-610.280000		
532.500000	-610.128000		
533.000000	-610.071000		
533.500000	-610.404000		
534.000000	-610.372000		
534.500000	-610.354000		
535.000000	-610.324000		
535.500000	-610.016000		
536.000000	-610.082000		
536.500000	-610.167000		
537.000000	-610.515000		
537.500000	-610.285000		
538.000000	-609.989000		
538.500000	-610.083000		
539.000000	-610.292000		
539.500000	-610.357000		
540.000000	-610.018000		
540.500000	-609.940000		
541.000000	-610.197000		
541.500000	-610.469000		
542.000000	-609.957000		
542.500000	-609.609000		
543.000000	-610.076000		
543.500000	-609.912000		
544.000000	-609.878000		
544.500000	-609.953000		
545.000000	-609.740000		
545.500000	-610.107000		
546.000000	-610.286000		
546.500000	-610.035000		
547.000000	-610.135000		
547.500000	-610.102000		
548.000000	-610.163000		
548.500000	-610.075000		
549.000000	-610.279000		
549.500000	-610.087000		
550.000000	-609.931000		
550.500000	-609.919000		
551.000000	-609.885000		
551.500000	-610.116000		
552.000000	-609.960000		
552.500000	-609.843000		
553.000000	-609.770000		
553.500000	-609.954000		
554.000000	-610.036000		
554.500000	-609.714000		
555.000000	-609.788000		
555.500000	-609.712000		
556.000000	-609.993000		
556.500000	-610.302000		
557.000000	-610.499000		
557.500000	-610.380000		
558.000000	-610.255000		
558.500000	-610.083000		
559.000000	-610.093000		
559.500000	-610.133000		
560.000000	-610.575000		
560.500000	-610.270000		
561.000000	-610.351000		
561.500000	-610.363000		
562.000000	-610.260000		
562.500000	-610.426000		
563.000000	-610.219000		
563.500000	-610.255000		
564.000000	-610.336000		
564.500000	-610.200000		
565.000000	-610.336000		
565.500000	-610.343000		
566.000000	-610.256000		
566.500000	-610.197000		
567.000000	-610.492000		
567.500000	-610.352000		
568.000000	-610.328000		
568.500000	-610.108000		
569.000000	-610.150000		
569.500000	-610.271000		
570.000000	-610.524000		
570.500000	-610.292000		
571.000000	-610.308000		
571.500000	-610.136000		
572.000000	-610.338000		
572.500000	-610.128000		
573.000000	-610.394000		
573.500000	-610.059000		
574.000000	-610.061000		
574.500000	-610.570000		
575.000000	-610.593000		
575.500000	-610.390000		
576.000000	-610.110000		
576.500000	-610.477000		
577.000000	-610.193000		
577.500000	-610.171000		
578.000000	-610.144000		
578.500000	-610.015000		
579.000000	-610.386000		
579.500000	-610.119000		
580.000000	-610.216000		
580.500000	-610.078000		
581.000000	-610.121000		
581.500000	-610.063000		
582.000000	-610.205000		
582.500000	-609.906000		
583.000000	-609.985000		
583.500000	-609.964000		
584.000000	-610.215000		
584.500000	-609.852000		
585.000000	-610.295000		
585.500000	-609.943000		
586.000000	-610.136000		
586.500000	-610.011000		
587.000000	-609.987000		
587.500000	-610.090000		
588.000000	-609.879000		
588.500000	-610.169000		
589.000000	-610.093000		
589.500000	-609.915000		
590.000000	-610.228000		
590.500000	-610.048000		
591.000000	-610.328000		
591.500000	-609.922000		
592.000000	-610.233000		
592.500000	-609.937000		
593.000000	-609.682000		
593.500000	-609.991000		
594.000000	-610.052000		
594.500000	-610.117000		
595.000000	-609.991000		
595.500000	-610.228000		
596.000000	-610.072000		
596.500000	-609.848000		
597.000000	-610.014000		
597.500000	-610.016000		
598.000000	-609.985000		
598.500000	-609.955000		
599.000000	-609.933000		
599.500000	-609.682000		
600.000000	-609.936000		
600.500000	-609.878000		
601.000000	-609.825000		
601.500000	-609.696000		
602.000000	-609.888000		
602.500000	-610.143000		
603.000000	-609.903000		
603.500000	-609.816000		
604.000000	-609.868000		
604.500000	-609.888000		
605.000000	-609.882000		
605.500000	-609.849000		
606.000000	-610.182000		
606.499000	-609.686000		
607.000000	-609.647000		
607.500000	-609.646000		
608.000000	-609.507000		
608.500000	-609.640000		
609.000000	-609.846000		
609.500000	-609.648000		
610.000000	-609.817000		
610.500000	-609.860000		
611.000000	-609.761000		
611.500000	-609.403000		
612.000000	-609.517000		
612.500000	-609.507000		
613.000000	-609.624000		
613.500000	-609.298000		
614.000000	-609.381000		
614.500000	-609.441000		
615.000000	-609.474000		
615.500000	-609.332000		
616.000000	-609.309000		
616.500000	-609.356000		
617.000000	-609.296000		
617.500000	-609.204000		
618.000000	-609.248000		
618.500000	-609.142000		
619.000000	-609.402000		
619.500000	-609.654000		
620.000000	-609.652000		
620.500000	-609.354000		
621.000000	-609.283000		
621.500000	-609.430000		
622.000000	-609.413000		
622.500000	-609.594000		
