Date:	Mon, Nov 18, 2013		
measured by:	Rotem		
3-5mOhm Si-H, started 3min 40s after etch
30W 40W 0W
			
Time [s]	CPD stream	Light	SPV
0.000000	-787.539000		
0.499000	-787.534000		
0.999000	-787.802000		
1.499000	-787.337000		
1.999000	-787.536000		
2.500000	-787.660000		
2.999000	-787.495000		
3.499000	-787.665000		
3.999000	-787.548000		
4.499000	-787.341000		
4.999000	-786.831000		
5.499000	-786.577000		
5.999000	-786.740000		
6.499000	-786.887000		
6.999000	-787.079000		
7.499000	-786.959000		
7.999000	-787.018000		
8.499000	-786.791000		
8.999000	-786.928000		
9.499000	-787.146000		
9.999000	-787.005000		
10.499000	-786.801000		
10.999000	-786.506000		
11.499000	-786.360000		
11.999000	-786.640000		
12.499000	-786.319000		
12.999000	-786.350000		
13.499000	-786.246000		
13.999000	-785.741000		
14.499000	-786.196000		
14.999000	-786.248000		
15.499000	-786.372000		
15.999000	-786.303000		
16.499000	-786.279000		
16.999000	-786.341000		
17.499000	-786.088000		
17.999000	-786.629000		
18.499000	-786.403000		
18.999000	-786.260000		
19.499000	-786.507000		
19.999000	-786.304000		
20.499000	-786.460000		
20.999000	-786.563000		
21.499000	-786.683000		
21.999000	-786.516000		
22.499000	-786.246000		
22.999000	-786.002000		
23.499000	-785.922000		
23.999000	-786.091000		
24.499000	-786.231000		
24.999000	-786.064000		
25.499000	-785.917000		
25.999000	-785.681000		
26.499000	-785.825000		
26.999000	-786.107000		
27.499000	-786.568000		
27.999000	-786.535000		
28.499000	-786.343000		
28.999000	-786.070000		
29.499000	-785.761000		
29.999000	-785.835000		
30.499000	-785.817000		
30.999000	-785.417000		
31.499000	-785.476000		
31.999000	-785.499000		
32.499000	-785.623000		
32.999000	-785.353000		
33.499000	-785.719000		
33.999000	-786.010000		
34.499000	-785.912000		
34.999000	-786.170000		
35.499000	-786.309000		
35.999000	-786.384000		
36.499000	-786.247000		
36.999000	-786.054000		
37.499000	-786.028000		
37.999000	-786.162000		
38.499000	-786.221000		
38.999000	-785.929000		
39.499000	-785.810000		
39.999000	-785.670000		
40.499000	-785.380000		
40.999000	-785.706000		
41.499000	-785.742000		
41.999000	-785.139000		
42.499000	-785.060000		
42.999000	-785.407000		
43.499000	-785.823000		
43.999000	-785.930000		
44.499000	-785.956000		
44.999000	-786.082000		
45.499000	-785.487000		
45.999000	-785.526000		
46.499000	-785.378000		
46.999000	-785.216000		
47.499000	-785.182000		
47.999000	-784.990000		
48.499000	-785.041000		
48.999000	-784.911000		
49.499000	-785.295000		
49.999000	-785.243000		
50.499000	-785.065000		
50.999000	-785.044000		
51.499000	-784.612000		
51.999000	-784.352000		
52.499000	-784.262000		
52.999000	-784.598000		
53.499000	-784.766000		
53.999000	-784.525000		
54.499000	-784.739000		
54.999000	-784.648000		
55.499000	-784.621000		
55.999000	-784.603000		
56.499000	-784.106000		
56.999000	-784.089000		
57.499000	-784.114000		
57.999000	-784.028000		
58.499000	-784.090000		
58.999000	-784.009000		
59.499000	-783.866000		
59.999000	-783.953000		
60.499000	-784.225000		
60.999000	-784.126000		
61.499000	-783.821000		
61.999000	-783.835000		
62.499000	-783.711000		
62.999000	-783.676000		
63.499000	-783.695000		
63.999000	-783.907000		
64.499000	-783.789000		
64.999000	-784.139000		
65.499000	-784.186000		
65.999000	-784.145000		
66.499000	-784.043000		
66.999000	-784.086000		
67.499000	-783.632000		
67.999000	-783.373000		
68.499000	-783.579000		
68.999000	-783.737000		
69.499000	-783.658000		
69.999000	-783.497000		
70.499000	-783.630000		
70.999000	-783.845000		
71.499000	-783.752000		
71.999000	-783.847000		
72.499000	-783.861000		
72.999000	-783.840000		
73.499000	-783.671000		
73.999000	-783.694000		
74.499000	-783.891000		
74.999000	-783.630000		
75.499000	-783.617000		
75.999000	-783.807000		
76.499000	-784.094000		
76.999000	-783.896000		
77.499000	-783.585000		
77.999000	-783.480000		
78.499000	-783.333000		
78.999000	-783.119000		
79.499000	-783.167000		
79.999000	-783.279000		
80.499000	-782.995000		
80.999000	-782.810000		
81.499000	-782.930000		
81.999000	-782.653000		
82.499000	-782.255000		
82.999000	-782.064000		
83.499000	-782.062000		
83.999000	-781.998000		
84.499000	-782.324000		
84.999000	-782.146000		
85.499000	-782.255000		
85.999000	-782.231000		
86.499000	-782.116000		
86.999000	-782.488000		
87.499000	-782.594000		
87.999000	-782.584000		
88.499000	-782.763000		
88.999000	-782.612000		
89.499000	-782.608000		
89.999000	-782.608000		
90.499000	-782.691000		
90.999000	-782.472000		
91.499000	-782.294000		
91.999000	-782.071000		
92.499000	-781.999000		
92.999000	-781.847000		
93.499000	-782.079000		
93.999000	-781.694000		
94.499000	-781.877000		
94.999000	-781.665000		
95.499000	-781.579000		
95.999000	-781.586000		
96.499000	-781.497000		
96.999000	-781.669000		
97.499000	-781.675000		
97.999000	-781.976000		
98.499000	-782.085000		
98.999000	-781.598000		
99.499000	-781.843000		
99.999000	-782.226000		
100.499000	-782.027000		
100.999000	-782.225000		
101.499000	-782.020000		
101.999000	-782.104000		
102.499000	-781.989000		
102.999000	-782.067000		
103.499000	-782.190000		
103.999000	-781.671000		
104.499000	-781.546000		
104.999000	-781.585000		
105.499000	-781.498000		
105.999000	-781.510000		
106.499000	-781.593000		
106.999000	-781.419000		
107.499000	-781.080000		
107.999000	-780.642000		
108.499000	-780.814000		
108.999000	-780.749000		
109.499000	-781.084000		
109.999000	-781.318000		
110.499000	-780.978000		
110.999000	-781.161000		
111.499000	-781.181000		
111.999000	-781.225000		
112.499000	-781.186000		
112.999000	-781.397000		
113.499000	-781.446000		
113.999000	-780.975000		
114.499000	-781.065000		
114.999000	-781.049000		
115.499000	-781.050000		
115.999000	-781.067000		
116.499000	-780.899000		
116.999000	-780.604000		
117.499000	-780.645000		
117.999000	-780.769000		
118.499000	-780.616000		
118.999000	-780.911000		
119.499000	-780.829000		
119.999000	-780.584000		
120.499000	-780.638000		
120.999000	-780.820000		
121.499000	-780.540000		
121.999000	-780.457000		
122.499000	-780.973000		
122.999000	-780.831000		
123.499000	-781.124000		
123.999000	-781.102000		
124.499000	-780.758000		
124.999000	-780.705000		
125.499000	-780.666000		
125.999000	-780.610000		
126.499000	-780.454000		
126.999000	-780.408000		
127.499000	-780.419000		
127.999000	-780.363000		
128.499000	-780.447000		
128.999000	-780.467000		
129.499000	-780.018000		
129.999000	-780.312000		
130.499000	-780.020000		
130.999000	-780.001000		
131.499000	-779.860000		
131.999000	-779.646000		
132.499000	-779.606000		
132.999000	-779.555000		
133.499000	-779.343000		
133.999000	-779.833000		
134.499000	-779.774000		
134.999000	-779.760000		
135.499000	-779.989000		
135.999000	-779.938000		
136.499000	-780.019000		
136.999000	-779.650000		
137.499000	-779.546000		
137.999000	-779.571000		
138.499000	-779.608000		
138.999000	-780.065000		
139.499000	-780.134000		
139.999000	-780.383000		
140.499000	-780.722000		
140.999000	-780.282000		
141.499000	-780.427000		
141.999000	-780.463000		
142.499000	-780.047000		
142.999000	-780.260000		
143.499000	-779.824000		
143.999000	-779.702000		
144.499000	-779.794000		
144.999000	-779.732000		
145.499000	-779.825000		
145.999000	-779.821000		
146.499000	-779.956000		
146.999000	-779.735000		
147.499000	-779.726000		
147.999000	-779.668000		
148.499000	-779.699000		
148.999000	-780.056000		
149.499000	-780.295000		
149.999000	-780.070000		
150.499000	-779.837000		
150.999000	-780.245000		
151.499000	-779.889000		
151.999000	-779.765000		
152.499000	-779.426000		
152.999000	-779.249000		
153.499000	-779.408000		
153.999000	-779.332000		
154.499000	-779.357000		
154.999000	-779.374000		
155.499000	-779.439000		
155.999000	-779.885000		
156.499000	-779.696000		
156.999000	-779.642000		
157.499000	-779.868000		
157.999000	-779.547000		
158.499000	-779.787000		
158.999000	-779.690000		
159.499000	-779.445000		
159.999000	-779.544000		
160.499000	-779.277000		
160.999000	-779.157000		
161.499000	-779.268000		
161.999000	-779.343000		
162.499000	-779.167000		
162.999000	-779.466000		
163.499000	-779.491000		
163.999000	-779.487000		
164.499000	-779.352000		
164.999000	-779.560000		
165.499000	-779.523000		
165.999000	-779.575000		
166.499000	-779.596000		
166.999000	-779.708000		
167.499000	-779.927000		
167.999000	-779.881000		
168.499000	-779.762000		
168.999000	-779.818000		
169.499000	-780.263000		
169.999000	-780.160000		
170.499000	-780.166000		
170.999000	-779.988000		
171.499000	-779.658000		
171.999000	-779.474000		
172.499000	-779.578000		
172.999000	-779.915000		
173.499000	-779.731000		
173.999000	-779.485000		
174.499000	-779.146000		
174.999000	-779.207000		
175.499000	-779.138000		
175.999000	-779.026000		
176.499000	-779.006000		
176.999000	-778.852000		
177.499000	-778.548000		
177.999000	-778.917000		
178.499000	-778.823000		
178.999000	-778.835000		
179.499000	-778.690000		
179.999000	-778.746000		
180.499000	-778.529000		
180.999000	-778.552000		
181.499000	-778.495000		
181.999000	-778.575000		
182.499000	-778.340000		
182.999000	-778.110000		
183.499000	-777.921000		
183.999000	-778.137000		
184.499000	-778.569000		
184.999000	-778.337000		
185.499000	-778.017000		
185.999000	-778.269000		
186.499000	-778.255000		
186.999000	-778.174000		
187.499000	-778.543000		
187.999000	-778.520000		
188.499000	-778.637000		
188.999000	-778.641000		
189.499000	-778.657000		
189.999000	-778.383000		
190.499000	-777.852000		
190.999000	-777.978000		
191.499000	-777.903000		
191.999000	-778.045000		
192.499000	-778.183000		
192.999000	-777.869000		
193.499000	-777.947000		
193.999000	-778.280000		
194.499000	-778.345000		
194.999000	-778.160000		
195.499000	-778.032000		
195.999000	-778.023000		
196.499000	-778.028000		
196.999000	-777.550000		
197.499000	-777.662000		
197.999000	-777.671000		
198.499000	-777.613000		
198.999000	-777.696000		
199.499000	-777.710000		
199.999000	-777.461000		
200.499000	-777.555000		
200.999000	-777.365000		
201.499000	-777.509000		
201.999000	-777.394000		
202.499000	-777.436000		
202.999000	-777.822000		
203.499000	-777.907000		
203.999000	-778.132000		
204.499000	-777.794000		
204.999000	-778.280000		
205.499000	-778.346000		
205.999000	-778.385000		
206.499000	-778.082000		
206.999000	-777.976000		
207.499000	-777.651000		
207.999000	-777.815000		
208.499000	-777.544000		
208.999000	-777.182000		
209.499000	-777.306000		
209.999000	-777.060000		
210.499000	-777.117000		
210.999000	-776.994000		
211.499000	-776.945000		
211.999000	-776.769000		
212.499000	-777.001000		
212.999000	-776.889000		
213.499000	-776.798000		
213.999000	-777.113000		
214.499000	-777.110000		
214.999000	-776.744000		
215.499000	-776.614000		
215.999000	-776.851000		
216.499000	-776.962000		
216.999000	-776.614000		
217.499000	-776.768000		
217.999000	-776.806000		
218.499000	-776.920000		
218.999000	-777.017000		
219.499000	-776.602000		
219.999000	-776.587000		
220.499000	-776.678000		
220.999000	-776.770000		
221.499000	-777.158000		
221.999000	-776.875000		
222.499000	-776.737000		
222.999000	-776.336000		
223.499000	-776.355000		
223.999000	-776.645000		
224.499000	-776.654000		
224.999000	-776.487000		
225.499000	-776.524000		
225.999000	-776.015000		
226.499000	-776.345000		
226.999000	-776.340000		
227.499000	-776.352000		
227.999000	-776.689000		
228.499000	-776.516000		
228.999000	-776.347000		
229.499000	-776.673000		
229.999000	-776.973000		
230.499000	-776.776000		
230.999000	-776.972000		
231.499000	-776.866000		
231.999000	-776.668000		
232.499000	-776.586000		
232.999000	-776.602000		
233.499000	-776.475000		
233.999000	-776.433000		
234.499000	-776.219000		
234.999000	-776.127000		
235.499000	-776.432000		
235.999000	-776.596000		
236.499000	-776.479000		
236.999000	-776.296000		
237.499000	-776.640000		
237.999000	-776.465000		
238.499000	-776.375000		
238.999000	-776.453000		
239.499000	-776.281000		
239.999000	-775.983000		
240.499000	-776.294000		
240.999000	-775.659000		
241.499000	-775.777000		
241.999000	-775.386000		
242.499000	-775.392000		
242.999000	-775.616000		
243.499000	-775.367000		
243.999000	-775.589000		
244.499000	-775.664000		
244.999000	-775.447000		
245.499000	-775.409000		
245.999000	-775.384000		
246.499000	-775.298000		
246.999000	-775.828000		
247.499000	-775.606000		
247.999000	-775.481000		
248.499000	-775.446000		
248.999000	-775.373000		
249.499000	-775.235000		
249.999000	-775.078000		
250.499000	-775.297000		
250.999000	-775.122000		
251.499000	-774.793000		
251.999000	-775.164000		
252.499000	-774.791000		
252.999000	-774.549000		
253.499000	-774.877000		
253.999000	-774.599000		
254.499000	-774.505000		
254.999000	-774.489000		
255.499000	-774.530000		
255.999000	-774.795000		
256.499000	-775.135000		
256.999000	-774.993000		
257.499000	-775.156000		
257.999000	-775.091000		
258.499000	-774.937000		
258.999000	-774.986000		
259.499000	-775.030000		
259.999000	-775.342000		
260.499000	-775.306000		
260.999000	-775.088000		
261.499000	-775.436000		
261.999000	-775.238000		
262.499000	-775.063000		
262.999000	-774.996000		
263.499000	-775.144000		
263.999000	-775.379000		
264.499000	-775.174000		
264.999000	-775.100000		
265.499000	-774.917000		
265.999000	-774.726000		
266.499000	-774.685000		
266.999000	-774.574000		
267.499000	-774.482000		
267.999000	-774.441000		
268.499000	-774.577000		
268.999000	-774.420000		
269.499000	-774.919000		
269.999000	-775.082000		
270.499000	-775.113000		
270.999000	-775.050000		
271.499000	-774.583000		
271.999000	-774.895000		
272.499000	-775.287000		
272.999000	-775.232000		
273.499000	-775.598000		
273.999000	-775.482000		
274.499000	-775.460000		
274.999000	-775.638000		
275.499000	-775.428000		
275.999000	-775.257000		
276.499000	-775.094000		
276.999000	-774.750000		
277.499000	-774.878000		
277.999000	-775.065000		
278.499000	-775.152000		
278.999000	-775.081000		
279.499000	-775.333000		
279.999000	-775.203000		
280.499000	-774.851000		
280.999000	-774.503000		
281.499000	-774.612000		
281.999000	-774.946000		
282.499000	-774.835000		
282.999000	-775.084000		
283.499000	-775.235000		
283.999000	-775.213000		
284.499000	-775.006000		
284.999000	-774.900000		
285.499000	-774.911000		
285.999000	-775.146000		
286.499000	-775.202000		
286.999000	-775.148000		
287.499000	-775.164000		
287.999000	-774.836000		
288.499000	-774.839000		
288.999000	-774.870000		
289.499000	-774.665000		
289.999000	-774.766000		
290.499000	-774.768000		
290.999000	-774.395000		
291.499000	-774.213000		
291.999000	-774.162000		
292.499000	-774.351000		
292.999000	-774.797000		
293.499000	-774.621000		
293.999000	-774.551000		
294.499000	-774.628000		
294.999000	-774.819000		
295.499000	-775.000000		
295.999000	-775.197000		
296.499000	-775.184000		
296.999000	-775.169000		
297.499000	-775.131000		
297.999000	-775.109000		
298.499000	-774.664000		
298.999000	-774.376000		
299.499000	-774.566000		
299.999000	-774.512000		
300.499000	-774.401000		
300.999000	-774.172000		
301.499000	-773.775000		
301.999000	-774.103000		
302.499000	-774.175000		
302.999000	-773.981000		
303.499000	-774.151000		
303.999000	-774.143000		
304.499000	-774.181000		
304.999000	-774.521000		
305.499000	-774.530000		
305.999000	-774.308000		
306.499000	-774.664000		
306.999000	-774.329000		
307.499000	-774.416000		
307.999000	-774.496000		
308.499000	-774.756000		
308.999000	-774.650000		
309.499000	-774.685000		
309.999000	-774.820000		
310.499000	-774.791000		
310.999000	-774.553000		
311.499000	-774.717000		
311.999000	-775.024000		
312.499000	-774.811000		
312.999000	-774.936000		
313.499000	-774.443000		
313.999000	-774.335000		
314.499000	-774.094000		
314.999000	-773.725000		
315.499000	-773.651000		
315.999000	-773.875000		
316.499000	-773.860000		
316.999000	-773.901000		
317.499000	-774.030000		
317.999000	-774.085000		
318.499000	-774.134000		
318.999000	-773.888000		
319.499000	-774.059000		
319.999000	-774.218000		
320.499000	-774.347000		
320.999000	-774.779000		
321.499000	-774.996000		
321.999000	-774.679000		
322.499000	-774.817000		
322.999000	-774.871000		
323.499000	-774.436000		
323.999000	-774.407000		
324.499000	-774.152000		
324.999000	-774.085000		
325.499000	-773.943000		
325.999000	-773.897000		
326.499000	-773.989000		
326.999000	-773.715000		
327.499000	-773.729000		
327.999000	-773.693000		
328.499000	-773.676000		
328.999000	-773.741000		
329.499000	-773.940000		
329.999000	-773.772000		
330.499000	-774.045000		
330.999000	-773.966000		
331.499000	-774.126000		
331.999000	-774.456000		
332.499000	-774.250000		
332.999000	-774.051000		
333.499000	-774.190000		
333.999000	-774.277000		
334.499000	-774.522000		
334.999000	-774.604000		
335.499000	-774.615000		
335.999000	-774.261000		
336.499000	-774.258000		
336.999000	-774.307000		
337.499000	-774.327000		
337.999000	-774.178000		
338.499000	-774.174000		
338.999000	-774.392000		
339.499000	-774.111000		
339.999000	-773.965000		
340.499000	-774.098000		
340.999000	-773.739000		
341.499000	-773.466000		
341.999000	-773.682000		
342.499000	-773.937000		
342.999000	-773.724000		
343.499000	-773.276000		
343.999000	-773.308000		
344.499000	-773.461000		
344.999000	-773.580000		
345.499000	-773.838000		
345.999000	-774.086000		
346.499000	-773.899000		
346.999000	-773.746000		
347.499000	-773.641000		
347.999000	-773.616000		
348.499000	-773.352000		
348.999000	-773.335000		
349.499000	-773.145000		
349.999000	-772.897000		
350.499000	-772.989000		
350.999000	-772.935000		
351.499000	-772.958000		
351.999000	-772.669000		
352.499000	-772.627000		
352.999000	-772.892000		
353.499000	-773.100000		
353.999000	-772.919000		
354.499000	-773.144000		
354.999000	-773.350000		
355.499000	-773.478000		
355.999000	-773.539000		
356.499000	-773.357000		
356.999000	-773.270000		
357.499000	-773.257000		
357.999000	-773.524000		
358.499000	-773.443000		
358.999000	-773.052000		
359.499000	-772.853000		
359.999000	-772.323000		
360.499000	-772.622000		
360.999000	-772.665000		
361.499000	-772.580000		
361.999000	-772.501000		
362.499000	-772.767000		
362.999000	-772.684000		
363.499000	-773.076000		
363.999000	-773.541000		
364.499000	-773.508000		
364.999000	-773.472000		
365.499000	-773.699000		
365.999000	-773.253000		
366.499000	-773.307000		
366.999000	-772.985000		
367.499000	-772.645000		
367.999000	-772.450000		
368.499000	-772.419000		
368.999000	-771.981000		
369.499000	-771.917000		
369.999000	-771.933000		
370.499000	-771.660000		
370.999000	-771.563000		
371.499000	-771.290000		
371.999000	-771.544000		
372.499000	-771.729000		
372.999000	-771.883000		
373.499000	-772.445000		
373.999000	-772.135000		
374.499000	-772.349000		
374.999000	-772.421000		
375.499000	-772.242000		
375.999000	-772.181000		
376.499000	-771.896000		
376.999000	-771.298000		
377.499000	-771.631000		
377.999000	-771.587000		
378.499000	-771.289000		
378.999000	-771.221000		
379.499000	-770.854000		
379.999000	-770.931000		
380.499000	-771.336000		
380.999000	-771.455000		
381.499000	-771.924000		
381.999000	-771.847000		
382.499000	-771.812000		
382.999000	-772.067000		
383.499000	-772.272000		
383.999000	-772.389000		
384.499000	-772.747000		
384.999000	-772.592000		
385.499000	-772.235000		
385.999000	-772.390000		
386.499000	-772.504000		
386.999000	-772.210000		
387.499000	-772.006000		
387.999000	-771.806000		
388.499000	-772.023000		
388.999000	-772.237000		
389.499000	-772.266000		
389.999000	-772.019000		
390.499000	-771.767000		
390.999000	-771.624000		
391.499000	-771.643000		
391.999000	-771.610000		
392.499000	-771.769000		
392.999000	-772.053000		
393.499000	-771.764000		
393.999000	-772.033000		
394.499000	-772.360000		
394.999000	-772.215000		
395.499000	-772.100000		
395.999000	-772.314000		
396.499000	-771.986000		
396.999000	-772.164000		
397.499000	-772.686000		
397.999000	-772.036000		
398.499000	-772.058000		
398.999000	-772.179000		
399.499000	-772.125000		
399.999000	-771.899000		
400.499000	-772.043000		
400.999000	-772.181000		
401.499000	-772.167000		
401.999000	-772.022000		
402.499000	-772.115000		
402.999000	-771.699000		
403.499000	-771.624000		
403.999000	-772.095000		
404.499000	-772.136000		
404.999000	-771.842000		
405.499000	-771.991000		
405.999000	-771.887000		
406.499000	-771.930000		
406.999000	-772.151000		
407.499000	-772.024000		
407.999000	-771.926000		
408.499000	-771.838000		
408.999000	-771.836000		
409.499000	-771.810000		
409.999000	-771.885000		
410.499000	-771.656000		
410.999000	-771.509000		
411.499000	-771.654000		
411.999000	-771.986000		
412.499000	-772.074000		
412.999000	-771.870000		
413.499000	-771.662000		
413.999000	-771.667000		
414.499000	-771.243000		
414.999000	-771.331000		
415.499000	-771.921000		
415.999000	-771.758000		
416.499000	-771.614000		
416.999000	-771.603000		
417.499000	-771.329000		
417.999000	-771.277000		
418.499000	-771.394000		
418.999000	-771.480000		
419.499000	-771.499000		
419.999000	-771.497000		
420.499000	-771.528000		
420.999000	-771.486000		
421.499000	-771.289000		
421.999000	-771.012000		
422.499000	-771.003000		
422.999000	-770.865000		
423.499000	-771.154000		
423.999000	-771.139000		
424.499000	-770.704000		
424.999000	-770.946000		
425.499000	-770.595000		
425.999000	-770.568000		
426.499000	-770.452000		
426.999000	-770.443000		
427.499000	-770.533000		
427.999000	-770.635000		
428.499000	-770.483000		
428.999000	-770.728000		
429.499000	-771.073000		
429.999000	-770.815000		
430.499000	-770.766000		
430.999000	-770.977000		
431.499000	-770.638000		
431.999000	-770.821000		
432.499000	-770.873000		
432.999000	-770.645000		
433.499000	-770.819000		
433.999000	-770.915000		
434.499000	-770.955000		
434.999000	-771.121000		
435.499000	-771.015000		
435.999000	-771.351000		
436.499000	-771.267000		
436.999000	-771.291000		
437.499000	-771.313000		
437.999000	-771.057000		
438.499000	-770.843000		
438.999000	-770.806000		
439.499000	-770.673000		
439.999000	-770.676000		
440.499000	-770.724000		
440.999000	-770.672000		
441.499000	-770.598000		
441.999000	-770.517000		
442.499000	-770.650000		
442.999000	-771.000000		
443.499000	-771.386000		
443.999000	-771.148000		
444.499000	-771.110000		
444.999000	-771.060000		
445.499000	-771.372000		
445.999000	-771.232000		
446.499000	-771.339000		
446.999000	-770.739000		
447.499000	-770.273000		
447.999000	-770.010000		
448.499000	-770.191000		
448.999000	-770.379000		
449.499000	-770.447000		
449.999000	-770.734000		
450.499000	-770.308000		
450.999000	-770.383000		
451.499000	-770.410000		
451.999000	-770.310000		
452.499000	-770.329000		
452.999000	-770.456000		
453.499000	-770.609000		
453.999000	-771.296000		
454.499000	-771.999000		
454.999000	-772.472000		
455.499000	-773.039000		
455.999000	-773.814000		
456.499000	-774.417000		
457.000000	-774.656000		
457.500000	-775.420000		
458.000000	-775.526000		
458.499000	-776.029000		
459.000000	-775.886000		
459.499000	-776.284000		
459.999000	-776.475000		
460.500000	-776.527000		
461.000000	-777.235000		
461.500000	-777.458000		
462.000000	-777.824000		
462.500000	-777.816000		
463.000000	-778.063000		
463.500000	-778.271000		
464.000000	-778.571000		
464.500000	-778.591000		
465.000000	-778.299000		
465.500000	-778.556000		
466.000000	-778.532000		
466.500000	-778.837000		
467.000000	-779.050000		
467.500000	-779.253000		
468.000000	-779.366000		
468.500000	-779.226000		
469.000000	-779.334000		
469.500000	-779.593000		
470.000000	-779.101000		
470.500000	-779.282000		
471.000000	-779.175000		
471.500000	-779.022000		
472.000000	-779.111000		
472.500000	-778.785000		
473.000000	-778.511000		
473.500000	-778.634000		
474.000000	-778.916000		
474.500000	-778.938000		
475.000000	-779.016000		
475.500000	-779.075000		
476.000000	-778.801000		
476.500000	-778.658000		
477.000000	-778.956000		
477.500000	-778.841000		
478.000000	-778.930000		
478.500000	-779.029000		
479.000000	-779.286000		
479.500000	-779.308000		
480.000000	-779.497000		
480.500000	-779.370000		
481.000000	-779.308000		
481.500000	-779.236000		
482.000000	-779.369000		
482.500000	-779.372000		
483.000000	-779.544000		
483.500000	-779.319000		
484.000000	-779.516000		
484.500000	-779.202000		
485.000000	-779.274000		
485.500000	-779.562000		
486.000000	-779.582000		
486.500000	-779.598000		
487.000000	-779.465000		
487.500000	-778.842000		
488.000000	-778.600000		
488.500000	-778.568000		
489.000000	-778.351000		
489.500000	-777.869000		
490.000000	-777.532000		
490.500000	-777.322000		
491.000000	-776.878000		
491.500000	-776.822000		
492.000000	-776.930000		
492.500000	-776.329000		
493.000000	-776.093000		
493.500000	-775.782000		
494.000000	-775.740000		
494.500000	-775.255000		
494.999000	-774.580000		
495.499000	-774.702000		
495.999000	-774.506000		
496.499000	-774.487000		
496.999000	-774.590000		
497.499000	-774.405000		
497.999000	-773.848000		
498.499000	-773.757000		
498.999000	-773.567000		
499.499000	-773.760000		
499.999000	-773.882000		
500.499000	-773.311000		
500.999000	-773.539000		
501.499000	-773.459000		
501.999000	-772.796000		
502.499000	-772.585000		
502.999000	-772.525000		
503.499000	-771.998000		
503.999000	-771.897000		
504.499000	-771.823000		
504.999000	-771.502000		
505.499000	-771.372000		
505.999000	-771.155000		
506.499000	-771.541000		
506.999000	-771.242000		
507.499000	-771.244000		
507.999000	-771.354000		
508.499000	-771.080000		
508.999000	-770.594000		
509.499000	-770.567000		
509.999000	-770.824000		
510.499000	-770.357000		
510.999000	-770.364000		
511.499000	-770.150000		
511.999000	-770.230000		
512.499000	-770.274000		
512.999000	-770.557000		
513.499000	-770.373000		
513.999000	-770.176000		
514.500000	-769.970000		
514.999000	-770.190000		
515.499000	-769.993000		
515.999000	-769.992000		
516.499000	-769.804000		
516.999000	-769.628000		
517.499000	-769.140000		
517.999000	-769.393000		
518.499000	-769.698000		
518.999000	-769.907000		
519.499000	-769.577000		
519.999000	-769.594000		
520.499000	-769.482000		
520.999000	-769.372000		
521.499000	-768.840000		
521.999000	-769.054000		
522.499000	-768.720000		
522.999000	-768.708000		
523.499000	-768.730000		
523.999000	-768.508000		
524.499000	-768.165000		
524.999000	-768.221000		
525.499000	-768.213000		
525.999000	-768.304000		
526.499000	-768.221000		
526.999000	-768.567000		
527.499000	-768.746000		
527.999000	-768.696000		
528.499000	-768.444000		
528.999000	-768.264000		
529.499000	-768.042000		
529.999000	-768.260000		
530.499000	-768.102000		
530.999000	-767.415000		
531.499000	-767.401000		
531.999000	-767.548000		
532.499000	-767.859000		
532.999000	-767.896000		
533.499000	-768.178000		
533.999000	-767.949000		
534.499000	-768.135000		
534.999000	-768.186000		
535.499000	-768.370000		
535.999000	-768.348000		
536.499000	-768.026000		
536.999000	-767.524000		
537.499000	-767.241000		
537.999000	-766.994000		
538.499000	-766.920000		
538.999000	-766.735000		
539.499000	-766.897000		
539.999000	-767.008000		
540.499000	-767.357000		
540.999000	-767.249000		
541.499000	-767.190000		
541.999000	-767.304000		
542.499000	-767.172000		
542.999000	-767.127000		
543.499000	-766.998000		
543.999000	-767.188000		
544.499000	-766.880000		
544.999000	-766.903000		
545.499000	-766.617000		
545.999000	-766.838000		
546.499000	-766.852000		
546.999000	-766.836000		
547.499000	-766.816000		
547.999000	-766.795000		
548.499000	-766.887000		
548.999000	-766.903000		
549.499000	-766.949000		
549.999000	-766.970000		
550.499000	-767.247000		
550.999000	-767.225000		
551.499000	-767.493000		
551.999000	-767.396000		
552.499000	-767.445000		
552.999000	-767.422000		
553.499000	-768.045000		
553.999000	-767.786000		
554.499000	-768.038000		
554.999000	-768.080000		
555.499000	-767.910000		
555.999000	-768.194000		
556.499000	-768.331000		
556.999000	-768.923000		
557.499000	-768.783000		
557.999000	-768.949000		
558.499000	-768.643000		
558.999000	-768.935000		
559.499000	-768.834000		
559.999000	-768.911000		
560.499000	-769.217000		
560.999000	-769.157000		
561.499000	-769.019000		
561.999000	-769.149000		
562.499000	-768.973000		
562.999000	-769.120000		
563.499000	-769.066000		
563.999000	-768.921000		
564.499000	-768.840000		
564.999000	-768.609000		
565.499000	-768.540000		
565.999000	-768.729000		
566.499000	-768.587000		
566.999000	-768.747000		
567.499000	-769.003000		
567.999000	-768.808000		
568.499000	-768.528000		
568.999000	-768.621000		
569.499000	-768.565000		
569.999000	-768.344000		
570.499000	-768.241000		
570.999000	-767.787000		
571.499000	-768.259000		
571.999000	-768.076000		
572.499000	-768.134000		
572.999000	-767.915000		
