Date:	Wed, Jan 15, 2014		
measured by:	Rotem		
Sample 2 SPV: 			
Time [s]	CPD stream	Light	SPV
0.000000	-599.064000		
0.500000	-599.305000		
1.000000	-598.992000		
1.501000	-598.746000		
2.000000	-598.515000		
2.501000	-598.580000		
3.000000	-598.543000		
3.501000	-598.771000		
4.000000	-598.304000		
4.500000	-598.905000		
5.000000	-598.940000		
5.500000	-598.653000		
6.000000	-598.691000		
6.500000	-598.888000		
7.000000	-598.908000		
7.500000	-598.637000		
8.000000	-598.330000		
8.500000	-598.164000		
9.000000	-598.279000		
9.500000	-598.401000		
10.001000	-598.492000		
10.500000	-598.417000		
11.000000	-598.341000		
11.500000	-598.150000		
12.000000	-598.139000		
12.500000	-597.863000		
13.000000	-598.011000		
13.500000	-597.630000		
14.000000	-597.651000		
14.500000	-597.913000		
15.000000	-597.821000		
15.500000	-597.838000		
16.000000	-597.871000		
16.500000	-597.763000		
17.000000	-597.833000		
17.500000	-598.001000		
18.000000	-597.921000		
18.500000	-597.932000		
19.000000	-597.774000		
19.500000	-597.650000		
20.000000	-597.589000		
20.500000	-597.568000		
21.000000	-597.283000		
21.500000	-597.372000		
22.000000	-597.364000		
22.500000	-597.466000		
23.000000	-597.394000		
23.500000	-597.541000		
24.000000	-597.603000		
24.500000	-597.392000		
25.000000	-597.326000		
25.500000	-597.063000		
26.000000	-597.209000		
26.500000	-597.096000		
27.000000	-597.443000		
27.500000	-597.430000		
28.000000	-597.345000		
28.500000	-597.324000		
29.000000	-597.200000		
29.500000	-597.068000		
30.000000	-596.931000		
30.500000	-597.016000		
31.000000	-596.944000		
31.500000	-597.047000		
32.000000	-597.193000		
32.500000	-597.066000		
33.000000	-596.966000		
33.500000	-596.734000		
34.000000	-596.874000		
34.500000	-596.532000		
35.000000	-596.532000		
35.500000	-596.765000		
36.000000	-596.639000		
36.500000	-596.639000		
37.000000	-596.834000		
37.500000	-596.992000		
38.000000	-596.752000		
38.500000	-596.689000		
39.000000	-596.099000		
39.500000	-595.925000		
40.000000	-595.793000		
40.500000	-595.871000		
41.000000	-596.079000		
41.500000	-596.386000		
42.000000	-596.560000		
42.500000	-596.695000		
43.000000	-596.503000		
43.500000	-596.353000		
44.000000	-596.316000		
44.500000	-596.280000		
45.000000	-596.085000		
45.500000	-596.065000		
46.000000	-596.053000		
46.500000	-596.072000		
47.000000	-596.112000		
47.500000	-596.248000		
48.000000	-596.183000		
48.500000	-596.533000		
49.000000	-596.014000		
49.500000	-595.754000		
50.000000	-595.853000		
50.500000	-595.780000		
51.000000	-595.647000		
51.500000	-595.580000		
52.000000	-595.654000		
52.500000	-595.900000		
53.000000	-596.298000		
53.500000	-595.971000		
54.000000	-595.847000		
54.500000	-595.965000		
55.000000	-595.591000		
55.500000	-595.654000		
56.000000	-595.624000		
56.500000	-595.468000		
57.000000	-595.357000		
57.500000	-595.549000		
58.000000	-595.674000		
58.500000	-595.506000		
59.000000	-595.193000		
59.500000	-595.527000		
60.000000	-595.623000		
60.500000	-595.477000		
61.000000	-595.452000		
61.500000	-595.497000		
62.000000	-595.585000		
62.500000	-595.492000		
63.000000	-595.375000		
63.500000	-595.599000		
64.000000	-595.457000		
64.500000	-595.695000		
65.000000	-595.481000		
65.500000	-595.464000		
66.000000	-595.410000		
66.500000	-595.724000		
67.000000	-595.402000		
67.500000	-595.195000		
68.000000	-595.021000		
68.500000	-595.365000		
69.000000	-595.369000		
69.500000	-595.252000		
70.000000	-595.202000		
70.500000	-595.346000		
71.000000	-595.256000		
71.500000	-594.933000		
72.000000	-594.965000		
72.500000	-595.375000		
73.000000	-595.075000		
73.500000	-595.189000		
74.000000	-595.077000		
74.500000	-594.786000		
75.000000	-595.197000		
75.500000	-595.084000		
76.000000	-595.063000		
76.500000	-594.830000		
77.000000	-594.605000		
77.500000	-594.628000		
78.000000	-595.061000		
78.500000	-595.354000		
79.000000	-595.577000		
79.500000	-595.150000		
80.000000	-595.238000		
80.500000	-595.381000		
81.000000	-595.286000		
81.500000	-595.223000		
82.000000	-595.111000		
82.500000	-595.224000		
83.000000	-595.069000		
83.500000	-594.554000		
84.000000	-594.765000		
84.500000	-594.704000		
85.000000	-594.620000		
85.500000	-594.633000		
86.000000	-594.839000		
86.500000	-594.495000		
87.000000	-594.493000		
87.500000	-594.440000		
88.000000	-594.654000		
88.500000	-594.851000		
89.000000	-594.861000		
89.500000	-594.653000		
90.000000	-594.544000		
90.500000	-594.670000		
91.000000	-594.474000		
91.500000	-594.451000		
92.000000	-594.450000		
92.500000	-594.475000		
93.000000	-594.719000		
93.500000	-594.287000		
94.000000	-594.301000		
94.500000	-594.469000		
95.000000	-594.548000		
95.500000	-594.597000		
96.000000	-594.388000		
96.500000	-594.514000		
97.000000	-594.625000		
97.500000	-594.099000		
98.000000	-594.244000		
98.500000	-593.874000		
99.000000	-594.081000		
99.500000	-594.098000		
100.000000	-593.818000		
100.500000	-593.880000		
101.000000	-594.148000		
101.500000	-594.050000		
102.000000	-594.224000		
102.500000	-593.671000		
103.000000	-593.742000		
103.500000	-594.127000		
104.000000	-594.024000		
104.500000	-593.820000		
105.000000	-594.107000		
105.500000	-594.296000		
106.000000	-594.474000		
106.500000	-594.489000		
107.000000	-594.180000		
107.500000	-593.937000		
108.000000	-593.859000		
108.500000	-593.778000		
109.000000	-593.562000		
109.500000	-593.692000		
110.000000	-593.644000		
110.500000	-593.830000		
111.000000	-594.303000		
111.500000	-594.096000		
112.000000	-593.847000		
112.500000	-593.836000		
113.000000	-593.741000		
113.500000	-593.695000		
114.000000	-593.859000		
114.500000	-593.953000		
115.000000	-593.948000		
115.500000	-593.889000		
116.000000	-593.711000		
116.500000	-593.806000		
117.000000	-593.767000		
117.500000	-593.451000		
118.000000	-593.617000		
118.500000	-593.549000		
119.000000	-593.754000		
119.500000	-593.980000		
120.000000	-593.908000		
120.500000	-593.828000		
121.000000	-593.912000		
121.500000	-593.846000		
122.000000	-593.865000		
122.500000	-593.793000		
123.000000	-593.551000		
123.500000	-593.771000		
124.000000	-593.571000		
124.500000	-593.620000		
125.000000	-593.536000		
125.500000	-593.520000		
126.000000	-593.307000		
126.500000	-593.271000		
127.000000	-593.148000		
127.500000	-593.506000		
128.000000	-593.543000		
128.500000	-593.603000		
129.000000	-593.582000		
129.500000	-593.423000		
130.000000	-593.343000		
130.500000	-593.089000		
131.000000	-593.115000		
131.500000	-593.630000		
132.000000	-593.500000		
132.500000	-593.430000		
133.000000	-593.222000		
133.500000	-593.151000		
134.000000	-592.973000		
134.500000	-593.222000		
135.000000	-593.006000		
135.500000	-593.017000		
136.000000	-593.156000		
136.500000	-593.310000		
137.000000	-593.241000		
137.500000	-593.063000		
138.000000	-593.068000		
138.500000	-593.326000		
139.000000	-593.436000		
139.500000	-593.043000		
140.000000	-593.171000		
140.500000	-593.188000		
141.000000	-592.983000		
141.500000	-592.860000		
142.000000	-593.161000		
142.500000	-593.337000		
143.000000	-593.010000		
143.500000	-593.218000		
144.000000	-593.188000		
144.500000	-593.039000		
145.000000	-592.867000		
145.500000	-592.968000		
146.000000	-592.980000		
146.500000	-592.708000		
147.000000	-592.550000		
147.500000	-592.605000		
148.000000	-592.794000		
148.500000	-592.927000		
149.000000	-592.992000		
149.500000	-592.979000		
150.000000	-593.010000		
150.500000	-593.039000		
151.000000	-592.845000		
151.500000	-592.752000		
152.000000	-592.509000		
152.500000	-592.467000		
153.000000	-592.523000		
153.500000	-592.481000		
154.000000	-592.677000		
154.500000	-592.772000		
155.000000	-592.638000		
155.500000	-592.468000		
156.000000	-592.628000		
156.500000	-592.639000		
157.000000	-592.262000		
157.500000	-592.368000		
158.000000	-592.501000		
158.500000	-592.179000		
159.000000	-592.387000		
159.500000	-592.532000		
160.000000	-592.323000		
160.500000	-592.112000		
161.000000	-592.272000		
161.500000	-592.576000		
162.000000	-592.575000		
162.500000	-592.326000		
163.000000	-592.414000		
163.500000	-592.600000		
164.000000	-592.518000		
164.500000	-592.863000		
165.000000	-592.531000		
165.500000	-592.477000		
166.000000	-592.511000		
166.500000	-592.556000		
167.000000	-591.836000		
167.500000	-591.730000		
168.000000	-592.355000		
168.500000	-592.311000		
169.000000	-592.343000		
169.500000	-592.207000		
170.000000	-592.626000		
170.500000	-592.543000		
171.000000	-592.512000		
171.500000	-592.044000		
172.000000	-591.887000		
172.500000	-592.244000		
173.000000	-591.981000		
173.500000	-592.205000		
174.000000	-592.530000		
174.500000	-592.515000		
175.000000	-592.555000		
175.500000	-592.792000		
176.000000	-592.724000		
176.500000	-592.495000		
177.000000	-592.266000		
177.500000	-592.001000		
178.000000	-592.203000		
178.500000	-592.416000		
179.000000	-592.447000		
179.500000	-592.241000		
180.000000	-592.307000		
180.500000	-592.087000		
181.000000	-592.138000		
181.500000	-592.250000		
182.000000	-592.072000		
182.500000	-592.073000		
183.000000	-592.234000		
183.500000	-592.311000		
184.000000	-592.380000		
184.500000	-592.462000		
185.000000	-592.095000		
185.500000	-592.155000		
186.000000	-592.377000		
186.500000	-592.143000		
187.000000	-591.851000		
187.500000	-591.578000		
188.000000	-591.418000		
188.500000	-591.525000		
189.000000	-591.750000		
189.500000	-591.827000		
190.000000	-592.055000		
190.500000	-592.563000		
191.000000	-592.228000		
191.500000	-591.982000		
192.000000	-591.886000		
192.500000	-591.666000		
193.000000	-591.606000		
193.500000	-591.765000		
194.000000	-592.075000		
194.500000	-592.217000		
195.000000	-591.756000		
195.500000	-591.497000		
196.000000	-591.525000		
196.500000	-591.668000		
197.000000	-591.666000		
197.500000	-591.865000		
198.000000	-591.492000		
198.500000	-591.675000		
199.000000	-591.686000		
199.500000	-591.794000		
200.000000	-591.785000		
200.500000	-592.146000		
201.000000	-591.957000		
201.500000	-591.800000		
202.000000	-591.661000		
202.500000	-591.580000		
203.000000	-591.706000		
203.500000	-591.616000		
204.000000	-591.500000		
204.500000	-591.420000		
205.000000	-591.396000		
205.500000	-591.545000		
206.000000	-591.526000		
206.500000	-591.464000		
207.000000	-591.349000		
207.500000	-591.398000		
208.000000	-591.274000		
208.500000	-591.321000		
209.000000	-591.572000		
209.500000	-591.809000		
210.000000	-591.772000		
210.500000	-591.744000		
211.000000	-591.522000		
211.500000	-591.224000		
212.000000	-591.463000		
212.500000	-591.545000		
213.000000	-591.616000		
213.500000	-591.634000		
214.000000	-591.641000		
214.500000	-591.699000		
215.000000	-591.926000		
215.500000	-591.878000		
216.000000	-591.957000		
216.500000	-591.699000		
217.000000	-591.466000		
217.500000	-591.188000		
218.000000	-591.493000		
218.500000	-591.587000		
219.000000	-591.732000		
219.500000	-591.553000		
220.000000	-591.524000		
220.500000	-591.430000		
221.000000	-591.297000		
221.500000	-591.714000		
222.000000	-591.402000		
222.500000	-591.283000		
223.000000	-591.652000		
223.500000	-591.669000		
224.000000	-591.411000		
224.500000	-591.338000		
225.000000	-591.339000		
225.500000	-591.202000		
226.000000	-591.292000		
226.500000	-591.366000		
227.000000	-591.361000		
227.500000	-591.403000		
228.000000	-591.327000		
228.500000	-591.337000		
229.000000	-591.228000		
229.500000	-591.188000		
230.000000	-591.058000		
230.500000	-591.160000		
231.000000	-591.051000		
231.500000	-591.148000		
232.000000	-591.049000		
232.500000	-591.397000		
233.000000	-591.502000		
233.500000	-591.223000		
234.000000	-591.045000		
234.500000	-591.289000		
235.000000	-590.844000		
235.500000	-590.879000		
236.000000	-590.940000		
236.500000	-590.819000		
237.000000	-590.542000		
237.500000	-590.398000		
238.000000	-590.533000		
238.500000	-590.825000		
239.000000	-590.983000		
239.500000	-591.338000		
240.000000	-591.414000		
240.500000	-591.548000		
241.000000	-591.338000		
241.500000	-591.512000		
242.000000	-591.584000		
242.500000	-591.352000		
243.000000	-591.305000		
243.500000	-590.971000		
244.000000	-591.249000		
244.500000	-591.696000		
245.000000	-591.588000		
245.500000	-591.448000		
246.000000	-591.261000		
246.500000	-590.847000		
247.000000	-590.729000		
247.500000	-590.759000		
248.000000	-590.676000		
248.500000	-590.709000		
249.000000	-590.996000		
249.500000	-590.932000		
250.000000	-590.997000		
250.500000	-591.049000		
251.000000	-590.960000		
251.500000	-591.095000		
252.000000	-591.141000		
252.500000	-590.974000		
253.000000	-591.131000		
253.500000	-591.097000		
254.000000	-590.846000		
254.500000	-590.896000		
255.000000	-591.058000		
255.500000	-591.223000		
256.000000	-591.237000		
256.500000	-591.045000		
257.000000	-591.185000		
257.500000	-591.290000		
258.000000	-591.167000		
258.500000	-591.192000		
259.000000	-591.444000		
259.500000	-591.270000		
260.000000	-590.965000		
260.500000	-591.242000		
261.000000	-590.980000		
261.500000	-590.693000		
262.000000	-590.700000		
262.500000	-590.967000		
263.000000	-590.947000		
263.500000	-590.790000		
264.000000	-590.677000		
264.500000	-591.021000		
265.000000	-591.350000		
265.500000	-590.918000		
266.000000	-590.727000		
266.500000	-590.903000		
267.000000	-591.059000		
267.500000	-591.038000		
268.000000	-591.032000		
268.500000	-590.677000		
269.000000	-590.695000		
269.500000	-590.755000		
270.000000	-590.708000		
270.500000	-590.521000		
271.000000	-590.841000		
271.500000	-591.167000		
272.000000	-591.088000		
272.500000	-591.234000		
273.000000	-591.133000		
273.500000	-590.725000		
274.000000	-590.578000		
274.500000	-591.071000		
275.000000	-590.913000		
275.500000	-591.236000		
276.000000	-590.962000		
276.500000	-590.565000		
277.000000	-590.500000		
277.500000	-590.486000		
278.000000	-590.711000		
278.500000	-590.653000		
279.000000	-590.638000		
279.500000	-590.582000		
280.000000	-590.771000		
280.500000	-590.622000		
281.000000	-590.636000		
281.500000	-590.516000		
282.000000	-590.693000		
282.500000	-590.424000		
283.000000	-590.316000		
283.500000	-589.827000		
284.000000	-589.791000		
284.500000	-590.036000		
285.000000	-590.349000		
285.500000	-590.500000		
286.000000	-590.558000		
286.500000	-590.722000		
287.000000	-590.735000		
287.500000	-590.604000		
288.000000	-590.594000		
288.500000	-590.467000		
289.000000	-590.250000		
289.500000	-590.096000		
290.000000	-590.580000		
290.500000	-590.582000		
291.000000	-590.688000		
291.500000	-590.940000		
292.000000	-590.729000		
292.500000	-590.166000		
293.000000	-590.467000		
293.500000	-590.682000		
294.000000	-590.469000		
294.500000	-590.517000		
295.000000	-590.941000		
295.500000	-590.697000		
296.000000	-590.465000		
296.500000	-590.421000		
297.000000	-590.590000		
297.500000	-590.338000		
298.000000	-589.898000		
298.500000	-590.144000		
299.000000	-590.132000		
299.500000	-590.316000		
300.000000	-590.546000		
300.500000	-590.853000		
301.000000	-590.507000		
301.500000	-590.229000		
302.000000	-590.393000		
302.500000	-590.634000		
303.000000	-590.614000		
303.500000	-590.342000		
304.000000	-590.561000		
304.500000	-590.305000		
305.000000	-590.052000		
305.500000	-590.060000		
306.000000	-590.216000		
306.500000	-590.081000		
307.000000	-590.514000		
307.500000	-590.352000		
308.000000	-590.444000		
308.500000	-590.567000		
309.000000	-590.599000		
309.500000	-590.360000		
310.000000	-590.202000		
310.500000	-590.153000		
311.000000	-590.017000		
311.500000	-590.012000		
312.000000	-590.371000		
312.500000	-590.175000		
313.000000	-590.390000		
313.500000	-590.574000		
314.000000	-590.525000		
314.500000	-590.432000		
315.000000	-589.961000		
315.500000	-589.984000		
316.000000	-589.915000		
316.500000	-590.069000		
317.000000	-590.014000		
317.500000	-590.232000		
318.000000	-589.957000		
318.500000	-590.205000		
319.000000	-590.104000		
319.500000	-590.129000		
320.000000	-590.256000		
320.500000	-589.965000		
321.000000	-589.994000		
321.500000	-589.878000		
322.000000	-589.660000		
322.500000	-589.583000		
323.000000	-589.799000		
323.500000	-589.754000		
324.000000	-589.945000		
324.500000	-589.708000		
325.000000	-589.724000		
325.500000	-589.772000		
326.000000	-590.076000		
326.500000	-590.084000		
327.000000	-590.091000		
327.500000	-589.937000		
328.000000	-589.644000		
328.500000	-589.767000		
329.000000	-589.947000		
329.500000	-590.028000		
330.000000	-589.885000		
330.500000	-589.597000		
331.000000	-589.569000		
331.500000	-589.618000		
332.000000	-590.143000		
332.500000	-590.196000		
333.000000	-590.159000		
333.500000	-589.783000		
334.000000	-589.995000		
334.500000	-590.013000		
335.000000	-589.774000		
335.500000	-589.943000		
336.000000	-590.064000		
336.500000	-589.969000		
337.000000	-590.201000		
337.500000	-589.928000		
338.000000	-589.893000		
338.500000	-589.692000		
339.000000	-589.818000		
339.500000	-590.042000		
340.000000	-589.790000		
340.500000	-589.584000		
341.000000	-589.667000		
341.500000	-589.574000		
342.000000	-589.527000		
342.500000	-589.576000		
343.000000	-589.748000		
343.500000	-589.862000		
344.000000	-589.690000		
344.500000	-589.899000		
345.000000	-589.891000		
345.500000	-590.146000		
346.000000	-590.204000		
346.500000	-590.037000		
347.000000	-589.716000		
347.500000	-589.753000		
348.000000	-589.951000		
348.500000	-589.604000		
349.000000	-589.637000		
349.500000	-589.559000		
350.000000	-589.676000		
350.500000	-590.064000		
351.000000	-590.015000		
351.500000	-590.175000		
352.000000	-589.982000		
352.500000	-589.880000		
353.000000	-589.683000		
353.500000	-589.887000		
354.000000	-590.065000		
354.500000	-590.136000		
355.000000	-590.164000		
355.500000	-589.792000		
356.000000	-589.610000		
356.500000	-589.572000		
357.000000	-589.802000		
357.500000	-589.827000		
358.000000	-589.551000		
358.500000	-589.649000		
359.000000	-589.900000		
359.500000	-590.292000		
360.000000	-590.011000		
360.500000	-590.070000		
361.000000	-589.743000		
361.500000	-589.812000		
362.000000	-589.966000		
362.500000	-589.810000		
363.000000	-589.904000		
363.500000	-589.675000		
364.000000	-589.711000		
364.500000	-589.760000		
365.000000	-589.969000		
365.500000	-590.198000		
366.000000	-590.267000		
366.500000	-589.825000		
367.000000	-589.873000		
367.500000	-590.017000		
368.000000	-589.823000		
368.500000	-589.965000		
369.000000	-590.029000		
369.500000	-589.588000		
370.000000	-589.491000		
370.500000	-589.626000		
371.000000	-589.838000		
371.500000	-589.487000		
372.000000	-589.293000		
372.500000	-589.480000		
373.000000	-589.332000		
373.500000	-589.223000		
374.000000	-589.410000		
374.500000	-589.302000		
375.000000	-589.319000		
375.500000	-589.186000		
376.000000	-589.149000		
376.500000	-589.359000		
377.000000	-589.231000		
377.500000	-589.588000		
378.000000	-589.614000		
378.500000	-589.439000		
379.000000	-589.301000		
379.500000	-589.517000		
380.000000	-589.594000		
380.500000	-589.440000		
381.000000	-589.655000		
381.500000	-589.593000		
382.000000	-589.671000		
382.500000	-589.185000		
383.000000	-589.358000		
383.500000	-589.487000		
384.000000	-589.444000		
384.500000	-589.671000		
385.000000	-589.529000		
385.500000	-589.702000		
386.000000	-589.740000		
386.500000	-589.654000		
387.000000	-589.370000		
387.500000	-589.363000		
388.000000	-589.108000		
388.500000	-589.054000		
389.000000	-589.308000		
389.500000	-589.306000		
390.000000	-589.178000		
390.500000	-589.225000		
391.000000	-589.199000		
391.500000	-589.407000		
392.000000	-589.424000		
392.500000	-589.581000		
393.000000	-589.762000		
393.500000	-589.461000		
394.000000	-589.343000		
394.500000	-589.542000		
395.000000	-589.783000		
395.500000	-589.511000		
396.000000	-589.535000		
396.500000	-589.130000		
397.000000	-589.276000		
397.500000	-589.510000		
398.000000	-589.480000		
398.500000	-589.563000		
399.000000	-589.011000		
399.500000	-588.929000		
400.000000	-588.990000		
400.500000	-589.236000		
401.000000	-589.509000		
401.500000	-589.216000		
402.000000	-589.551000		
402.500000	-589.366000		
403.000000	-589.034000		
403.500000	-589.189000		
404.000000	-589.187000		
404.500000	-589.275000		
405.000000	-589.187000		
405.500000	-589.306000		
406.000000	-589.067000		
406.500000	-589.242000		
407.000000	-589.390000		
407.500000	-589.130000		
408.000000	-588.723000		
408.500000	-589.084000		
409.000000	-589.267000		
409.500000	-588.908000		
410.000000	-588.755000		
410.500000	-588.927000		
411.000000	-589.003000		
411.500000	-589.048000		
412.000000	-589.101000		
412.500000	-588.933000		
413.000000	-589.146000		
413.500000	-589.251000		
414.000000	-589.322000		
414.500000	-589.125000		
415.000000	-589.075000		
415.500000	-588.785000		
416.000000	-588.964000		
416.500000	-588.972000		
417.000000	-589.073000		
417.500000	-589.079000		
418.000000	-589.126000		
418.500000	-588.988000		
419.000000	-588.954000		
419.500000	-588.987000		
420.000000	-589.244000		
420.500000	-589.223000		
421.000000	-589.124000		
421.500000	-588.781000		
422.000000	-588.315000		
422.500000	-588.791000		
423.000000	-588.989000		
423.500000	-589.242000		
424.000000	-589.346000		
424.500000	-589.339000		
425.000000	-589.274000		
425.500000	-588.937000		
426.000000	-589.014000		
426.500000	-588.928000		
427.000000	-589.087000		
427.500000	-589.370000		
428.000000	-589.185000		
428.500000	-588.923000		
429.000000	-588.719000		
429.500000	-588.810000		
430.000000	-589.044000		
430.500000	-588.871000		
431.000000	-589.082000		
431.500000	-588.951000		
432.000000	-588.982000		
432.500000	-588.960000		
433.000000	-588.878000		
433.500000	-588.751000		
434.000000	-588.612000		
434.500000	-588.522000		
435.000000	-588.844000		
435.500000	-589.030000		
436.000000	-588.642000		
436.500000	-588.629000		
437.000000	-588.925000		
437.500000	-588.809000		
438.000000	-588.584000		
438.500000	-588.835000		
439.000000	-588.901000		
439.500000	-589.042000		
440.000000	-589.029000		
440.500000	-588.949000		
441.000000	-588.889000		
441.500000	-589.104000		
442.000000	-588.603000		
442.500000	-588.401000		
443.000000	-588.695000		
443.500000	-588.422000		
444.000000	-588.625000		
444.500000	-588.562000		
445.000000	-588.667000		
445.500000	-588.527000		
446.000000	-588.632000		
446.500000	-588.655000		
447.000000	-588.545000		
447.500000	-588.391000		
448.000000	-588.621000		
448.500000	-588.761000		
449.000000	-588.745000		
449.500000	-588.567000		
450.000000	-588.821000		
450.500000	-588.743000		
451.000000	-588.679000		
451.500000	-588.521000		
452.000000	-588.348000		
452.500000	-588.563000		
453.000000	-588.700000		
453.500000	-588.675000		
454.000000	-588.592000		
454.500000	-588.674000		
455.000000	-588.823000		
455.500000	-588.919000		
456.000000	-589.078000		
456.500000	-589.098000		
457.000000	-589.163000		
457.500000	-588.717000		
458.000000	-588.701000		
458.500000	-588.996000		
459.000000	-589.040000		
459.500000	-588.946000		
460.000000	-588.819000		
460.500000	-588.754000		
461.000000	-588.532000		
461.500000	-588.387000		
462.000000	-588.538000		
462.500000	-588.826000		
463.000000	-588.576000		
463.500000	-588.297000		
464.000000	-588.276000		
464.500000	-588.558000		
465.000000	-588.668000		
465.500000	-588.678000		
466.000000	-588.697000		
466.500000	-588.950000		
467.000000	-588.797000		
467.500000	-588.867000		
468.000000	-588.997000		
468.500000	-588.722000		
469.000000	-588.464000		
469.500000	-588.337000		
470.000000	-588.355000		
470.500000	-588.119000		
471.000000	-588.129000		
471.500000	-588.233000		
472.000000	-588.329000		
472.500000	-588.481000		
473.000000	-588.458000		
473.500000	-588.399000		
474.000000	-588.646000		
474.500000	-588.618000		
475.000000	-588.720000		
475.500000	-588.768000		
476.000000	-588.818000		
476.500000	-588.695000		
477.000000	-588.758000		
477.500000	-588.722000		
478.000000	-588.695000		
478.500000	-588.617000		
479.000000	-588.387000		
479.500000	-588.628000		
480.000000	-588.502000		
480.500000	-588.454000		
481.000000	-588.444000		
481.500000	-588.914000		
482.000000	-588.606000		
482.500000	-588.460000		
483.000000	-588.267000		
483.500000	-588.246000		
484.000000	-588.668000		
484.500000	-588.828000		
485.000000	-588.749000		
485.500000	-588.485000		
486.000000	-588.423000		
486.500000	-588.268000		
487.000000	-588.031000		
487.500000	-588.228000		
488.000000	-588.225000		
488.500000	-588.188000		
489.000000	-588.133000		
489.500000	-588.179000		
490.000000	-588.063000		
490.500000	-588.162000		
491.000000	-588.373000		
491.500000	-588.233000		
492.000000	-588.057000		
492.500000	-587.991000		
493.000000	-588.133000		
493.500000	-588.274000		
494.000000	-588.372000		
494.500000	-588.255000		
495.000000	-587.959000		
495.500000	-587.834000		
496.000000	-587.923000		
496.500000	-587.965000		
497.000000	-588.133000		
497.500000	-588.259000		
498.000000	-588.254000		
498.500000	-588.063000		
499.000000	-588.210000		
499.500000	-588.329000		
500.000000	-588.415000		
500.500000	-588.298000		
501.000000	-588.264000		
501.500000	-588.074000		
502.000000	-588.052000		
502.500000	-588.252000		
503.000000	-588.460000		
503.500000	-588.541000		
504.000000	-588.192000		
504.500000	-588.364000		
505.000000	-588.379000		
505.500000	-588.289000		
506.000000	-588.098000		
506.500000	-588.156000		
507.000000	-588.602000		
507.500000	-588.501000		
508.000000	-588.130000		
508.500000	-588.060000		
509.000000	-588.385000		
509.500000	-588.360000		
510.000000	-588.298000		
510.500000	-588.181000		
511.000000	-588.174000		
511.500000	-588.308000		
512.000000	-588.138000		
512.500000	-588.075000		
513.000000	-588.220000		
513.500000	-588.018000		
514.000000	-588.094000		
514.500000	-588.236000		
515.000000	-588.146000		
515.500000	-588.024000		
516.000000	-588.416000		
516.500000	-588.418000		
517.000000	-588.003000		
517.500000	-587.850000		
518.000000	-587.854000		
518.500000	-587.895000		
519.000000	-587.871000		
519.500000	-588.114000		
520.000000	-588.038000		
520.500000	-587.851000		
521.000000	-588.123000		
521.500000	-588.021000		
522.000000	-588.116000		
522.500000	-588.088000		
523.000000	-587.796000		
523.500000	-587.749000		
524.000000	-587.842000		
524.500000	-588.202000		
525.000000	-588.205000		
525.500000	-587.876000		
526.000000	-587.982000		
526.500000	-588.106000		
527.000000	-588.284000		
527.500000	-588.161000		
528.000000	-587.844000		
528.500000	-587.625000		
529.000000	-587.862000		
529.500000	-587.897000		
530.000000	-587.947000		
530.500000	-587.926000		
531.000000	-587.835000		
531.500000	-587.825000		
532.000000	-587.797000		
532.500000	-587.917000		
533.000000	-588.121000		
533.500000	-588.309000		
534.000000	-588.196000		
534.500000	-587.996000		
535.000000	-587.905000		
535.500000	-588.086000		
536.000000	-588.000000		
536.500000	-587.937000		
537.000000	-587.854000		
537.500000	-587.819000		
538.000000	-588.000000		
538.500000	-587.739000		
539.000000	-587.623000		
539.500000	-587.827000		
540.000000	-587.628000		
540.500000	-587.614000		
541.000000	-587.941000		
541.500000	-588.085000		
542.000000	-587.854000		
542.500000	-587.901000		
543.000000	-587.891000		
543.500000	-588.006000		
544.000000	-587.542000		
544.500000	-587.554000		
545.000000	-587.785000		
545.500000	-588.219000		
546.000000	-588.356000		
546.500000	-588.287000		
547.000000	-588.056000		
547.500000	-587.852000		
548.000000	-587.925000		
548.500000	-588.078000		
549.000000	-588.014000		
549.500000	-588.003000		
550.000000	-587.948000		
550.500000	-587.799000		
551.000000	-587.776000		
551.500000	-587.775000		
552.000000	-587.888000		
552.500000	-587.676000		
553.000000	-587.713000		
553.500000	-587.815000		
554.000000	-587.988000		
554.500000	-587.860000		
555.000000	-587.722000		
555.500000	-587.421000		
556.000000	-587.604000		
556.500000	-587.963000		
557.000000	-587.964000		
557.500000	-587.826000		
558.000000	-587.893000		
558.500000	-587.777000		
559.000000	-587.460000		
559.500000	-587.901000		
560.000000	-587.960000		
560.500000	-587.897000		
561.000000	-587.858000		
561.500000	-587.678000		
562.000000	-587.619000		
562.500000	-587.553000		
563.000000	-587.179000		
563.500000	-587.491000		
564.000000	-587.383000		
564.500000	-587.326000		
565.000000	-587.488000		
565.500000	-587.712000		
566.000000	-587.870000		
566.500000	-587.916000		
567.000000	-587.988000		
567.500000	-587.639000		
568.000000	-587.662000		
568.500000	-587.669000		
569.000000	-587.787000		
569.500000	-587.894000		
570.000000	-588.202000		
570.500000	-587.696000		
571.000000	-587.666000		
571.500000	-587.602000		
572.000000	-587.308000		
572.500000	-587.456000		
573.000000	-587.812000		
573.500000	-587.725000		
574.000000	-587.723000		
574.500000	-587.915000		
575.000000	-587.694000		
575.500000	-587.544000		
576.000000	-587.542000		
576.500000	-587.996000		
577.000000	-587.686000		
577.500000	-587.792000		
578.000000	-587.764000		
578.500000	-587.721000		
579.000000	-587.754000		
579.500000	-587.521000		
580.000000	-587.431000		
580.500000	-587.510000		
581.000000	-587.461000		
581.500000	-587.565000		
582.000000	-587.649000		
582.500000	-587.570000		
583.000000	-587.495000		
583.500000	-587.371000		
584.000000	-587.472000		
584.500000	-587.474000		
585.000000	-587.609000		
585.500000	-587.921000		
586.000000	-587.919000		
586.500000	-587.599000		
587.000000	-587.454000		
587.500000	-587.587000		
588.000000	-587.453000		
588.500000	-587.589000		
589.000000	-587.610000		
589.500000	-587.658000		
590.000000	-587.683000		
590.500000	-587.387000		
591.000000	-587.543000		
591.500000	-587.901000		
592.000000	-587.902000		
592.500000	-587.796000		
593.000000	-587.883000		
593.500000	-587.995000		
594.000000	-587.531000		
594.500000	-587.500000		
595.000000	-587.863000		
595.500000	-587.819000		
596.000000	-587.719000		
596.500000	-587.616000		
597.000000	-587.489000		
597.500000	-587.448000		
598.000000	-587.685000		
598.500000	-587.554000		
599.000000	-587.547000		
599.500000	-587.509000		
600.000000	-587.387000		
600.500000	-587.751000		
601.000000	-587.522000		
601.500000	-587.652000		
602.000000	-587.310000		
602.500000	-587.255000		
603.000000	-587.502000		
603.500000	-587.426000		
604.000000	-587.767000		
604.500000	-587.494000		
605.000000	-587.271000		
605.500000	-587.446000		
606.000000	-587.412000		
606.500000	-587.574000		
607.000000	-587.793000		
607.500000	-587.972000		
608.000000	-587.868000		
608.500000	-587.389000		
609.000000	-587.326000		
609.500000	-587.600000		
610.000000	-587.789000		
610.500000	-587.855000		
611.000000	-587.513000		
611.500000	-587.231000		
612.000000	-587.261000		
612.500000	-587.367000		
613.000000	-587.591000		
613.500000	-587.706000		
614.000000	-587.600000		
614.500000	-587.542000		
615.000000	-587.637000		
615.500000	-587.440000		
616.000000	-587.338000		
616.500000	-587.466000		
617.000000	-587.728000		
617.500000	-587.606000		
618.000000	-587.256000		
618.500000	-587.395000		
619.000000	-587.689000		
619.500000	-587.714000		
620.000000	-587.693000		
620.500000	-587.504000		
621.000000	-587.549000		
621.500000	-587.593000		
622.000000	-587.507000		
622.500000	-587.589000		
623.000000	-587.919000		
623.500000	-587.605000		
624.000000	-587.011000		
624.500000	-587.189000		
625.000000	-587.284000		
625.500000	-587.281000		
626.000000	-587.237000		
626.500000	-587.447000		
627.000000	-587.504000		
627.500000	-587.650000		
628.000000	-587.436000		
628.500000	-587.309000		
629.000000	-587.329000		
629.500000	-587.554000		
630.000000	-587.579000		
630.500000	-587.549000		
631.000000	-587.399000		
631.500000	-587.478000		
632.000000	-587.334000		
632.500000	-587.348000		
633.000000	-587.268000		
633.500000	-587.239000		
634.000000	-587.239000		
634.500000	-587.145000		
635.000000	-587.135000		
635.500000	-587.116000		
636.000000	-587.171000		
636.500000	-586.974000		
637.000000	-587.252000		
637.500000	-587.115000		
638.000000	-586.752000		
638.500000	-586.881000		
639.000000	-587.171000		
639.500000	-587.106000		
640.000000	-587.163000		
640.500000	-587.525000		
641.000000	-587.812000		
641.500000	-587.673000		
642.000000	-587.538000		
642.500000	-587.342000		
643.000000	-587.255000		
643.500000	-587.054000		
644.000000	-586.878000		
644.500000	-586.850000		
645.000000	-587.040000		
645.500000	-587.227000		
646.000000	-587.505000		
646.500000	-587.502000		
647.000000	-587.273000		
647.500000	-586.962000		
648.000000	-587.073000		
648.500000	-587.022000		
649.000000	-586.915000		
649.500000	-586.956000		
650.000000	-586.924000		
650.500000	-586.962000		
651.000000	-587.039000		
651.500000	-586.851000		
652.000000	-586.881000		
652.500000	-587.004000		
653.000000	-587.272000		
653.500000	-587.229000		
654.000000	-587.049000		
654.500000	-587.176000		
655.000000	-587.258000		
655.500000	-587.037000		
656.000000	-587.294000		
656.500000	-587.230000		
657.000000	-587.090000		
657.500000	-587.403000		
658.000000	-587.141000		
658.500000	-586.943000		
659.000000	-586.653000		
659.500000	-586.731000		
660.000000	-587.051000		
660.500000	-587.286000		
661.000000	-587.360000		
661.500000	-587.317000		
662.000000	-587.292000		
662.500000	-587.384000		
663.000000	-587.161000		
663.500000	-586.779000		
664.000000	-586.792000		
664.500000	-587.041000		
665.000000	-586.988000		
665.500000	-586.978000		
666.000000	-587.007000		
666.500000	-586.860000		
667.000000	-586.868000		
667.500000	-586.983000		
668.000000	-586.965000		
668.500000	-586.945000		
669.000000	-586.785000		
669.500000	-586.846000		
670.000000	-586.800000		
670.500000	-586.882000		
671.000000	-586.748000		
671.500000	-586.685000		
672.000000	-586.968000		
672.500000	-587.002000		
673.000000	-586.936000		
673.500000	-587.201000		
674.000000	-587.290000		
674.500000	-587.075000		
675.000000	-587.453000		
675.500000	-587.098000		
676.000000	-586.808000		
676.500000	-586.858000		
677.000000	-586.743000		
677.500000	-586.681000		
678.000000	-587.002000		
678.500000	-587.122000		
679.000000	-587.150000		
679.500000	-586.955000		
680.000000	-587.219000		
680.500000	-587.183000		
681.000000	-586.992000		
681.500000	-587.119000		
682.000000	-587.082000		
682.500000	-587.291000		
683.000000	-587.146000		
683.500000	-586.995000		
684.000000	-586.982000		
684.500000	-586.758000		
685.000000	-586.926000		
685.500000	-587.089000		
686.000000	-587.317000		
686.500000	-586.935000		
687.000000	-586.996000		
687.500000	-587.248000		
688.000000	-587.246000		
688.500000	-587.056000		
689.000000	-586.800000		
689.500000	-587.033000		
690.000000	-587.073000		
690.500000	-587.049000		
691.000000	-587.202000		
691.500000	-587.480000		
692.000000	-587.600000		
692.500000	-587.557000		
693.000000	-587.253000		
693.500000	-586.964000		
694.000000	-586.837000		
694.500000	-587.020000		
695.000000	-586.976000		
695.500000	-587.240000		
696.000000	-587.204000		
696.500000	-587.121000		
697.000000	-586.917000		
697.500000	-586.496000		
698.000000	-586.591000		
698.500000	-586.994000		
699.000000	-587.002000		
699.500000	-586.875000		
700.000000	-586.644000		
700.500000	-586.606000		
701.000000	-586.583000		
701.500000	-586.573000		
702.000000	-587.063000		
702.500000	-587.040000		
703.000000	-586.832000		
703.500000	-586.731000		
704.000000	-586.689000		
704.500000	-587.020000		
705.000000	-587.227000		
705.500000	-587.226000		
706.000000	-586.814000		
706.500000	-586.484000		
707.000000	-586.381000		
707.500000	-586.479000		
708.000000	-586.815000		
708.500000	-587.136000		
709.000000	-586.893000		
709.500000	-586.710000		
710.000000	-586.383000		
710.500000	-586.451000		
711.000000	-586.512000		
711.500000	-586.881000		
712.000000	-586.811000		
712.500000	-586.929000		
713.000000	-586.885000		
713.500000	-586.705000		
714.000000	-586.610000		
714.500000	-586.711000		
715.000000	-586.860000		
715.500000	-586.895000		
716.000000	-586.734000		
716.500000	-586.751000		
717.000000	-586.677000		
717.500000	-586.776000		
718.000000	-586.901000		
718.500000	-586.912000		
719.000000	-587.113000		
719.500000	-587.037000		
720.000000	-586.828000		
720.500000	-586.770000		
721.000000	-586.521000		
721.500000	-586.741000		
722.000000	-586.797000		
722.500000	-586.439000		
723.000000	-586.617000		
723.500000	-586.981000		
724.000000	-587.085000		
724.500000	-586.878000		
725.000000	-586.730000		
725.500000	-586.667000		
726.000000	-586.875000		
726.500000	-586.804000		
727.000000	-586.701000		
727.500000	-586.437000		
728.000000	-586.554000		
728.500000	-586.671000		
729.000000	-586.724000		
729.500000	-586.579000		
730.000000	-586.505000		
730.500000	-586.818000		
731.000000	-586.875000		
731.500000	-586.821000		
732.000000	-586.869000		
732.500000	-586.829000		
733.000000	-586.927000		
733.500000	-586.790000		
734.000000	-586.557000		
734.500000	-586.274000		
735.000000	-586.193000		
735.500000	-586.446000		
736.000000	-586.278000		
736.500000	-586.514000		
737.000000	-586.673000		
737.500000	-586.799000		
738.000000	-586.588000		
738.500000	-586.688000		
739.000000	-586.349000		
739.500000	-586.529000		
740.000000	-586.454000		
740.500000	-586.562000		
741.000000	-586.678000		
741.500000	-586.644000		
742.000000	-586.450000		
742.500000	-586.754000		
743.000000	-586.508000		
743.500000	-586.428000		
744.000000	-586.339000		
744.500000	-586.310000		
745.000000	-586.296000		
745.500000	-586.475000		
746.000000	-586.237000		
746.500000	-586.341000		
747.000000	-586.518000		
747.500000	-586.612000		
748.000000	-586.415000		
748.500000	-586.286000		
749.000000	-586.474000		
749.500000	-586.450000		
750.000000	-586.519000		
750.500000	-586.465000		
751.000000	-586.624000		
751.500000	-586.490000		
752.000000	-586.343000		
752.500000	-586.139000		
753.000000	-586.342000		
753.500000	-586.565000		
754.000000	-586.525000		
754.500000	-586.424000		
755.000000	-586.582000		
755.500000	-586.381000		
756.000000	-586.647000		
756.500000	-586.381000		
757.000000	-586.370000		
757.500000	-586.290000		
758.000000	-586.520000		
758.500000	-586.240000		
759.000000	-585.983000		
759.500000	-586.424000		
760.000000	-586.908000		
760.500000	-586.690000		
761.000000	-586.689000		
761.500000	-586.075000		
762.000000	-586.217000		
762.500000	-586.275000		
763.000000	-586.473000		
763.500000	-586.677000		
764.000000	-586.779000		
764.500000	-586.355000		
765.000000	-586.405000		
765.500000	-586.310000		
766.000000	-586.391000		
766.500000	-586.440000		
767.000000	-586.426000		
767.500000	-586.394000		
768.000000	-586.374000		
768.500000	-586.481000		
769.000000	-586.605000		
769.500000	-586.524000		
770.000000	-585.985000		
770.500000	-586.147000		
771.000000	-586.203000		
771.500000	-585.873000		
772.000000	-586.030000		
772.500000	-586.060000		
773.000000	-586.028000		
773.500000	-586.391000		
774.000000	-586.739000		
774.500000	-586.479000		
775.000000	-586.198000		
775.500000	-585.879000		
776.000000	-586.033000		
776.500000	-586.266000		
777.000000	-586.403000		
777.500000	-586.571000		
778.000000	-586.675000		
778.500000	-586.575000		
779.000000	-586.591000		
779.500000	-586.286000		
780.000000	-586.414000		
780.500000	-586.622000		
781.000000	-586.838000		
781.500000	-586.404000		
782.000000	-586.254000		
782.500000	-586.148000		
783.000000	-586.290000		
783.500000	-585.922000		
784.000000	-585.960000		
784.500000	-586.022000		
785.000000	-586.446000		
785.500000	-586.595000		
786.000000	-586.460000		
786.500000	-586.185000		
787.000000	-585.998000		
787.500000	-586.037000		
788.000000	-585.950000		
788.500000	-586.043000		
789.000000	-586.151000		
789.500000	-586.079000		
790.000000	-585.755000		
790.500000	-585.940000		
791.000000	-585.814000		
791.500000	-585.835000		
792.000000	-586.038000		
792.500000	-586.369000		
793.000000	-586.141000		
793.500000	-586.100000		
794.000000	-586.289000		
794.500000	-586.230000		
795.000000	-586.336000		
795.500000	-586.006000		
796.000000	-586.079000		
796.500000	-586.344000		
797.000000	-586.102000		
797.500000	-585.978000		
798.000000	-586.523000		
798.500000	-586.477000		
799.000000	-586.583000		
799.500000	-586.483000		
800.000000	-585.914000		
800.500000	-585.923000		
801.000000	-585.971000		
801.500000	-586.158000		
802.000000	-586.231000		
802.500000	-586.385000		
803.000000	-586.191000		
803.500000	-586.268000		
804.000000	-586.311000		
804.500000	-586.168000		
805.000000	-586.098000		
805.500000	-585.818000		
806.000000	-586.234000		
806.500000	-586.521000		
807.000000	-586.394000		
807.500000	-586.127000		
808.000000	-585.993000		
808.500000	-585.881000		
809.000000	-586.072000		
809.500000	-586.130000		
810.000000	-586.175000		
810.500000	-586.016000		
811.000000	-586.075000		
811.500000	-586.003000		
812.000000	-586.174000		
812.500000	-586.064000		
813.000000	-585.945000		
813.500000	-585.827000		
814.000000	-585.629000		
814.500000	-585.938000		
815.000000	-585.922000		
815.500000	-586.099000		
816.000000	-586.339000		
816.500000	-586.434000		
817.000000	-586.242000		
817.500000	-586.171000		
818.000000	-586.077000		
818.500000	-586.243000		
819.000000	-586.135000		
819.500000	-586.157000		
820.000000	-585.805000		
820.500000	-585.436000		
821.000000	-585.555000		
821.500000	-585.908000		
822.000000	-586.189000		
822.500000	-586.119000		
823.000000	-585.838000		
823.500000	-585.780000		
824.000000	-586.012000		
824.500000	-586.119000		
825.000000	-586.166000		
825.500000	-585.939000		
826.000000	-586.108000		
826.500000	-586.033000		
827.000000	-585.730000		
827.500000	-585.773000		
828.000000	-585.765000		
828.500000	-585.583000		
829.000000	-585.653000		
829.500000	-585.786000		
830.000000	-585.785000		
830.500000	-585.937000		
831.000000	-585.974000		
831.500000	-586.097000		
832.000000	-586.221000		
832.500000	-586.263000		
833.000000	-586.277000		
833.500000	-585.928000		
834.000000	-586.148000		
834.500000	-586.441000		
835.000000	-586.090000		
835.500000	-586.050000		
836.000000	-586.100000		
836.500000	-586.207000		
837.000000	-585.980000		
837.500000	-585.662000		
838.000000	-585.397000		
838.500000	-585.559000		
839.000000	-585.856000		
839.500000	-585.670000		
840.000000	-585.547000		
840.500000	-585.503000		
841.000000	-585.659000		
841.500000	-585.859000		
842.000000	-585.670000		
842.500000	-585.762000		
843.000000	-585.742000		
843.500000	-585.623000		
844.000000	-585.802000		
844.500000	-585.887000		
845.000000	-585.712000		
845.500000	-585.966000		
846.000000	-585.895000		
846.500000	-586.060000		
847.000000	-585.694000		
847.500000	-585.524000		
848.000000	-585.648000		
848.500000	-585.810000		
849.000000	-585.900000		
849.500000	-585.873000		
850.000000	-585.920000		
850.500000	-585.870000		
851.000000	-586.068000		
851.500000	-585.904000		
852.000000	-585.690000		
852.500000	-585.423000		
853.000000	-585.510000		
853.500000	-585.466000		
854.000000	-585.595000		
854.500000	-585.753000		
855.000000	-586.076000		
855.500000	-585.983000		
856.000000	-585.541000		
856.500000	-585.270000		
857.000000	-585.320000		
857.500000	-585.562000		
858.000000	-585.651000		
858.500000	-585.826000		
859.000000	-585.837000		
859.500000	-585.696000		
860.000000	-585.515000		
860.500000	-585.585000		
861.000000	-585.536000		
861.500000	-585.734000		
862.000000	-585.371000		
862.500000	-585.455000		
863.000000	-585.575000		
863.500000	-585.544000		
864.000000	-585.685000		
864.500000	-585.966000		
865.000000	-585.842000		
865.500000	-585.969000		
866.000000	-585.910000		
866.500000	-586.232000		
867.000000	-594.724000		
867.500000	-605.562000		
868.000000	-612.912000		
868.500000	-619.681000		
869.000000	-624.180000		
869.500000	-626.973000		
870.000000	-628.942000		
870.500000	-630.643000		
871.000000	-631.491000		
871.500000	-632.288000		
872.000000	-633.391000		
872.500000	-633.961000		
873.000000	-634.233000		
873.500000	-634.482000		
874.000000	-634.821000		
874.500000	-635.245000		
875.000000	-635.655000		
875.500000	-635.713000		
876.000000	-635.961000		
876.500000	-636.132000		
877.000000	-636.472000		
877.500000	-636.638000		
878.000000	-636.557000		
878.500000	-636.387000		
879.000000	-636.811000		
879.500000	-636.928000		
880.000000	-636.879000		
880.500000	-637.072000		
881.000000	-637.257000		
881.500000	-637.210000		
882.000000	-637.181000		
882.500000	-637.213000		
883.000000	-636.815000		
883.500000	-636.984000		
884.000000	-637.134000		
884.500000	-637.450000		
885.000000	-637.328000		
885.500000	-637.134000		
886.000000	-637.179000		
886.500000	-637.226000		
887.000000	-637.138000		
887.500000	-637.080000		
888.000000	-637.153000		
888.500000	-636.905000		
889.000000	-636.410000		
889.500000	-636.456000		
890.000000	-636.340000		
890.500000	-636.360000		
891.000000	-636.524000		
891.500000	-636.664000		
892.000000	-636.506000		
892.500000	-636.686000		
893.000000	-636.499000		
893.500000	-636.365000		
894.000000	-636.291000		
894.500000	-636.070000		
895.000000	-636.256000		
895.500000	-636.273000		
896.000000	-635.929000		
896.500000	-636.042000		
897.000000	-635.819000		
897.500000	-635.544000		
898.000000	-635.720000		
898.500000	-635.567000		
899.000000	-635.552000		
899.500000	-635.126000		
900.000000	-634.772000		
900.500000	-634.762000		
901.000000	-635.202000		
901.500000	-635.196000		
902.000000	-635.355000		
902.500000	-635.423000		
903.000000	-635.493000		
903.500000	-635.008000		
904.000000	-634.503000		
904.500000	-634.604000		
905.000000	-634.313000		
905.500000	-634.320000		
906.000000	-634.320000		
906.500000	-634.442000		
907.000000	-634.384000		
907.500000	-634.165000		
908.000000	-634.074000		
908.500000	-634.089000		
909.000000	-633.886000		
909.500000	-633.851000		
910.000000	-633.680000		
910.500000	-632.395000		
911.000000	-630.935000		
911.500000	-629.777000		
912.000000	-628.581000		
912.500000	-627.258000		
913.000000	-625.975000		
913.500000	-625.005000		
914.000000	-624.331000		
914.500000	-623.832000		
915.000000	-622.912000		
915.500000	-621.857000		
916.000000	-620.705000		
916.500000	-620.361000		
917.000000	-619.510000		
917.500000	-619.096000		
918.000000	-618.278000		
918.500000	-617.769000		
919.000000	-617.670000		
919.500000	-617.038000		
920.000000	-616.426000		
920.500000	-616.040000		
921.000000	-615.442000		
921.500000	-614.683000		
922.000000	-614.288000		
922.500000	-613.534000		
923.000000	-613.236000		
923.500000	-612.876000		
924.000000	-612.474000		
924.500000	-611.938000		
925.000000	-611.661000		
925.500000	-611.310000		
926.000000	-610.873000		
926.500000	-610.436000		
927.000000	-609.866000		
927.500000	-609.455000		
928.000000	-609.321000		
928.500000	-609.132000		
929.000000	-608.733000		
929.500000	-608.430000		
930.000000	-608.157000		
930.500000	-607.614000		
931.000000	-607.334000		
931.500000	-607.152000		
932.000000	-606.793000		
932.500000	-606.389000		
933.000000	-606.253000		
933.500000	-605.643000		
934.000000	-605.403000		
934.500000	-605.204000		
935.000000	-604.983000		
935.500000	-604.655000		
936.000000	-604.214000		
936.500000	-603.988000		
937.000000	-603.674000		
937.500000	-603.484000		
938.000000	-603.228000		
938.500000	-603.366000		
939.000000	-603.360000		
939.500000	-602.895000		
940.000000	-602.756000		
940.500000	-602.376000		
