Date:	Sun, Nov 17, 2013			
HOPG cleaved within, 2nd spot.				
Time	CPD	Change	Slope	Comments
				
26.0	-1.1764	0.0050	0.0049	
26.5	-1.1756	0.0053	0.0049	
26.5	-1.1756	0.0053	0.0049	
27.0	-1.1767	0.0053	0.0049	
27.0	-1.1767	0.0053	0.0049	
27.0	-1.1767	0.0053	0.0049	
27.5	-1.1768	0.0052	0.0049	
28.0	-1.1775	0.0050	0.0049	
28.5	-1.1774	0.0048	0.0049	
28.5	-1.1774	0.0048	0.0049	
28.5	-1.1774	0.0048	0.0049	
31.5	-1.1777	0.0033	0.0049	
31.5	-1.1777	0.0033	0.0049	
32.0	-1.1775	0.0033	0.0049	
32.0	-1.1775	0.0033	0.0049	
32.5	-1.1776	0.0031	0.0049	
32.5	-1.1776	0.0031	0.0049	
32.5	-1.1776	0.0031	0.0049	
33.0	-1.1775	0.0030	0.0049	
33.0	-1.1775	0.0030	0.0049	
33.0	-1.1775	0.0030	0.0049	
33.5	-1.1775	0.0030	0.0049	
33.5	-1.1775	0.0030	0.0049	
33.5	-1.1775	0.0030	0.0049	
34.0	-1.1782	0.0028	0.0049	
34.0	-1.1782	0.0028	0.0049	
34.0	-1.1782	0.0028	0.0049	
34.5	-1.1777	0.0027	0.0049	
34.5	-1.1777	0.0027	0.0049	
35.0	-1.1765	0.0027	0.0049	
35.0	-1.1765	0.0027	0.0049	
35.0	-1.1765	0.0027	0.0049	
35.5	-1.1756	0.0029	0.0049	
35.5	-1.1756	0.0029	0.0049	
36.0	-1.1749	0.0032	0.0053	
36.5	-1.1749	0.0034	0.0053	
36.5	-1.1749	0.0034	0.0053	
36.5	-1.1749	0.0034	0.0053	
37.0	-1.1759	0.0035	0.0053	
37.0	-1.1759	0.0035	0.0053	
37.5	-1.1766	0.0035	0.0053	
37.5	-1.1766	0.0035	0.0053	
37.5	-1.1766	0.0035	0.0053	
38.0	-1.1753	0.0036	0.0053	
38.0	-1.1753	0.0036	0.0053	
38.0	-1.1753	0.0036	0.0053	
228.5	-1.1772	-0.0005	0.0044	
228.5	-1.1772	-0.0005	0.0044	
228.5	-1.1772	-0.0005	0.0044	
229.0	-1.1771	-0.0003	0.0044	
229.0	-1.1771	-0.0003	0.0044	
229.5	-1.1778	-0.0002	0.0044	
229.5	-1.1778	-0.0002	0.0044	
230.0	-1.1783	-0.0002	0.0044	
230.0	-1.1783	-0.0002	0.0044	
230.0	-1.1783	-0.0002	0.0044	
230.5	-1.1784	-0.0001	0.0044	
230.5	-1.1784	-0.0001	0.0044	
230.5	-1.1784	-0.0001	0.0044	
231.0	-1.1792	-0.0001	0.0044	
231.0	-1.1792	-0.0001	0.0044	
231.5	-1.1798	-0.0001	0.0044	
231.5	-1.1798	-0.0001	0.0044	
231.5	-1.1798	-0.0001	0.0044	
232.0	-1.1796	-0.0001	0.0044	
232.0	-1.1796	-0.0001	0.0044	
986.0	-1.1767	-0.0022	0.0070	
986.0	-1.1767	-0.0022	0.0070	
986.5	-1.1771	-0.0022	0.0070	
986.5	-1.1771	-0.0022	0.0070	
987.0	-1.1768	-0.0022	0.0070	
987.0	-1.1768	-0.0022	0.0070	
987.5	-1.1771	-0.0022	0.0070	
988.0	-1.1778	-0.0021	0.0070	
988.0	-1.1778	-0.0021	0.0070	
988.0	-1.1778	-0.0021	0.0070	
988.5	-1.1778	-0.0019	0.0056	
988.5	-1.1778	-0.0019	0.0056	
989.0	-1.1773	-0.0018	0.0056	
989.0	-1.1773	-0.0018	0.0056	
989.0	-1.1773	-0.0018	0.0056	
989.5	-1.1777	-0.0017	0.0056	
989.5	-1.1777	-0.0017	0.0056	
990.0	-1.1774	-0.0017	0.0056	
990.0	-1.1774	-0.0017	0.0056	
990.0	-1.1774	-0.0017	0.0056	
990.5	-1.1772	-0.0017	0.0056	
990.5	-1.1772	-0.0017	0.0056	
990.5	-1.1772	-0.0017	0.0056	
991.0	-1.1773	-0.0017	0.0056	
991.0	-1.1773	-0.0017	0.0056	
991.0	-1.1773	-0.0017	0.0056	
991.6	-1.1769	-0.0017	0.0056	
991.6	-1.1769	-0.0017	0.0056	
992.0	-1.1769	-0.0016	0.0056	
992.0	-1.1769	-0.0016	0.0056	
992.0	-1.1769	-0.0016	0.0056	
992.5	-1.1768	-0.0015	0.0056	
992.5	-1.1768	-0.0015	0.0056	
993.0	-1.1772	-0.0014	0.0056	
993.0	-1.1772	-0.0014	0.0056	
993.5	-1.1770	-0.0012	0.0056	
993.5	-1.1770	-0.0012	0.0056	
993.5	-1.1770	-0.0012	0.0056	
994.0	-1.1769	-0.0011	0.0056	
994.0	-1.1769	-0.0011	0.0056	
1612.5	-1.1594	0.0003	0.0048	
1613.0	-1.1601	0.0003	0.0048	
1613.0	-1.1601	0.0003	0.0048	
1613.5	-1.1601	0.0003	0.0048	
1613.5	-1.1601	0.0003	0.0048	
1614.0	-1.1606	0.0002	0.0048	
1614.0	-1.1606	0.0002	0.0048	
1614.5	-1.1590	0.0003	0.0048	
1614.5	-1.1590	0.0003	0.0048	
1614.5	-1.1590	0.0003	0.0048	
1615.1	-1.1587	0.0004	0.0048	
1615.1	-1.1587	0.0004	0.0048	
1615.1	-1.1587	0.0004	0.0048	
1615.5	-1.1575	0.0005	0.0048	
1615.5	-1.1575	0.0005	0.0048	
1616.0	-1.1584	0.0007	0.0048	
1616.0	-1.1584	0.0007	0.0048	
1616.0	-1.1584	0.0007	0.0048	
1616.5	-1.1585	0.0007	0.0048	
1616.5	-1.1585	0.0007	0.0048	
1616.5	-1.1585	0.0007	0.0048	
1617.0	-1.1577	0.0009	0.0048	
1617.0	-1.1577	0.0009	0.0048	
1617.5	-1.1576	0.0010	0.0048	
1617.5	-1.1576	0.0010	0.0048	
1617.5	-1.1576	0.0010	0.0048	
1618.0	-1.1586	0.0011	0.0048	
1618.0	-1.1586	0.0011	0.0048	
1618.5	-1.1589	0.0012	0.0048	
1618.5	-1.1589	0.0012	0.0048	
1618.5	-1.1589	0.0012	0.0048	
1619.0	-1.1595	0.0013	0.0048	
1619.0	-1.1595	0.0013	0.0048	
1619.0	-1.1595	0.0013	0.0048	
1619.5	-1.1594	0.0014	0.0048	
1619.5	-1.1594	0.0014	0.0048	
1620.0	-1.1592	0.0016	0.0048	
1620.0	-1.1592	0.0016	0.0048	
1620.0	-1.1592	0.0016	0.0048	
2274.5	-1.1353	0.0012	0.0117	
2275.0	-1.1347	0.0013	0.0117	
2276.0	-1.1348	0.0015	0.0117	
2276.5	-1.1347	0.0016	0.0117	
2277.0	-1.1339	0.0018	0.0117	
2277.0	-1.1339	0.0018	0.0117	
2277.5	-1.1343	0.0019	0.0117	
2278.0	-1.1331	0.0021	0.0119	
2278.5	-1.1334	0.0023	0.0119	
2279.1	-1.1337	0.0023	0.0119	
2279.5	-1.1345	0.0024	0.0119	
2280.0	-1.1349	0.0025	0.0119	
2281.0	-1.1342	0.0028	0.0119	
2281.5	-1.1343	0.0029	0.0119	
2282.0	-1.1340	0.0031	0.0119	
2282.5	-1.1335	0.0032	0.0119	
2283.0	-1.1342	0.0033	0.0119	
2283.5	-1.1354	0.0035	0.0119	
2284.0	-1.1351	0.0036	0.0119	
