Date:	Thu, Dec 12, 2013		
measured by:	Rotem		
HOPG, stable-ish at t>250s			
Time [s]	CPD stream	Light	SPV
0.000000	-339.891000		
0.500000	-340.106000		
1.000000	-339.938000		
1.501000	-339.928000		
2.000000	-339.837000		
2.501000	-340.158000		
3.000000	-339.764000		
3.501000	-340.050000		
4.000000	-339.891000		
4.501000	-339.826000		
5.000000	-339.816000		
5.501000	-340.147000		
6.001000	-340.298000		
6.501000	-340.211000		
7.001000	-340.269000		
7.500000	-340.533000		
8.001000	-340.293000		
8.500000	-340.086000		
9.001000	-340.085000		
9.500000	-340.329000		
10.001000	-340.344000		
10.500000	-340.686000		
11.001000	-340.645000		
11.501000	-340.554000		
12.001000	-340.544000		
12.501000	-340.612000		
13.001000	-340.806000		
13.501000	-340.772000		
14.001000	-340.507000		
14.501000	-340.464000		
15.001000	-340.485000		
15.501000	-340.623000		
16.001000	-340.773000		
16.501000	-340.854000		
17.001000	-340.852000		
17.501000	-340.682000		
18.001000	-340.647000		
18.501000	-340.896000		
19.001000	-341.117000		
19.501000	-341.108000		
20.001000	-341.375000		
20.501000	-341.195000		
21.001000	-340.993000		
21.501000	-340.710000		
22.001000	-340.988000		
22.501000	-341.211000		
23.001000	-341.126000		
23.501000	-340.941000		
24.001000	-340.993000		
24.501000	-340.925000		
25.001000	-341.014000		
25.501000	-341.321000		
26.001000	-341.459000		
26.501000	-341.135000		
27.001000	-341.285000		
27.501000	-341.380000		
28.001000	-341.356000		
28.501000	-341.282000		
29.001000	-341.268000		
29.501000	-341.345000		
30.001000	-340.864000		
30.501000	-341.364000		
31.001000	-341.385000		
31.501000	-341.180000		
32.001000	-341.290000		
32.501000	-341.416000		
33.001000	-341.215000		
33.501000	-341.287000		
34.001000	-341.412000		
34.501000	-341.179000		
35.001000	-341.538000		
35.501000	-342.049000		
36.001000	-341.557000		
36.501000	-341.129000		
37.001000	-341.250000		
37.501000	-341.398000		
38.001000	-341.423000		
38.501000	-341.833000		
39.001000	-341.847000		
39.501000	-342.108000		
40.001000	-341.894000		
40.501000	-341.890000		
41.001000	-341.779000		
41.501000	-341.980000		
42.001000	-341.879000		
42.501000	-341.890000		
43.001000	-341.809000		
43.501000	-341.919000		
44.001000	-341.879000		
44.501000	-342.197000		
45.001000	-342.241000		
45.501000	-341.995000		
46.001000	-341.967000		
46.501000	-341.830000		
47.001000	-341.553000		
47.501000	-341.779000		
48.001000	-341.562000		
48.501000	-341.653000		
49.001000	-341.989000		
49.501000	-342.183000		
50.001000	-342.033000		
50.501000	-341.762000		
51.001000	-341.891000		
51.501000	-342.327000		
52.001000	-342.438000		
52.501000	-342.650000		
53.001000	-342.809000		
53.501000	-342.869000		
54.001000	-342.692000		
54.501000	-342.579000		
55.001000	-343.126000		
55.501000	-343.304000		
56.001000	-342.852000		
56.501000	-343.120000		
57.001000	-343.145000		
57.501000	-343.304000		
58.001000	-342.960000		
58.501000	-342.702000		
59.001000	-342.446000		
59.501000	-342.415000		
60.001000	-342.658000		
60.501000	-342.767000		
61.001000	-342.271000		
61.501000	-342.668000		
62.001000	-342.705000		
62.501000	-342.587000		
63.001000	-342.877000		
63.501000	-343.484000		
64.001000	-343.543000		
64.501000	-343.218000		
65.001000	-342.886000		
65.501000	-342.841000		
66.001000	-343.121000		
66.501000	-343.226000		
67.001000	-342.899000		
67.501000	-343.132000		
68.001000	-343.429000		
68.501000	-343.284000		
69.001000	-343.214000		
69.501000	-343.357000		
70.001000	-343.280000		
70.501000	-342.772000		
71.001000	-342.427000		
71.501000	-342.778000		
72.001000	-343.153000		
72.501000	-343.527000		
73.001000	-343.611000		
73.501000	-343.660000		
74.001000	-343.596000		
74.501000	-343.271000		
75.001000	-343.461000		
75.501000	-343.483000		
76.001000	-343.094000		
76.501000	-343.063000		
77.001000	-343.171000		
77.501000	-343.833000		
78.001000	-343.617000		
78.501000	-343.552000		
79.001000	-343.543000		
79.501000	-343.753000		
80.001000	-343.370000		
80.501000	-343.384000		
81.001000	-343.573000		
81.501000	-343.721000		
82.001000	-343.853000		
82.501000	-343.768000		
83.001000	-343.779000		
83.501000	-344.065000		
84.001000	-344.154000		
84.501000	-344.104000		
85.001000	-343.813000		
85.501000	-343.807000		
86.001000	-343.665000		
86.501000	-343.623000		
87.001000	-343.817000		
87.501000	-343.730000		
88.001000	-343.629000		
88.501000	-343.501000		
89.001000	-343.959000		
89.501000	-343.951000		
90.001000	-343.894000		
90.501000	-344.149000		
91.001000	-344.333000		
91.501000	-344.250000		
92.001000	-344.421000		
92.501000	-344.584000		
93.001000	-344.343000		
93.501000	-344.257000		
94.001000	-344.025000		
94.501000	-343.871000		
95.001000	-344.102000		
95.501000	-344.046000		
96.001000	-344.141000		
96.501000	-344.117000		
97.001000	-344.031000		
97.501000	-344.033000		
98.001000	-344.132000		
98.501000	-344.060000		
99.001000	-344.095000		
99.501000	-343.994000		
100.001000	-343.845000		
100.501000	-344.204000		
101.001000	-344.331000		
101.501000	-344.115000		
102.001000	-344.183000		
102.501000	-344.294000		
103.001000	-344.396000		
103.501000	-344.271000		
104.001000	-344.408000		
104.501000	-344.303000		
105.001000	-344.787000		
105.501000	-344.487000		
106.001000	-344.426000		
106.501000	-344.682000		
107.001000	-345.039000		
107.501000	-345.068000		
108.001000	-344.935000		
108.501000	-344.692000		
109.001000	-344.634000		
109.501000	-344.698000		
110.001000	-344.484000		
110.501000	-344.707000		
111.001000	-344.846000		
111.501000	-344.624000		
112.001000	-344.638000		
112.501000	-344.570000		
113.001000	-344.397000		
113.501000	-344.299000		
114.001000	-344.123000		
114.501000	-344.616000		
115.001000	-345.100000		
115.501000	-345.230000		
116.001000	-345.010000		
116.501000	-344.999000		
117.001000	-344.916000		
117.501000	-345.060000		
118.001000	-344.882000		
118.501000	-344.661000		
119.001000	-344.902000		
119.501000	-344.799000		
120.001000	-344.575000		
120.501000	-344.802000		
121.001000	-345.238000		
121.501000	-345.254000		
122.001000	-344.876000		
122.501000	-344.884000		
123.001000	-344.678000		
123.501000	-344.674000		
124.001000	-344.818000		
124.501000	-345.085000		
125.001000	-345.193000		
125.501000	-345.003000		
126.001000	-344.878000		
126.501000	-345.011000		
127.001000	-345.221000		
127.501000	-345.313000		
128.001000	-345.244000		
128.501000	-345.293000		
129.001000	-345.218000		
129.501000	-345.300000		
130.001000	-345.299000		
130.501000	-345.350000		
131.001000	-345.255000		
131.501000	-345.136000		
132.001000	-345.041000		
132.501000	-345.052000		
133.001000	-344.899000		
133.501000	-345.048000		
134.001000	-345.133000		
134.501000	-345.228000		
135.001000	-345.168000		
135.501000	-345.332000		
136.001000	-345.295000		
136.501000	-345.127000		
137.001000	-345.083000		
137.501000	-345.144000		
138.001000	-345.062000		
138.501000	-345.337000		
139.001000	-345.486000		
139.501000	-345.670000		
140.001000	-345.861000		
140.501000	-346.320000		
141.001000	-346.254000		
141.501000	-346.048000		
142.001000	-345.997000		
142.501000	-346.239000		
143.001000	-346.192000		
143.501000	-345.743000		
144.001000	-345.702000		
144.501000	-345.894000		
145.001000	-345.746000		
145.501000	-345.426000		
146.001000	-345.348000		
146.501000	-345.406000		
147.001000	-345.554000		
147.501000	-345.381000		
148.001000	-345.936000		
148.501000	-345.952000		
149.001000	-345.897000		
149.501000	-345.900000		
150.001000	-345.758000		
150.501000	-345.825000		
151.001000	-345.810000		
151.501000	-345.730000		
152.001000	-345.903000		
152.501000	-345.740000		
153.001000	-345.893000		
153.501000	-345.799000		
154.001000	-345.712000		
154.501000	-345.711000		
155.001000	-345.772000		
155.501000	-345.479000		
156.001000	-345.520000		
156.501000	-345.511000		
157.001000	-345.494000		
157.501000	-345.739000		
158.001000	-345.913000		
158.501000	-345.619000		
159.001000	-345.446000		
159.501000	-345.876000		
160.001000	-346.103000		
160.501000	-346.040000		
161.001000	-346.009000		
161.501000	-345.856000		
162.001000	-346.051000		
162.501000	-345.892000		
163.001000	-346.094000		
163.501000	-346.458000		
164.001000	-346.350000		
164.501000	-346.426000		
165.001000	-346.278000		
165.501000	-346.606000		
166.001000	-346.461000		
166.501000	-346.396000		
167.001000	-346.626000		
167.501000	-346.204000		
168.001000	-346.202000		
168.501000	-346.258000		
169.001000	-346.389000		
169.501000	-345.994000		
170.001000	-345.857000		
170.501000	-346.087000		
171.001000	-346.087000		
171.501000	-346.252000		
172.001000	-346.288000		
172.501000	-346.493000		
173.001000	-346.800000		
173.501000	-346.613000		
174.001000	-346.729000		
174.501000	-346.828000		
175.001000	-346.839000		
175.501000	-346.751000		
176.001000	-346.387000		
176.501000	-346.059000		
177.001000	-346.267000		
177.501000	-346.045000		
178.001000	-346.358000		
178.501000	-346.366000		
179.001000	-346.352000		
179.501000	-346.189000		
180.001000	-346.061000		
180.501000	-346.211000		
181.001000	-346.231000		
181.501000	-346.410000		
182.001000	-346.445000		
182.501000	-346.757000		
183.001000	-346.716000		
183.501000	-346.592000		
184.001000	-346.813000		
184.501000	-346.760000		
185.001000	-346.259000		
185.501000	-346.323000		
186.001000	-346.590000		
186.501000	-346.456000		
187.001000	-346.452000		
187.501000	-346.644000		
188.001000	-346.420000		
188.501000	-346.408000		
189.001000	-346.431000		
189.501000	-346.512000		
190.001000	-346.608000		
190.501000	-346.664000		
191.001000	-347.022000		
191.501000	-347.040000		
192.001000	-347.063000		
192.501000	-346.872000		
193.001000	-346.526000		
193.501000	-346.557000		
194.001000	-346.784000		
194.501000	-346.599000		
195.001000	-346.515000		
195.501000	-346.444000		
196.001000	-346.704000		
196.501000	-346.957000		
197.001000	-347.313000		
197.501000	-347.218000		
198.001000	-346.714000		
198.501000	-346.733000		
199.001000	-346.392000		
199.501000	-346.850000		
200.001000	-346.835000		
200.501000	-346.295000		
201.001000	-346.538000		
201.501000	-346.830000		
202.001000	-346.986000		
202.501000	-346.941000		
203.001000	-346.845000		
203.501000	-346.843000		
204.001000	-346.781000		
204.501000	-346.594000		
205.001000	-346.459000		
205.501000	-346.272000		
206.001000	-346.696000		
206.501000	-346.648000		
207.001000	-346.458000		
207.501000	-346.610000		
208.001000	-346.825000		
208.501000	-346.619000		
209.001000	-346.817000		
209.501000	-347.095000		
210.001000	-346.918000		
210.501000	-347.276000		
211.001000	-347.143000		
211.501000	-346.812000		
212.001000	-346.910000		
212.501000	-346.886000		
213.001000	-346.993000		
213.501000	-347.054000		
214.001000	-347.251000		
214.501000	-347.228000		
215.001000	-347.322000		
215.501000	-347.508000		
216.001000	-347.176000		
216.501000	-346.961000		
217.001000	-347.036000		
217.501000	-347.074000		
218.001000	-347.194000		
218.501000	-347.017000		
219.001000	-347.009000		
219.501000	-347.193000		
220.001000	-347.122000		
220.501000	-347.232000		
221.001000	-347.280000		
221.501000	-347.302000		
222.001000	-347.521000		
222.501000	-347.797000		
223.001000	-347.780000		
223.501000	-347.533000		
224.001000	-347.341000		
224.501000	-347.143000		
225.001000	-347.161000		
225.501000	-347.207000		
226.001000	-347.030000		
226.501000	-347.106000		
227.001000	-346.922000		
227.500000	-346.992000		
228.001000	-347.191000		
228.500000	-347.041000		
229.001000	-346.840000		
229.500000	-346.951000		
230.001000	-347.080000		
230.500000	-347.294000		
231.001000	-347.269000		
231.500000	-347.234000		
232.000000	-346.877000		
232.501000	-346.744000		
233.000000	-346.816000		
233.501000	-346.775000		
234.000000	-347.086000		
234.501000	-346.840000		
235.000000	-346.984000		
235.501000	-346.986000		
236.000000	-346.976000		
236.501000	-346.883000		
237.001000	-346.921000		
237.501000	-347.214000		
238.001000	-347.105000		
238.501000	-347.210000		
239.001000	-347.079000		
239.501000	-347.321000		
240.001000	-347.512000		
240.501000	-347.579000		
241.001000	-347.815000		
241.501000	-347.554000		
242.001000	-347.556000		
242.501000	-347.545000		
243.001000	-347.671000		
243.501000	-347.657000		
244.001000	-347.277000		
244.501000	-347.393000		
245.001000	-347.772000		
245.501000	-347.243000		
246.001000	-347.629000		
246.501000	-347.944000		
247.001000	-347.833000		
247.501000	-347.501000		
248.001000	-347.558000		
248.501000	-347.917000		
249.001000	-347.931000		
249.501000	-347.810000		
250.001000	-347.557000		
250.501000	-347.351000		
251.001000	-347.515000		
251.501000	-347.141000		
252.001000	-347.386000		
252.501000	-347.672000		
253.001000	-347.677000		
253.501000	-347.830000		
254.001000	-347.940000		
254.501000	-347.401000		
255.001000	-347.711000		
255.501000	-347.567000		
256.001000	-347.650000		
256.501000	-348.067000		
257.001000	-348.270000		
257.501000	-348.194000		
258.001000	-348.101000		
258.501000	-347.846000		
259.001000	-347.598000		
259.501000	-347.654000		
260.001000	-347.320000		
260.501000	-347.056000		
261.001000	-347.354000		
261.501000	-347.653000		
262.001000	-348.093000		
262.501000	-348.390000		
263.001000	-348.000000		
263.501000	-347.702000		
264.001000	-347.675000		
264.501000	-347.887000		
265.000000	-347.636000		
265.501000	-348.020000		
266.001000	-347.863000		
266.500000	-347.918000		
267.001000	-347.843000		
267.501000	-347.623000		
268.001000	-347.580000		
268.501000	-347.950000		
269.001000	-347.934000		
269.500000	-347.520000		
270.000000	-347.817000		
270.500000	-347.754000		
271.000000	-347.962000		
271.500000	-347.753000		
272.000000	-347.726000		
272.500000	-347.773000		
273.000000	-348.077000		
273.501000	-347.993000		
274.001000	-348.271000		
274.501000	-348.180000		
275.001000	-348.168000		
275.501000	-348.278000		
276.001000	-347.781000		
276.501000	-347.785000		
277.001000	-347.700000		
277.501000	-347.851000		
278.001000	-347.871000		
278.500000	-348.134000		
279.001000	-348.426000		
279.501000	-348.269000		
280.000000	-348.265000		
280.501000	-348.343000		
281.000000	-348.502000		
281.500000	-348.115000		
282.001000	-348.085000		
282.501000	-348.061000		
283.001000	-347.995000		
283.501000	-347.977000		
284.001000	-348.002000		
284.501000	-348.178000		
285.001000	-348.306000		
285.500000	-348.181000		
286.000000	-348.317000		
286.500000	-348.104000		
287.000000	-348.115000		
