Date:	Thu, Dec 12, 2013		
measured by:	Rotem		
SiH-AlO3 CPD SPV			
Time [s]	CPD stream	Light	SPV
0.000000	-576.191000		
0.499000	-576.188000		
0.999000	-576.099000		
1.499000	-576.181000		
1.999000	-576.475000		
2.500000	-576.780000		
2.999000	-576.828000		
3.500000	-576.713000		
3.999000	-576.526000		
4.500000	-576.806000		
4.999000	-577.003000		
5.500000	-576.690000		
6.000000	-576.666000		
6.499000	-576.853000		
7.000000	-576.964000		
7.499000	-577.206000		
8.000000	-577.248000		
8.499000	-576.895000		
9.000000	-576.679000		
9.500000	-576.748000		
9.999000	-576.822000		
10.499000	-576.995000		
11.000000	-577.172000		
11.500000	-576.770000		
12.000000	-576.812000		
12.500000	-576.900000		
13.000000	-576.707000		
13.499000	-576.487000		
14.000000	-576.701000		
14.500000	-576.564000		
15.000000	-576.503000		
15.500000	-576.620000		
16.000000	-576.608000		
16.500000	-576.347000		
17.000000	-576.145000		
17.500000	-576.443000		
18.000000	-576.792000		
18.500000	-576.666000		
19.000000	-576.706000		
19.500000	-576.724000		
19.999000	-576.596000		
20.499000	-576.606000		
20.999000	-576.634000		
21.499000	-576.561000		
21.999000	-576.680000		
22.499000	-577.096000		
22.999000	-577.143000		
23.499000	-576.593000		
23.999000	-576.633000		
24.499000	-576.879000		
24.999000	-576.589000		
25.499000	-576.427000		
25.999000	-576.935000		
26.500000	-576.878000		
27.000000	-577.134000		
27.500000	-577.114000		
28.000000	-577.428000		
28.500000	-577.282000		
29.000000	-577.325000		
29.500000	-577.379000		
30.000000	-577.195000		
30.500000	-577.138000		
31.000000	-577.002000		
31.500000	-577.252000		
32.000000	-577.185000		
32.500000	-577.399000		
33.000000	-577.819000		
33.500000	-578.014000		
34.000000	-578.186000		
34.500000	-577.949000		
35.000000	-577.852000		
35.500000	-577.551000		
36.000000	-577.673000		
36.500000	-577.150000		
37.000000	-576.991000		
37.500000	-577.061000		
38.000000	-576.835000		
38.500000	-576.974000		
39.000000	-577.191000		
39.500000	-577.387000		
40.000000	-577.099000		
40.500000	-577.020000		
41.000000	-577.611000		
41.500000	-577.897000		
42.000000	-578.166000		
42.500000	-578.052000		
43.000000	-577.756000		
43.500000	-577.577000		
44.000000	-577.266000		
44.500000	-577.612000		
45.000000	-577.743000		
45.500000	-577.973000		
46.000000	-577.774000		
46.500000	-577.719000		
47.000000	-577.762000		
47.500000	-577.670000		
48.000000	-577.624000		
48.500000	-577.643000		
49.000000	-577.611000		
49.500000	-577.488000		
50.000000	-577.665000		
50.500000	-577.681000		
51.000000	-577.771000		
51.500000	-577.667000		
52.000000	-577.628000		
52.500000	-577.709000		
53.000000	-577.529000		
53.500000	-577.402000		
54.000000	-577.287000		
54.500000	-577.533000		
55.000000	-577.572000		
55.500000	-577.845000		
56.000000	-577.781000		
56.500000	-578.053000		
57.000000	-577.838000		
57.500000	-577.905000		
58.000000	-577.705000		
58.500000	-577.477000		
59.000000	-577.655000		
59.500000	-577.777000		
60.000000	-578.144000		
60.500000	-578.142000		
61.000000	-578.084000		
61.500000	-577.809000		
62.000000	-576.863000		
62.500000	-577.220000		
63.000000	-577.770000		
63.500000	-577.982000		
64.000000	-578.138000		
64.500000	-578.288000		
65.000000	-578.127000		
65.500000	-577.891000		
66.000000	-578.100000		
66.500000	-577.828000		
67.000000	-578.153000		
67.500000	-578.633000		
68.000000	-578.469000		
68.500000	-578.359000		
69.000000	-578.188000		
69.500000	-578.127000		
70.000000	-578.132000		
70.500000	-578.049000		
71.000000	-578.126000		
71.500000	-578.180000		
72.000000	-578.271000		
72.500000	-578.224000		
73.000000	-578.243000		
73.500000	-578.413000		
74.000000	-578.321000		
74.500000	-578.073000		
75.000000	-578.022000		
75.500000	-577.898000		
76.000000	-578.198000		
76.500000	-578.158000		
77.000000	-578.338000		
77.500000	-578.629000		
78.000000	-578.356000		
78.500000	-578.510000		
79.000000	-578.740000		
79.500000	-578.537000		
80.000000	-577.911000		
80.500000	-578.111000		
81.000000	-578.219000		
81.500000	-578.665000		
82.000000	-578.726000		
82.500000	-578.328000		
83.000000	-578.212000		
83.500000	-577.799000		
84.000000	-577.793000		
84.500000	-578.158000		
85.000000	-577.363000		
85.500000	-577.132000		
86.000000	-576.924000		
86.500000	-576.901000		
87.000000	-577.102000		
87.500000	-577.711000		
88.000000	-578.117000		
88.500000	-578.189000		
89.000000	-577.899000		
89.500000	-578.077000		
90.000000	-578.342000		
90.500000	-578.713000		
91.000000	-579.126000		
91.500000	-579.079000		
92.000000	-578.303000		
92.500000	-578.242000		
93.000000	-578.443000		
93.500000	-578.130000		
94.000000	-577.597000		
94.500000	-577.628000		
95.000000	-577.805000		
95.500000	-577.884000		
96.000000	-577.940000		
96.500000	-577.971000		
97.000000	-578.307000		
97.500000	-578.731000		
98.000000	-579.155000		
98.500000	-579.029000		
99.000000	-579.099000		
99.500000	-578.660000		
100.000000	-578.568000		
100.500000	-578.664000		
101.000000	-578.679000		
101.500000	-578.592000		
102.000000	-578.718000		
102.500000	-578.534000		
103.000000	-578.397000		
103.500000	-578.623000		
104.000000	-578.497000		
104.500000	-578.525000		
105.000000	-578.605000		
105.500000	-578.437000		
106.000000	-578.643000		
106.500000	-578.696000		
107.000000	-578.495000		
107.500000	-578.722000		
108.000000	-579.190000		
108.500000	-579.415000		
109.000000	-579.398000		
109.500000	-579.254000		
110.000000	-579.288000		
110.500000	-578.791000		
111.000000	-578.782000		
111.500000	-578.573000		
112.000000	-578.361000		
112.500000	-578.925000		
113.000000	-578.945000		
113.500000	-578.936000		
114.000000	-578.881000		
114.500000	-578.863000		
115.000000	-579.095000		
115.500000	-578.959000		
116.000000	-578.996000		
116.500000	-579.298000		
117.000000	-579.267000		
117.500000	-579.057000		
118.000000	-579.096000		
118.500000	-579.037000		
119.000000	-579.097000		
119.500000	-579.356000		
120.000000	-579.148000		
120.500000	-579.260000		
121.000000	-579.141000		
121.500000	-578.865000		
122.000000	-579.020000		
122.500000	-579.201000		
123.000000	-579.385000		
123.500000	-579.372000		
124.000000	-578.992000		
124.500000	-578.768000		
125.000000	-578.963000		
125.500000	-579.205000		
126.000000	-579.471000		
126.500000	-579.378000		
127.000000	-579.063000		
127.500000	-578.693000		
128.000000	-578.703000		
128.500000	-578.712000		
129.000000	-578.681000		
129.500000	-579.033000		
130.000000	-579.090000		
130.500000	-578.932000		
131.000000	-579.024000		
131.500000	-578.996000		
132.000000	-578.923000		
132.500000	-578.700000		
133.000000	-578.911000		
133.500000	-579.250000		
134.000000	-579.450000		
134.500000	-579.309000		
135.000000	-579.295000		
135.500000	-579.001000		
136.000000	-579.069000		
136.500000	-579.060000		
137.000000	-579.357000		
137.500000	-579.479000		
138.000000	-579.106000		
138.500000	-578.992000		
139.000000	-579.316000		
139.500000	-579.442000		
140.000000	-579.317000		
140.500000	-579.347000		
141.000000	-579.610000		
141.500000	-579.485000		
142.000000	-579.376000		
142.500000	-579.396000		
143.000000	-579.190000		
143.500000	-578.993000		
144.000000	-579.097000		
144.500000	-578.865000		
145.000000	-578.669000		
145.500000	-578.649000		
146.000000	-578.905000		
146.500000	-579.202000		
147.000000	-579.157000		
147.500000	-579.349000		
148.000000	-579.400000		
148.500000	-579.330000		
149.000000	-579.444000		
149.500000	-579.325000		
150.000000	-579.186000		
150.500000	-579.058000		
151.000000	-579.188000		
151.500000	-579.181000		
152.000000	-579.381000		
152.500000	-579.338000		
153.000000	-579.195000		
153.500000	-579.307000		
154.000000	-579.398000		
154.500000	-579.238000		
155.000000	-578.951000		
155.500000	-578.907000		
156.000000	-579.111000		
156.500000	-579.161000		
157.000000	-579.082000		
157.500000	-579.164000		
158.000000	-579.546000		
158.500000	-579.418000		
159.000000	-579.575000		
159.500000	-579.625000		
160.000000	-579.224000		
160.500000	-579.193000		
161.000000	-579.795000		
161.500000	-579.951000		
162.000000	-579.895000		
162.500000	-579.818000		
163.000000	-579.611000		
163.500000	-579.800000		
164.000000	-579.664000		
164.500000	-579.727000		
165.000000	-579.726000		
165.500000	-579.682000		
166.000000	-579.775000		
166.500000	-579.746000		
167.000000	-580.130000		
167.500000	-579.855000		
168.000000	-579.962000		
168.500000	-579.713000		
169.000000	-579.353000		
169.500000	-579.488000		
170.000000	-579.503000		
170.500000	-579.621000		
171.000000	-579.634000		
171.500000	-579.605000		
172.000000	-579.688000		
172.500000	-579.835000		
173.000000	-579.841000		
173.500000	-579.666000		
174.000000	-579.525000		
174.500000	-579.706000		
175.000000	-579.649000		
175.500000	-579.044000		
176.000000	-579.316000		
176.500000	-579.359000		
177.000000	-579.471000		
177.500000	-579.877000		
178.000000	-579.911000		
178.500000	-579.735000		
179.000000	-579.787000		
179.500000	-579.651000		
180.000000	-579.784000		
180.500000	-579.670000		
181.000000	-579.655000		
181.500000	-579.734000		
182.000000	-579.628000		
182.500000	-579.640000		
183.000000	-579.924000		
183.500000	-579.832000		
184.000000	-579.562000		
184.500000	-579.224000		
185.000000	-579.230000		
185.500000	-579.025000		
186.000000	-579.046000		
186.500000	-579.397000		
187.000000	-579.818000		
187.500000	-579.843000		
188.000000	-579.870000		
188.500000	-580.253000		
189.000000	-579.696000		
189.500000	-579.692000		
190.000000	-579.879000		
190.500000	-579.962000		
191.000000	-580.033000		
191.500000	-580.026000		
192.000000	-579.911000		
192.500000	-579.826000		
193.000000	-579.973000		
193.500000	-580.220000		
194.000000	-580.006000		
194.500000	-579.688000		
195.000000	-579.586000		
195.500000	-579.856000		
196.000000	-579.749000		
196.500000	-579.646000		
197.000000	-579.561000		
197.500000	-579.567000		
198.000000	-579.506000		
198.500000	-579.648000		
199.000000	-579.555000		
199.500000	-579.633000		
200.000000	-579.792000		
200.500000	-579.889000		
201.000000	-579.648000		
201.500000	-579.771000		
202.000000	-580.093000		
202.500000	-580.025000		
203.000000	-579.776000		
203.500000	-579.917000		
204.000000	-579.556000		
204.500000	-579.391000		
205.000000	-579.454000		
205.500000	-579.765000		
206.000000	-580.197000		
206.500000	-580.536000		
207.000000	-580.175000		
207.500000	-579.984000		
208.000000	-579.984000		
208.500000	-580.318000		
209.000000	-580.152000		
209.500000	-579.717000		
210.000000	-579.874000		
210.500000	-579.743000		
211.000000	-579.603000		
211.500000	-579.625000		
212.000000	-579.725000		
212.500000	-579.599000		
213.000000	-579.708000		
213.500000	-580.255000		
214.000000	-580.109000		
214.500000	-579.808000		
215.000000	-579.724000		
215.500000	-579.801000		
216.000000	-579.671000		
216.500000	-579.759000		
217.000000	-579.626000		
217.500000	-579.773000		
218.000000	-579.855000		
218.500000	-580.093000		
219.000000	-580.094000		
219.500000	-580.349000		
220.000000	-580.550000		
220.500000	-580.504000		
221.000000	-580.246000		
221.500000	-580.305000		
222.000000	-580.148000		
222.500000	-580.176000		
223.000000	-580.116000		
223.500000	-580.085000		
224.000000	-579.981000		
224.500000	-580.218000		
225.000000	-580.201000		
225.500000	-580.109000		
226.000000	-580.111000		
226.500000	-580.482000		
227.000000	-580.669000		
227.500000	-580.869000		
228.000000	-580.847000		
228.500000	-580.983000		
229.000000	-580.900000		
229.500000	-580.980000		
230.000000	-580.836000		
230.500000	-580.931000		
231.000000	-580.863000		
231.500000	-581.084000		
232.000000	-639.367000		
232.500000	-775.373000		
233.000000	-878.328000		
233.500000	-935.142000		
234.000000	-976.817000		
234.500000	-1005.552000		
235.000000	-1023.598000		
235.500000	-1033.357000		
236.000000	-1039.167000		
236.500000	-1042.590000		
237.000000	-1044.436000		
237.500000	-1045.823000		
238.000000	-1046.743000		
238.500000	-1046.861000		
239.000000	-1047.337000		
239.500000	-1047.555000		
240.000000	-1047.601000		
240.500000	-1047.421000		
241.000000	-1047.329000		
241.500000	-1047.306000		
242.000000	-1047.471000		
242.500000	-1047.651000		
243.000000	-1047.790000		
243.500000	-1048.017000		
244.000000	-1048.054000		
244.500000	-1048.070000		
245.000000	-1047.507000		
245.500000	-1047.608000		
246.000000	-1047.680000		
246.500000	-1047.599000		
247.000000	-1047.871000		
247.500000	-1047.860000		
248.000000	-1047.878000		
248.500000	-1047.623000		
249.000000	-1047.573000		
249.500000	-1048.739000		
250.000000	-1058.625000		
250.500000	-1070.829000		
251.000000	-1080.073000		
251.500000	-1085.268000		
252.000000	-1088.328000		
252.500000	-1090.161000		
253.000000	-1091.206000		
253.500000	-1091.814000		
254.000000	-1092.184000		
254.500000	-1092.434000		
255.000000	-1092.430000		
255.500000	-1092.268000		
256.000000	-1091.923000		
256.500000	-1091.879000		
257.000000	-1092.117000		
257.500000	-1092.313000		
258.000000	-1092.027000		
258.500000	-1091.837000		
259.000000	-1091.423000		
259.500000	-1091.232000		
260.000000	-1091.071000		
260.500000	-1091.146000		
261.000000	-1091.056000		
261.500000	-1090.617000		
262.000000	-1090.570000		
262.500000	-1090.532000		
263.000000	-1090.145000		
263.500000	-1090.132000		
264.000000	-1090.300000		
264.500000	-1094.432000		
265.000000	-1100.353000		
265.500000	-1104.717000		
266.000000	-1106.851000		
266.500000	-1108.060000		
267.000000	-1108.265000		
267.500000	-1108.368000		
268.000000	-1108.441000		
268.500000	-1107.937000		
269.000000	-1107.297000		
269.500000	-1107.139000		
270.000000	-1106.608000		
270.500000	-1105.958000		
271.000000	-1105.596000		
271.500000	-1105.495000		
272.000000	-1104.819000		
272.500000	-1104.592000		
273.000000	-1104.396000		
273.500000	-1103.763000		
274.000000	-1103.473000		
274.500000	-1103.108000		
275.000000	-1102.792000		
275.500000	-1102.485000		
276.000000	-1102.451000		
276.500000	-1104.392000		
277.000000	-1106.067000		
277.500000	-1106.993000		
278.000000	-1107.418000		
278.500000	-1107.171000		
279.000000	-1106.609000		
279.500000	-1105.951000		
280.000000	-1105.361000		
280.500000	-1104.738000		
281.000000	-1103.964000		
281.500000	-1103.705000		
282.000000	-1103.455000		
282.500000	-1102.810000		
283.000000	-1102.245000		
283.500000	-1101.775000		
284.000000	-1101.220000		
284.500000	-1100.621000		
285.000000	-1100.199000		
285.500000	-1099.707000		
286.000000	-1099.324000		
286.500000	-1098.934000		
287.000000	-1098.408000		
287.500000	-1098.137000		
288.000000	-1097.563000		
288.500000	-1097.115000		
289.000000	-1096.635000		
289.500000	-1096.120000		
290.000000	-1095.790000		
290.500000	-1095.387000		
291.000000	-1094.989000		
291.500000	-1094.908000		
292.000000	-1094.559000		
292.500000	-1093.654000		
293.000000	-1093.201000		
293.500000	-1092.817000		
294.000000	-1092.206000		
294.500000	-1092.076000		
295.000000	-1091.493000		
295.500000	-1091.015000		
296.000000	-1090.761000		
296.500000	-1090.595000		
297.000000	-1090.322000		
297.500000	-1089.844000		
298.000000	-1089.535000		
298.500000	-1089.460000		
299.000000	-1089.001000		
299.500000	-1088.285000		
300.000000	-1088.025000		
300.500000	-1087.489000		
301.000000	-1087.011000		
301.500000	-1086.508000		
302.000000	-1086.441000		
302.500000	-1085.718000		
303.000000	-1085.557000		
303.500000	-1085.233000		
304.000000	-1085.195000		
304.500000	-1084.854000		
305.000000	-1084.623000		
305.500000	-1084.530000		
306.000000	-1084.280000		
306.500000	-1083.988000		
307.000000	-1083.357000		
307.500000	-1083.280000		
308.000000	-1083.294000		
308.500000	-1083.023000		
309.000000	-1082.575000		
309.500000	-1082.397000		
310.000000	-1082.246000		
310.500000	-1082.051000		
311.000000	-1081.862000		
311.500000	-1081.240000		
312.000000	-1080.848000		
312.500000	-1081.000000		
313.000000	-1080.914000		
313.500000	-1080.862000		
314.000000	-1080.406000		
314.500000	-1079.962000		
315.000000	-1079.573000		
315.500000	-1079.261000		
316.000000	-1078.936000		
316.500000	-1078.703000		
317.000000	-1078.894000		
317.500000	-1078.435000		
318.000000	-1078.434000		
318.500000	-1078.137000		
319.000000	-1077.626000		
319.500000	-1077.510000		
320.000000	-1077.772000		
320.500000	-1077.506000		
321.000000	-1077.031000		
321.500000	-1076.738000		
322.000000	-1076.924000		
322.500000	-1077.081000		
323.000000	-1076.563000		
323.500000	-1076.152000		
324.000000	-1075.762000		
324.500000	-1075.085000		
325.000000	-1074.957000		
325.500000	-1074.663000		
326.000000	-1074.347000		
326.500000	-1074.323000		
327.000000	-1073.701000		
327.500000	-1073.116000		
328.000000	-1072.886000		
328.500000	-1072.706000		
329.000000	-1072.483000		
329.500000	-1072.264000		
330.000000	-1072.127000		
330.500000	-1072.035000		
331.000000	-1071.967000		
331.500000	-1071.470000		
332.000000	-1071.041000		
332.500000	-1070.885000		
333.000000	-1070.712000		
333.500000	-1070.469000		
334.000000	-1070.712000		
334.500000	-1067.595000		
335.000000	-1043.433000		
335.500000	-982.168000		
336.000000	-899.944000		
336.500000	-810.905000		
337.000000	-750.251000		
337.500000	-692.289000		
338.000000	-643.217000		
338.500000	-606.411000		
339.000000	-581.765000		
339.500000	-564.862000		
340.000000	-552.795000		
340.500000	-543.735000		
341.000000	-538.785000		
341.500000	-535.252000		
342.000000	-532.881000		
342.500000	-531.551000		
343.000000	-530.257000		
343.500000	-529.668000		
344.000000	-529.145000		
344.500000	-528.832000		
345.000000	-528.600000		
345.500000	-528.365000		
346.000000	-527.938000		
346.500000	-527.972000		
347.000000	-528.050000		
347.500000	-528.260000		
348.000000	-528.192000		
348.500000	-528.037000		
349.000000	-528.239000		
349.500000	-528.221000		
350.000000	-527.796000		
350.500000	-527.911000		
351.000000	-527.970000		
351.500000	-528.085000		
352.000000	-528.408000		
352.500000	-528.796000		
353.000000	-528.906000		
353.500000	-528.701000		
354.000000	-528.932000		
354.500000	-529.205000		
355.000000	-529.317000		
355.500000	-529.172000		
356.000000	-528.773000		
356.500000	-529.008000		
357.000000	-528.736000		
357.500000	-528.771000		
358.000000	-529.234000		
358.500000	-529.333000		
359.000000	-529.356000		
359.500000	-529.322000		
360.000000	-529.236000		
360.500000	-529.296000		
361.000000	-529.405000		
361.500000	-529.368000		
362.000000	-529.615000		
362.500000	-529.816000		
363.000000	-530.087000		
363.500000	-530.266000		
364.000000	-530.227000		
364.500000	-530.280000		
365.000000	-530.144000		
365.500000	-530.205000		
366.000000	-530.074000		
366.500000	-530.366000		
367.000000	-530.626000		
367.500000	-530.383000		
368.000000	-530.363000		
368.500000	-530.316000		
369.000000	-530.481000		
369.500000	-530.537000		
370.000000	-530.541000		
370.500000	-530.466000		
371.000000	-530.577000		
371.500000	-530.641000		
372.000000	-530.950000		
372.500000	-531.043000		
373.000000	-530.962000		
373.500000	-531.126000		
374.000000	-531.067000		
374.500000	-531.146000		
375.000000	-531.040000		
375.500000	-531.046000		
376.000000	-531.602000		
376.500000	-531.728000		
377.000000	-531.767000		
377.500000	-531.852000		
378.000000	-531.460000		
378.500000	-531.389000		
379.000000	-531.475000		
379.500000	-531.464000		
380.000000	-531.822000		
380.500000	-532.154000		
381.000000	-532.411000		
381.500000	-532.393000		
382.000000	-532.472000		
382.500000	-532.528000		
383.000000	-532.620000		
383.500000	-532.536000		
384.000000	-532.432000		
384.500000	-532.532000		
385.000000	-532.001000		
385.500000	-531.808000		
386.000000	-531.683000		
386.500000	-531.977000		
387.000000	-532.157000		
387.500000	-532.476000		
388.000000	-532.632000		
388.500000	-532.729000		
389.000000	-532.631000		
389.500000	-532.609000		
390.000000	-532.527000		
390.500000	-532.683000		
391.000000	-532.800000		
391.500000	-532.790000		
392.000000	-533.265000		
392.500000	-533.332000		
393.000000	-533.080000		
393.500000	-533.385000		
394.000000	-533.618000		
394.500000	-534.038000		
395.000000	-533.769000		
395.500000	-533.613000		
396.000000	-533.564000		
396.500000	-533.483000		
397.000000	-533.325000		
397.500000	-533.489000		
398.000000	-533.651000		
398.500000	-533.894000		
399.000000	-533.730000		
399.500000	-533.615000		
400.000000	-533.774000		
400.500000	-533.834000		
401.000000	-533.933000		
401.500000	-534.293000		
402.000000	-534.534000		
402.500000	-534.593000		
403.000000	-534.593000		
403.500000	-534.905000		
404.000000	-534.925000		
404.500000	-534.957000		
405.000000	-535.096000		
405.500000	-535.386000		
406.000000	-535.326000		
406.500000	-535.096000		
407.000000	-534.667000		
407.500000	-534.782000		
408.000000	-534.743000		
408.500000	-534.730000		
409.000000	-534.647000		
409.500000	-534.832000		
410.000000	-534.884000		
410.500000	-534.844000		
411.000000	-534.816000		
411.500000	-534.976000		
412.000000	-535.258000		
412.500000	-535.334000		
413.000000	-535.399000		
