Date:	Wed, Nov 20, 2013		
measured by:	Rotem		
SiH high resis. started 6 min 40 after etch			
Time [s]	CPD stream	Light	SPV
0.000000	-529.867000		
0.500000	-529.575000		
0.999000	-529.623000		
1.499000	-529.762000		
1.999000	-529.660000		
2.499000	-529.625000		
2.999000	-529.586000		
3.499000	-529.018000		
3.999000	-528.899000		
4.499000	-528.783000		
4.999000	-529.019000		
5.499000	-529.073000		
5.999000	-528.531000		
6.499000	-528.403000		
6.999000	-528.437000		
7.499000	-528.487000		
7.999000	-528.280000		
8.499000	-527.953000		
8.999000	-527.719000		
9.499000	-527.650000		
9.999000	-527.991000		
10.499000	-528.451000		
10.999000	-528.314000		
11.499000	-528.336000		
11.999000	-527.811000		
12.499000	-527.968000		
12.999000	-528.057000		
13.499000	-527.771000		
13.999000	-527.502000		
14.499000	-527.258000		
14.999000	-526.971000		
15.499000	-527.143000		
15.999000	-527.359000		
16.499000	-527.205000		
16.999000	-527.254000		
17.499000	-527.494000		
17.999000	-527.306000		
18.499000	-527.401000		
18.999000	-527.130000		
19.499000	-527.206000		
19.999000	-527.198000		
20.499000	-527.011000		
20.999000	-526.838000		
21.499000	-526.757000		
21.999000	-526.596000		
22.499000	-526.819000		
22.999000	-526.596000		
23.499000	-526.525000		
23.999000	-526.625000		
24.499000	-526.506000		
24.999000	-526.246000		
25.499000	-526.314000		
25.999000	-526.510000		
26.499000	-526.575000		
26.999000	-526.416000		
27.499000	-526.386000		
27.999000	-526.315000		
28.499000	-526.450000		
28.999000	-526.496000		
29.499000	-526.223000		
29.999000	-525.950000		
30.499000	-526.031000		
30.999000	-525.957000		
31.499000	-525.973000		
31.999000	-525.991000		
32.499000	-526.048000		
32.999000	-526.070000		
33.499000	-525.825000		
33.999000	-525.732000		
34.499000	-525.538000		
34.999000	-525.703000		
35.499000	-525.835000		
35.999000	-526.000000		
36.499000	-526.135000		
36.999000	-526.157000		
37.499000	-525.977000		
37.999000	-525.896000		
38.499000	-525.524000		
38.999000	-525.248000		
39.499000	-525.102000		
39.999000	-524.944000		
40.499000	-525.320000		
40.999000	-525.201000		
41.499000	-525.077000		
41.999000	-525.358000		
42.499000	-525.456000		
42.999000	-525.289000		
43.499000	-525.192000		
43.999000	-525.167000		
44.499000	-525.170000		
44.999000	-525.239000		
45.499000	-524.977000		
45.999000	-524.658000		
46.499000	-524.761000		
46.999000	-524.929000		
47.499000	-525.040000		
47.999000	-525.289000		
48.499000	-525.487000		
48.999000	-525.460000		
49.499000	-525.291000		
49.999000	-525.215000		
50.499000	-524.937000		
50.999000	-524.938000		
51.499000	-525.002000		
51.999000	-525.228000		
52.499000	-525.098000		
52.999000	-524.962000		
53.499000	-525.032000		
53.999000	-525.149000		
54.499000	-525.436000		
54.999000	-524.965000		
55.499000	-524.547000		
55.999000	-524.580000		
56.499000	-524.925000		
56.999000	-524.651000		
57.499000	-524.971000		
57.999000	-524.778000		
58.499000	-525.020000		
58.999000	-524.944000		
59.499000	-524.735000		
59.999000	-524.605000		
60.499000	-524.729000		
60.999000	-524.513000		
61.499000	-524.708000		
61.999000	-524.624000		
62.499000	-524.526000		
62.999000	-524.742000		
63.499000	-524.766000		
63.999000	-524.502000		
64.499000	-524.505000		
64.999000	-524.544000		
65.499000	-524.477000		
65.999000	-524.557000		
66.499000	-524.474000		
66.999000	-524.383000		
67.499000	-524.361000		
67.999000	-524.521000		
68.499000	-524.588000		
68.999000	-524.665000		
69.499000	-524.432000		
69.999000	-524.642000		
70.499000	-524.728000		
70.999000	-524.615000		
71.499000	-524.657000		
71.999000	-524.895000		
72.499000	-524.932000		
72.999000	-524.996000		
73.499000	-524.740000		
73.999000	-524.640000		
74.499000	-524.550000		
74.999000	-524.323000		
75.499000	-524.628000		
75.999000	-524.849000		
76.499000	-524.933000		
76.999000	-524.898000		
77.499000	-525.080000		
77.999000	-525.073000		
78.499000	-524.877000		
78.999000	-524.788000		
79.499000	-524.714000		
79.999000	-524.629000		
80.499000	-524.509000		
80.999000	-524.623000		
81.499000	-524.539000		
81.999000	-524.442000		
82.499000	-524.550000		
82.999000	-524.288000		
83.499000	-524.364000		
83.999000	-524.351000		
84.499000	-524.403000		
84.999000	-524.434000		
85.499000	-524.656000		
85.999000	-524.761000		
86.499000	-524.447000		
86.999000	-524.213000		
87.499000	-524.421000		
87.999000	-524.501000		
88.499000	-524.334000		
88.999000	-524.110000		
89.499000	-524.378000		
89.999000	-524.412000		
90.499000	-524.328000		
90.999000	-524.497000		
91.499000	-524.590000		
91.999000	-524.148000		
92.499000	-524.018000		
92.999000	-524.286000		
93.499000	-524.245000		
93.999000	-524.292000		
94.499000	-524.322000		
94.999000	-524.640000		
95.499000	-524.307000		
95.999000	-524.295000		
96.499000	-524.074000		
96.999000	-524.369000		
97.499000	-524.580000		
97.999000	-524.283000		
98.499000	-524.124000		
98.999000	-524.158000		
99.499000	-524.165000		
99.999000	-524.463000		
100.499000	-524.418000		
100.999000	-524.166000		
101.499000	-524.099000		
101.999000	-523.927000		
102.499000	-524.104000		
102.999000	-524.310000		
103.499000	-524.219000		
103.999000	-524.271000		
104.499000	-524.123000		
104.999000	-524.447000		
105.499000	-524.342000		
105.999000	-524.046000		
106.499000	-524.393000		
106.999000	-524.453000		
107.499000	-524.187000		
107.999000	-524.108000		
108.499000	-524.100000		
108.999000	-524.135000		
109.499000	-524.169000		
109.999000	-524.069000		
110.499000	-524.170000		
110.999000	-524.135000		
111.499000	-523.992000		
111.999000	-524.075000		
112.499000	-524.211000		
112.999000	-524.088000		
113.499000	-523.847000		
113.999000	-524.293000		
114.499000	-524.439000		
114.999000	-524.368000		
115.499000	-524.161000		
115.999000	-524.114000		
116.499000	-524.064000		
116.999000	-524.158000		
117.499000	-524.129000		
117.999000	-523.745000		
118.499000	-523.947000		
118.999000	-523.969000		
119.499000	-524.139000		
119.999000	-524.310000		
120.499000	-524.651000		
120.999000	-524.699000		
