Date:	Wed, Nov 20, 2013		
measured by:	Rotem		
SiH low resis. started 2 min 30 after etch			
Time [s]	CPD stream	Light	SPV
0.000000	-621.438000		
0.500000	-621.320000		
1.000000	-621.008000		
1.500000	-620.633000		
2.000000	-620.273000		
2.500000	-620.391000		
3.000000	-620.687000		
3.500000	-620.879000		
4.000000	-620.768000		
4.500000	-620.734000		
5.000000	-620.371000		
5.500000	-620.655000		
6.000000	-620.729000		
6.500000	-620.750000		
7.000000	-620.259000		
7.500000	-620.380000		
8.001000	-620.594000		
8.501000	-620.698000		
9.001000	-620.782000		
9.501000	-620.817000		
10.001000	-621.044000		
10.501000	-620.892000		
11.001000	-620.738000		
11.501000	-620.708000		
12.001000	-620.613000		
12.501000	-620.500000		
13.001000	-620.799000		
13.501000	-621.051000		
14.001000	-620.989000		
14.501000	-621.014000		
15.001000	-621.137000		
15.501000	-621.013000		
16.001000	-621.029000		
16.501000	-621.271000		
17.001000	-621.096000		
17.501000	-620.719000		
18.001000	-620.826000		
18.501000	-621.115000		
19.001000	-621.045000		
19.501000	-620.868000		
20.001000	-620.705000		
20.501000	-620.488000		
21.001000	-620.627000		
21.501000	-620.829000		
22.001000	-620.787000		
22.501000	-620.733000		
23.001000	-620.963000		
23.501000	-620.531000		
24.001000	-620.417000		
24.501000	-620.099000		
25.001000	-620.020000		
25.501000	-620.195000		
26.001000	-620.384000		
26.501000	-620.426000		
27.001000	-620.523000		
27.501000	-620.396000		
28.001000	-620.418000		
28.501000	-620.182000		
29.001000	-620.473000		
29.501000	-620.384000		
30.001000	-620.294000		
30.501000	-619.916000		
31.001000	-619.882000		
31.501000	-619.891000		
32.001000	-619.752000		
32.501000	-619.875000		
33.001000	-619.711000		
33.501000	-619.918000		
34.001000	-620.387000		
34.501000	-620.251000		
35.001000	-620.180000		
35.501000	-620.143000		
36.001000	-619.907000		
36.501000	-619.945000		
37.001000	-619.725000		
37.501000	-619.677000		
38.001000	-619.634000		
38.501000	-619.694000		
39.001000	-619.563000		
39.501000	-619.463000		
40.001000	-619.708000		
40.501000	-619.674000		
41.001000	-619.450000		
41.501000	-619.345000		
42.001000	-619.147000		
42.501000	-619.239000		
43.001000	-619.182000		
43.501000	-619.091000		
44.001000	-619.239000		
44.501000	-619.259000		
45.001000	-619.199000		
45.501000	-619.086000		
46.001000	-619.252000		
46.501000	-619.014000		
47.001000	-619.187000		
47.501000	-619.175000		
48.001000	-619.485000		
48.501000	-619.491000		
49.001000	-619.426000		
49.501000	-619.301000		
50.001000	-619.144000		
50.501000	-619.069000		
51.001000	-619.143000		
51.501000	-619.166000		
52.001000	-618.891000		
52.501000	-618.434000		
53.001000	-618.336000		
53.501000	-618.463000		
54.001000	-618.293000		
54.501000	-618.253000		
55.001000	-618.702000		
55.501000	-618.893000		
56.001000	-618.854000		
56.501000	-618.852000		
57.001000	-618.973000		
57.501000	-618.838000		
58.001000	-618.882000		
58.501000	-619.051000		
59.001000	-618.769000		
59.501000	-618.793000		
60.001000	-618.749000		
60.501000	-618.839000		
61.001000	-618.791000		
61.501000	-618.634000		
62.001000	-618.957000		
62.501000	-618.704000		
63.001000	-618.373000		
63.501000	-618.378000		
64.001000	-618.167000		
64.501000	-618.250000		
65.001000	-618.135000		
65.501000	-618.113000		
66.001000	-618.195000		
66.501000	-618.124000		
67.001000	-618.016000		
67.501000	-618.082000		
68.001000	-618.190000		
68.501000	0.945500		
69.001000	0.944900		
69.501000	0.944900		
70.001000	0.945000		
70.501000	0.944700		
71.001000	0.944700		
71.501000	0.944600		
72.001000	0.944700		
72.501000	0.944200		
73.001000	0.944300		
73.501000	0.944600		
74.001000	0.944300		
74.501000	0.945300		
75.001000	0.945400		
75.501000	0.945600		
76.001000	0.944800		
76.501000	0.944500		
77.001000	0.944600		
77.501000	0.944900		
78.001000	0.944800		
78.501000	0.944800		
79.001000	0.945300		
79.501000	0.945300		
80.001000	0.945200		
80.501000	0.945200		
81.001000	0.945300		
81.501000	0.945500		
82.001000	0.945600		
82.501000	0.945100		
83.001000	0.945700		
83.501000	0.945500		
84.001000	0.945700		
84.501000	0.945000		
85.001000	0.945500		
85.501000	0.945600		
86.001000	0.945900		
86.501000	0.945600		
87.001000	0.944700		
87.501000	0.944500		
88.001000	0.944800		
88.501000	0.944500		
89.001000	0.944800		
89.501000	0.945200		
90.001000	0.944900		
90.501000	0.944900		
91.001000	0.945300		
91.501000	0.945200		
92.001000	0.945000		
92.501000	0.944800		
93.001000	0.945000		
93.501000	0.945100		
94.001000	0.945100		
94.501000	0.945000		
95.001000	0.944700		
95.501000	0.944200		
96.001000	0.944900		
96.501000	0.944300		
97.001000	0.944200		
97.501000	0.944500		
98.001000	0.944600		
98.501000	0.945000		
99.001000	-63.387600		
99.501000	-204.110800		
100.001000	-328.838000		
100.501000	-407.131000		
101.001000	-455.267000		
101.501000	-495.892000		
102.001000	-527.724000		
102.501000	-549.618000		
103.001000	-562.221000		
103.500000	-573.739000		
104.000000	-581.602000		
104.500000	-586.842000		
105.000000	-591.134000		
105.500000	-593.911000		
106.000000	-595.899000		
106.500000	-596.881000		
107.000000	-598.051000		
107.500000	-598.620000		
108.000000	-599.251000		
108.500000	-599.659000		
109.000000	-600.071000		
109.500000	-600.048000		
110.000000	-600.530000		
110.500000	-600.468000		
111.000000	-600.443000		
111.500000	-600.581000		
112.000000	-600.681000		
112.500000	-600.630000		
113.000000	-600.540000		
113.500000	-600.276000		
114.000000	-600.301000		
114.500000	-600.459000		
115.000000	-600.713000		
115.500000	-600.889000		
116.000000	-600.888000		
116.501000	-600.662000		
117.000000	-600.496000		
117.500000	-600.557000		
118.000000	-600.368000		
118.500000	-600.328000		
119.000000	-600.294000		
119.500000	-600.420000		
120.000000	-600.518000		
120.500000	-600.587000		
121.000000	-600.420000		
121.500000	-600.340000		
122.000000	-600.419000		
122.500000	-600.291000		
123.001000	-600.094000		
123.500000	-599.949000		
124.000000	-600.146000		
124.500000	-600.344000		
125.000000	-600.377000		
125.500000	-600.240000		
126.000000	-600.397000		
126.500000	-600.470000		
127.000000	-600.345000		
127.500000	-600.426000		
128.000000	-600.463000		
128.501000	-600.459000		
129.000000	-600.373000		
129.501000	-600.043000		
130.001000	-599.898000		
130.501000	-599.570000		
131.001000	-599.649000		
131.501000	-599.887000		
132.001000	-599.861000		
132.501000	-599.747000		
133.001000	-599.987000		
133.501000	-600.024000		
134.001000	-599.993000		
134.501000	-599.691000		
135.001000	-599.568000		
135.501000	-599.676000		
136.001000	-599.585000		
136.501000	-599.673000		
137.001000	-599.300000		
137.501000	-599.429000		
138.001000	-599.337000		
138.501000	-599.547000		
139.001000	-599.588000		
139.501000	-599.416000		
140.001000	-599.220000		
140.501000	-598.915000		
141.001000	-598.991000		
141.501000	-599.091000		
142.001000	-599.339000		
142.501000	-599.847000		
143.001000	-599.600000		
143.501000	-599.407000		
144.001000	-599.569000		
144.501000	-599.746000		
145.001000	-599.661000		
145.501000	-599.657000		
146.001000	-599.594000		
146.501000	-599.721000		
147.001000	-599.610000		
147.501000	-599.513000		
148.001000	-599.562000		
148.501000	-599.501000		
149.001000	-599.385000		
149.501000	-598.979000		
150.001000	-598.963000		
150.501000	-599.277000		
151.001000	-599.042000		
151.501000	-599.095000		
152.001000	-599.002000		
152.501000	-599.220000		
153.001000	-599.329000		
