Date:	Wed, Nov 20, 2013		
measured by:	Rotem		
SiH mid resis. started 2 min 40 after etch			
Time [s]	CPD stream	Light	SPV
0.000000	-563.142000		
0.499000	-563.142000		
1.000000	-562.891000		
1.499000	-562.783000		
1.999000	-562.513000		
2.499000	-562.579000		
2.999000	-562.749000		
3.499000	-562.832000		
3.999000	-562.994000		
4.499000	-563.044000		
4.999000	-562.937000		
5.499000	-562.562000		
5.999000	-562.632000		
6.499000	-562.628000		
7.000000	-562.593000		
7.500000	-562.788000		
8.000000	-562.772000		
8.500000	-562.590000		
9.000000	-562.590000		
9.499000	-562.267000		
10.000000	-562.482000		
10.500000	-562.680000		
11.000000	-562.115000		
11.500000	-561.841000		
12.000000	-562.111000		
12.500000	-562.326000		
13.000000	-562.230000		
13.500000	-562.221000		
14.000000	-562.193000		
14.500000	-561.946000		
15.000000	-561.969000		
15.500000	-561.820000		
16.000000	-562.105000		
16.500000	-561.981000		
17.000000	-561.878000		
17.500000	-561.822000		
18.000000	-561.672000		
18.500000	-561.708000		
19.000000	-561.703000		
19.500000	-561.596000		
20.000000	-561.625000		
20.500000	-561.554000		
21.000000	-561.446000		
21.500000	-561.644000		
22.000000	-561.619000		
22.500000	-561.856000		
23.000000	-562.020000		
23.500000	-561.907000		
24.000000	-561.711000		
24.500000	-561.276000		
25.000000	-561.552000		
25.500000	-561.410000		
26.000000	-561.367000		
26.500000	-560.935000		
27.000000	-560.840000		
27.500000	-560.938000		
28.000000	-561.368000		
28.500000	-561.638000		
29.000000	-561.342000		
29.500000	-561.436000		
30.000000	-561.352000		
30.500000	-561.231000		
31.000000	-561.525000		
31.500000	-561.544000		
32.000000	-561.476000		
32.500000	-561.609000		
33.000000	-561.235000		
33.500000	-561.625000		
34.000000	-561.536000		
34.500000	-561.415000		
35.000000	-561.410000		
35.500000	-561.312000		
36.000000	-561.555000		
36.500000	-561.624000		
37.000000	-561.734000		
37.500000	-562.129000		
38.000000	-561.852000		
38.500000	-561.767000		
39.000000	-561.940000		
39.500000	-561.500000		
40.000000	-561.281000		
40.500000	-561.038000		
41.000000	-561.268000		
41.500000	-561.201000		
42.000000	-561.217000		
42.500000	-561.290000		
43.000000	-561.120000		
43.500000	-561.279000		
44.000000	-561.805000		
44.500000	-561.731000		
45.000000	-561.558000		
45.500000	-561.464000		
46.000000	-561.189000		
46.500000	-561.074000		
47.000000	-561.063000		
47.500000	-561.156000		
48.000000	-561.183000		
48.500000	-561.283000		
49.000000	-561.139000		
49.500000	-561.210000		
50.000000	-560.972000		
50.500000	-561.126000		
51.000000	-561.147000		
51.500000	-561.131000		
52.000000	-561.110000		
52.500000	-561.444000		
53.000000	-561.618000		
53.500000	-561.886000		
54.000000	-561.814000		
54.500000	-561.322000		
54.999000	-561.150000		
55.500000	-561.290000		
56.000000	-561.184000		
56.500000	-560.910000		
57.000000	-560.912000		
57.500000	-561.037000		
58.000000	-561.071000		
58.500000	-561.007000		
59.000000	-560.990000		
59.500000	-561.008000		
60.000000	-560.997000		
60.500000	-560.989000		
61.000000	-561.170000		
61.500000	-561.158000		
62.000000	-561.084000		
62.500000	-560.987000		
63.000000	-560.851000		
63.500000	-560.805000		
64.000000	-560.793000		
64.500000	-560.808000		
65.000000	-560.929000		
65.500000	-560.874000		
66.000000	-560.864000		
66.500000	-560.607000		
67.000000	-560.680000		
67.500000	-561.055000		
68.000000	-561.037000		
68.500000	-560.653000		
69.000000	-560.631000		
69.500000	-560.908000		
70.000000	-560.968000		
70.500000	-560.922000		
71.000000	-560.756000		
71.500000	-560.991000		
72.000000	-560.849000		
72.500000	-560.806000		
73.000000	-560.497000		
73.500000	-560.657000		
74.000000	-560.906000		
74.500000	-560.848000		
75.000000	-560.993000		
75.500000	-560.777000		
76.000000	-560.539000		
76.500000	-560.367000		
77.000000	-560.183000		
77.500000	-560.365000		
78.000000	-560.277000		
78.500000	-560.363000		
79.000000	-560.717000		
79.500000	-560.837000		
80.000000	-560.605000		
80.500000	-560.560000		
81.000000	-560.686000		
81.500000	-560.431000		
82.000000	-560.635000		
82.500000	-560.847000		
83.000000	-560.615000		
83.500000	-560.441000		
84.000000	-560.297000		
84.500000	-560.272000		
85.000000	-560.479000		
85.500000	-560.638000		
86.000000	-560.869000		
86.500000	-560.891000		
87.000000	-560.968000		
87.500000	-560.927000		
88.000000	-560.261000		
88.500000	-559.930000		
89.000000	-560.346000		
89.500000	-560.348000		
90.000000	-560.177000		
90.500000	-560.287000		
91.000000	-560.350000		
91.500000	-560.308000		
92.000000	-560.328000		
92.500000	-560.207000		
93.000000	-560.304000		
93.500000	-560.420000		
94.000000	-560.222000		
94.500000	-560.272000		
95.000000	-560.099000		
95.500000	-560.218000		
96.000000	-560.124000		
96.500000	-560.062000		
97.000000	-560.287000		
97.500000	-560.423000		
98.000000	-560.410000		
98.500000	-560.469000		
99.000000	-560.525000		
99.500000	-560.392000		
100.000000	-560.129000		
100.500000	-560.028000		
101.000000	-559.973000		
101.500000	-560.052000		
102.000000	-559.782000		
102.500000	-560.037000		
103.000000	-560.219000		
103.500000	-560.217000		
104.000000	-560.261000		
104.500000	-560.091000		
105.000000	-559.888000		
105.500000	-559.861000		
106.000000	-559.997000		
106.500000	-560.287000		
107.000000	-560.282000		
107.500000	-560.161000		
108.000000	-560.261000		
108.500000	-560.537000		
109.000000	-560.339000		
109.500000	-559.849000		
110.000000	-559.816000		
110.500000	-559.810000		
111.000000	-559.690000		
111.500000	-559.782000		
112.000000	-559.689000		
112.500000	-559.659000		
113.000000	-559.908000		
113.500000	-559.655000		
114.000000	-559.761000		
114.500000	-559.749000		
115.000000	-559.694000		
115.500000	-559.826000		
116.000000	-559.906000		
116.500000	-559.594000		
117.000000	-559.237000		
117.500000	-559.404000		
118.000000	-559.853000		
118.500000	-560.164000		
119.000000	-560.186000		
119.500000	-560.450000		
120.000000	-560.234000		
120.500000	-559.998000		
121.000000	-559.980000		
121.500000	-559.901000		
122.000000	-559.591000		
122.500000	-559.788000		
123.000000	-560.068000		
123.500000	-559.774000		
124.000000	-560.191000		
124.500000	-560.047000		
125.000000	-559.941000		
125.500000	-559.919000		
126.000000	-559.925000		
126.500000	-559.829000		
127.000000	-559.890000		
127.500000	-559.919000		
128.000000	-559.931000		
128.500000	-559.938000		
129.000000	-560.081000		
129.500000	-560.352000		
129.999000	-560.488000		
130.500000	-560.437000		
131.000000	-560.376000		
131.500000	-560.283000		
132.000000	-560.198000		
132.500000	-560.002000		
133.000000	-560.011000		
133.500000	-559.849000		
134.000000	-559.932000		
134.500000	-559.828000		
135.000000	-559.725000		
135.500000	-559.847000		
136.000000	-559.949000		
136.500000	-560.182000		
137.000000	-560.023000		
137.500000	-560.154000		
138.000000	-560.465000		
138.500000	-560.217000		
139.000000	-560.043000		
139.500000	-560.109000		
140.000000	-560.044000		
140.500000	-559.985000		
141.000000	-559.948000		
141.500000	-559.886000		
142.000000	-559.625000		
142.500000	-559.452000		
143.000000	-559.478000		
143.500000	-559.615000		
144.000000	-559.647000		
144.500000	-559.574000		
145.000000	-559.930000		
145.500000	-559.768000		
146.000000	-560.022000		
146.500000	-560.051000		
147.000000	-559.879000		
147.500000	-559.879000		
148.000000	-559.894000		
148.500000	-559.749000		
149.000000	-559.793000		
149.500000	-559.932000		
150.000000	-559.879000		
150.500000	-559.998000		
151.000000	-559.869000		
151.500000	-559.968000		
152.000000	-560.064000		
152.500000	-559.846000		
153.000000	-559.420000		
153.500000	-559.576000		
154.000000	-559.638000		
154.500000	-559.595000		
155.000000	-559.837000		
155.500000	-559.692000		
156.000000	-559.945000		
156.500000	-559.894000		
157.000000	-560.044000		
157.500000	-559.819000		
158.000000	-559.797000		
158.500000	-559.464000		
159.000000	-559.576000		
159.500000	-559.347000		
160.000000	-559.276000		
160.500000	-559.393000		
161.000000	-559.619000		
161.500000	-559.273000		
162.000000	-559.477000		
162.500000	-559.687000		
163.000000	-559.781000		
163.500000	-559.614000		
164.000000	-559.532000		
164.500000	-559.543000		
165.000000	-559.679000		
165.500000	-559.826000		
166.000000	-559.857000		
166.500000	-560.043000		
167.000000	-559.912000		
167.500000	-559.939000		
168.000000	-559.795000		
168.500000	-559.747000		
169.000000	-559.705000		
169.500000	-559.478000		
170.000000	-559.981000		
170.500000	-559.862000		
171.000000	-559.714000		
171.500000	-559.701000		
