Date:	Sun, Nov 03, 2013		
measured by:	Rotem		
HOPG			
Time [s]	CPD stream	Light	SPV
0.000000	-338.869000		
0.501000	-339.190000		
1.000000	-339.472000		
1.501000	-339.545000		
2.001000	-339.333000		
2.501000	-339.452000		
3.001000	-339.588000		
3.500000	-339.578000		
4.001000	-339.456000		
4.500000	-339.453000		
5.001000	-339.676000		
5.500000	-339.663000		
6.001000	-339.279000		
6.500000	-339.327000		
7.001000	-339.386000		
7.501000	-339.442000		
8.001000	-339.500000		
8.501000	-339.163000		
9.001000	-339.432000		
9.501000	-339.165000		
10.001000	-339.311000		
10.501000	-339.277000		
11.001000	-338.839000		
11.501000	-338.948000		
12.001000	-339.137000		
12.501000	-339.404000		
13.001000	-339.263000		
13.501000	-338.859000		
14.001000	-338.783000		
14.501000	-338.929000		
15.001000	-339.048000		
15.501000	-338.921000		
16.001000	-338.823000		
16.501000	-338.803000		
17.001000	-338.992000		
17.501000	-339.313000		
18.001000	-338.938000		
18.501000	-338.508000		
19.001000	-338.423000		
19.501000	-338.413000		
20.001000	-338.599000		
20.501000	-338.678000		
21.001000	-338.563000		
21.501000	-338.355000		
22.001000	-338.118000		
22.501000	-338.184000		
23.001000	-338.518000		
23.501000	-338.431000		
24.001000	-338.153000		
24.501000	-338.355000		
25.001000	-338.470000		
25.501000	-338.399000		
26.001000	-338.035000		
26.501000	-337.988000		
27.001000	-338.219000		
27.501000	-338.151000		
28.001000	-338.220000		
28.501000	-337.958000		
29.001000	-337.872000		
29.501000	-337.873000		
30.001000	-337.823000		
30.501000	-337.884000		
31.001000	-337.936000		
31.501000	-337.699000		
32.001000	-337.625000		
32.501000	-337.999000		
33.001000	-337.541000		
33.501000	-337.039000		
34.001000	-337.345000		
34.501000	-337.477000		
35.001000	-337.713000		
35.501000	-337.655000		
36.001000	-337.474000		
36.501000	-337.506000		
37.001000	-337.408000		
37.501000	-337.175000		
38.001000	-337.035000		
38.501000	-337.194000		
39.001000	-337.145000		
39.501000	-337.303000		
40.001000	-337.353000		
40.501000	-337.210000		
41.001000	-337.224000		
41.501000	-337.386000		
42.001000	-337.553000		
42.501000	-337.266000		
43.001000	-336.812000		
43.501000	-337.065000		
44.001000	-336.994000		
44.501000	-336.847000		
45.001000	-336.524000		
45.501000	-336.765000		
46.001000	-336.900000		
46.501000	-337.177000		
47.001000	-337.003000		
47.501000	-336.996000		
48.001000	-336.867000		
48.501000	-337.053000		
49.001000	-337.146000		
49.501000	-337.072000		
50.001000	-336.777000		
50.501000	-336.389000		
51.001000	-336.490000		
51.501000	-336.718000		
52.001000	-336.410000		
52.501000	-336.379000		
53.001000	-336.486000		
53.501000	-336.360000		
54.001000	-336.357000		
54.501000	-336.351000		
55.001000	-336.227000		
55.501000	-336.566000		
56.001000	-336.816000		
56.501000	-336.602000		
57.001000	-336.308000		
57.501000	-336.556000		
58.001000	-336.755000		
58.501000	-336.625000		
59.001000	-336.469000		
59.501000	-336.480000		
60.001000	-336.538000		
60.501000	-336.665000		
61.001000	-336.289000		
61.501000	-336.404000		
62.001000	-336.629000		
62.501000	-336.314000		
63.001000	-336.367000		
63.501000	-336.399000		
64.001000	-336.167000		
64.501000	-336.267000		
65.001000	-336.318000		
65.501000	-336.171000		
66.001000	-336.332000		
66.501000	-336.107000		
67.001000	-336.059000		
67.501000	-336.081000		
68.001000	-336.198000		
68.501000	-336.210000		
69.001000	-336.213000		
69.501000	-335.964000		
70.001000	-336.311000		
70.501000	-336.025000		
71.001000	-336.140000		
71.501000	-336.135000		
72.001000	-335.841000		
72.501000	-335.966000		
73.001000	-335.887000		
73.501000	-335.773000		
74.001000	-335.920000		
74.501000	-336.216000		
75.001000	-336.248000		
75.501000	-335.903000		
76.001000	-336.137000		
76.501000	-335.973000		
77.001000	-335.670000		
77.501000	-335.430000		
78.001000	-335.718000		
78.501000	-335.398000		
79.001000	-335.347000		
79.501000	-335.354000		
80.001000	-335.398000		
80.501000	-335.552000		
81.001000	-335.570000		
81.501000	-335.420000		
82.001000	-335.435000		
82.501000	-335.511000		
83.001000	-335.749000		
83.501000	-335.631000		
84.001000	-335.349000		
84.501000	-335.701000		
85.001000	-335.641000		
85.501000	-335.238000		
86.001000	-335.152000		
86.501000	-335.328000		
87.001000	-335.172000		
87.501000	-334.837000		
88.001000	-334.731000		
88.501000	-335.058000		
89.001000	-334.986000		
89.501000	-334.878000		
90.001000	-334.770000		
90.501000	-334.807000		
91.001000	-335.067000		
91.501000	-334.857000		
92.001000	-335.075000		
92.501000	-335.016000		
93.001000	-334.936000		
93.501000	-335.025000		
94.001000	-334.979000		
94.501000	-334.737000		
95.001000	-334.828000		
95.501000	-334.659000		
96.001000	-334.534000		
96.501000	-334.519000		
97.001000	-334.889000		
97.501000	-334.716000		
98.001000	-334.773000		
98.501000	-334.681000		
99.001000	-334.475000		
99.501000	-334.709000		
100.001000	-334.670000		
100.501000	-334.265000		
101.001000	-334.501000		
101.501000	-334.789000		
102.001000	-334.807000		
102.501000	-334.581000		
103.001000	-334.560000		
103.501000	-334.803000		
104.001000	-334.859000		
104.501000	-334.484000		
105.001000	-334.388000		
105.501000	-334.185000		
106.001000	-334.344000		
106.501000	-334.268000		
107.001000	-334.079000		
107.501000	-334.503000		
108.001000	-334.421000		
108.501000	-334.374000		
109.001000	-334.332000		
109.501000	-334.350000		
110.001000	-334.087000		
110.501000	-334.179000		
111.001000	-334.190000		
111.501000	-334.460000		
112.001000	-334.136000		
112.501000	-334.315000		
113.001000	-334.106000		
113.501000	-334.009000		
114.001000	-334.071000		
114.501000	-334.242000		
115.001000	-333.979000		
115.501000	-334.028000		
116.001000	-334.045000		
116.501000	-333.970000		
117.001000	-333.653000		
117.501000	-333.769000		
118.001000	-333.843000		
118.501000	-334.044000		
119.001000	-333.958000		
119.501000	-333.726000		
120.001000	-333.868000		
120.501000	-333.981000		
121.001000	-333.529000		
121.501000	-333.455000		
122.001000	-333.817000		
122.501000	-334.092000		
123.001000	-333.715000		
123.501000	-333.542000		
124.001000	-333.369000		
124.501000	-333.702000		
125.001000	-333.748000		
125.501000	-333.478000		
126.001000	-333.704000		
126.501000	-333.833000		
127.001000	-333.669000		
127.501000	-333.437000		
128.001000	-333.416000		
128.501000	-333.314000		
129.001000	-333.833000		
129.501000	-333.637000		
130.001000	-333.568000		
130.501000	-333.394000		
131.001000	-333.765000		
131.501000	-333.569000		
132.001000	-333.306000		
132.501000	-333.310000		
133.001000	-333.297000		
133.501000	-332.984000		
134.001000	-333.008000		
134.501000	-333.177000		
135.001000	-333.100000		
135.501000	-332.995000		
136.001000	-332.803000		
136.501000	-332.868000		
137.001000	-333.048000		
137.501000	-333.109000		
138.001000	-333.036000		
138.501000	-333.201000		
139.001000	-333.225000		
139.501000	-333.223000		
140.001000	-333.145000		
140.501000	-333.098000		
141.001000	-333.007000		
141.501000	-333.092000		
142.001000	-332.854000		
142.501000	-332.899000		
143.001000	-332.933000		
143.501000	-332.842000		
144.001000	-332.610000		
144.501000	-332.726000		
145.001000	-332.937000		
145.501000	-333.097000		
146.001000	-332.824000		
146.501000	-332.554000		
147.001000	-332.608000		
147.501000	-332.612000		
148.001000	-332.621000		
148.501000	-332.773000		
149.001000	-332.743000		
149.501000	-332.387000		
150.001000	-332.778000		
150.501000	-332.929000		
151.001000	-332.484000		
151.501000	-332.670000		
152.001000	-332.982000		
152.501000	-332.648000		
153.001000	-332.288000		
153.501000	-332.455000		
154.001000	-332.595000		
154.501000	-332.772000		
155.001000	-332.881000		
155.501000	-332.818000		
156.001000	-332.749000		
156.501000	-332.652000		
157.001000	-332.781000		
157.501000	-332.535000		
158.001000	-332.618000		
158.501000	-332.591000		
159.001000	-332.607000		
159.501000	-332.726000		
160.001000	-332.549000		
160.501000	-332.217000		
161.001000	-332.295000		
161.501000	-332.779000		
162.001000	-332.920000		
162.501000	-332.789000		
163.001000	-332.392000		
163.501000	-332.543000		
164.001000	-332.806000		
164.501000	-332.496000		
165.001000	-332.226000		
165.501000	-332.509000		
166.001000	-332.597000		
166.501000	-332.299000		
167.001000	-332.339000		
167.501000	-332.209000		
168.001000	-332.359000		
168.501000	-332.388000		
169.001000	-332.066000		
169.501000	-331.890000		
170.001000	-332.322000		
170.501000	-332.553000		
171.001000	-332.178000		
171.501000	-331.901000		
172.001000	-332.186000		
172.501000	-332.272000		
173.001000	-331.980000		
173.501000	-331.936000		
174.001000	-332.193000		
174.501000	-332.399000		
175.001000	-332.136000		
175.501000	-331.980000		
176.001000	-332.211000		
176.501000	-332.086000		
177.001000	-332.196000		
177.501000	-331.763000		
178.001000	-332.065000		
178.501000	-331.823000		
179.001000	-331.827000		
179.501000	-331.892000		
180.001000	-331.865000		
180.501000	-331.943000		
181.001000	-331.858000		
181.501000	-331.890000		
182.001000	-331.606000		
182.501000	-331.660000		
183.001000	-331.804000		
183.501000	-331.987000		
184.001000	-331.719000		
184.501000	-331.626000		
185.001000	-331.809000		
185.501000	-331.891000		
186.001000	-331.912000		
186.501000	-331.648000		
187.001000	-331.664000		
187.501000	-331.931000		
188.001000	-331.728000		
188.501000	-331.552000		
189.001000	-331.552000		
189.501000	-332.069000		
190.001000	-332.030000		
190.501000	-331.978000		
191.001000	-331.919000		
191.501000	-331.747000		
192.001000	-331.673000		
192.501000	-331.863000		
193.001000	-332.016000		
193.501000	-331.540000		
194.001000	-331.607000		
194.501000	-331.459000		
195.001000	-331.207000		
195.501000	-331.724000		
196.001000	-331.567000		
196.501000	-331.583000		
197.001000	-331.686000		
197.501000	-331.808000		
198.001000	-331.693000		
198.501000	-331.756000		
199.001000	-332.074000		
199.501000	-331.889000		
200.001000	-331.818000		
200.501000	-331.516000		
201.001000	-331.549000		
201.501000	-331.595000		
202.001000	-331.562000		
202.501000	-331.214000		
203.001000	-331.358000		
203.501000	-331.462000		
204.001000	-331.589000		
204.501000	-331.120000		
205.001000	-331.579000		
205.501000	-331.691000		
206.001000	-331.443000		
206.501000	-331.470000		
207.001000	-331.529000		
207.501000	-331.690000		
208.001000	-331.133000		
208.501000	-331.405000		
209.001000	-331.606000		
209.501000	-331.720000		
210.001000	-331.282000		
210.501000	-331.079000		
211.001000	-331.095000		
211.501000	-331.358000		
212.001000	-331.205000		
212.501000	-331.275000		
213.001000	-331.237000		
213.501000	-331.332000		
214.001000	-331.363000		
214.501000	-331.211000		
215.001000	-331.346000		
215.501000	-331.320000		
216.001000	-330.966000		
216.501000	-331.582000		
217.001000	-331.522000		
217.501000	-331.031000		
218.001000	-331.289000		
218.501000	-331.329000		
219.001000	-331.157000		
219.501000	-331.129000		
220.001000	-331.064000		
220.501000	-331.268000		
221.001000	-330.961000		
221.501000	-331.029000		
222.001000	-331.017000		
222.501000	-330.875000		
223.001000	-330.782000		
223.501000	-330.793000		
224.001000	-330.723000		
224.501000	-330.672000		
225.001000	-330.936000		
225.501000	-330.809000		
226.001000	-330.910000		
226.501000	-330.612000		
227.001000	-330.848000		
227.501000	-330.853000		
228.001000	-330.628000		
228.501000	-330.608000		
229.001000	-330.891000		
229.501000	-331.048000		
230.001000	-330.329000		
230.501000	-330.795000		
231.001000	-330.970000		
231.501000	-330.607000		
232.001000	-330.795000		
232.501000	-330.839000		
233.001000	-330.431000		
233.501000	-330.993000		
234.001000	-330.729000		
234.501000	-330.549000		
235.001000	-330.860000		
235.501000	-330.701000		
236.001000	-330.562000		
236.501000	-330.986000		
237.001000	-330.539000		
237.501000	-330.415000		
238.001000	-330.889000		
238.501000	-331.029000		
239.001000	-330.647000		
239.501000	-330.504000		
240.001000	-330.769000		
240.501000	-330.390000		
241.001000	-330.253000		
241.501000	-330.552000		
242.001000	-330.383000		
242.501000	-330.567000		
243.001000	-330.349000		
243.501000	-330.226000		
244.001000	-330.644000		
244.501000	-330.457000		
245.001000	-330.156000		
245.501000	-330.506000		
246.001000	-330.241000		
246.501000	-330.136000		
247.001000	-330.439000		
247.501000	-330.581000		
248.001000	-330.311000		
248.501000	-330.559000		
249.001000	-330.364000		
249.501000	-330.495000		
250.001000	-330.426000		
250.501000	-330.096000		
251.001000	-329.983000		
251.501000	-330.122000		
252.001000	-330.016000		
252.501000	-330.180000		
253.001000	-330.289000		
253.501000	-330.187000		
254.001000	-330.103000		
254.501000	-330.396000		
255.001000	-330.170000		
255.501000	-329.984000		
256.001000	-330.121000		
256.501000	-330.028000		
257.001000	-330.238000		
257.501000	-330.064000		
258.001000	-329.847000		
258.501000	-329.913000		
259.001000	-330.008000		
259.501000	-330.098000		
260.001000	-330.085000		
260.501000	-330.075000		
261.001000	-330.277000		
261.501000	-330.016000		
262.001000	-329.977000		
262.501000	-330.291000		
263.001000	-329.959000		
263.501000	-329.666000		
264.001000	-330.228000		
264.501000	-330.256000		
265.001000	-330.057000		
265.501000	-330.000000		
266.001000	-329.823000		
266.501000	-330.044000		
267.001000	-329.665000		
267.501000	-329.889000		
268.001000	-330.007000		
268.501000	-329.872000		
269.001000	-330.053000		
269.501000	-330.018000		
270.001000	-329.926000		
270.501000	-329.986000		
271.001000	-329.723000		
271.501000	-329.681000		
272.001000	-330.035000		
272.501000	-329.508000		
273.001000	-329.717000		
273.501000	-329.972000		
274.001000	-329.926000		
274.501000	-329.558000		
275.001000	-329.985000		
275.501000	-329.953000		
276.001000	-329.736000		
276.501000	-329.582000		
277.001000	-329.357000		
277.501000	-329.319000		
278.001000	-329.398000		
278.501000	-329.847000		
279.001000	-329.458000		
279.501000	-329.484000		
280.001000	-330.045000		
280.501000	-329.757000		
281.001000	-329.402000		
281.501000	-329.520000		
282.001000	-329.658000		
282.501000	-329.820000		
283.001000	-329.736000		
283.501000	-329.480000		
284.001000	-329.648000		
284.501000	-329.730000		
285.001000	-329.529000		
285.501000	-329.554000		
286.001000	-329.491000		
286.501000	-329.389000		
287.001000	-329.326000		
287.501000	-329.480000		
288.001000	-329.335000		
288.501000	-329.031000		
289.001000	-329.232000		
289.501000	-329.838000		
290.001000	-329.348000		
290.501000	-329.238000		
291.001000	-329.237000		
291.501000	-329.399000		
292.001000	-329.435000		
292.501000	-329.220000		
293.001000	-329.350000		
293.501000	-329.368000		
294.001000	-329.592000		
294.501000	-329.597000		
295.001000	-329.136000		
295.501000	-329.150000		
296.001000	-329.391000		
296.501000	-329.282000		
297.001000	-329.446000		
297.501000	-329.423000		
298.001000	-329.256000		
298.501000	-329.098000		
299.001000	-329.298000		
299.501000	-329.451000		
300.001000	-329.129000		
300.501000	-328.816000		
301.001000	-329.166000		
301.501000	-328.802000		
302.001000	-328.932000		
302.501000	-329.170000		
303.001000	-329.290000		
303.501000	-329.238000		
304.001000	-329.172000		
304.501000	-329.042000		
305.001000	-328.769000		
305.501000	-329.158000		
306.001000	-329.066000		
306.501000	-329.114000		
307.001000	-329.341000		
307.501000	-329.125000		
308.001000	-329.462000		
308.501000	-329.165000		
309.001000	-329.243000		
309.501000	-328.794000		
310.001000	-329.148000		
310.501000	-329.310000		
311.001000	-328.963000		
311.501000	-329.021000		
312.001000	-329.200000		
312.501000	-328.938000		
313.001000	-328.976000		
313.501000	-329.166000		
314.001000	-328.976000		
314.501000	-328.893000		
315.001000	-328.719000		
315.501000	-328.903000		
316.001000	-328.906000		
316.501000	-329.046000		
317.001000	-329.261000		
317.501000	-328.910000		
318.001000	-328.935000		
318.501000	-328.787000		
319.001000	-328.877000		
319.501000	-328.565000		
320.001000	-328.517000		
320.501000	-328.825000		
321.001000	-328.345000		
321.501000	-328.503000		
322.001000	-328.773000		
322.501000	-328.764000		
323.001000	-328.519000		
323.501000	-328.552000		
324.001000	-328.728000		
324.501000	-328.604000		
325.001000	-328.653000		
325.501000	-328.791000		
326.001000	-328.630000		
326.501000	-328.992000		
327.001000	-328.724000		
327.501000	-328.409000		
328.001000	-328.434000		
328.501000	-328.607000		
329.001000	-328.594000		
329.501000	-328.326000		
330.001000	-328.686000		
330.501000	-328.510000		
331.001000	-328.474000		
331.501000	-328.520000		
332.001000	-328.612000		
332.501000	-328.611000		
333.001000	-328.425000		
333.501000	-328.606000		
334.001000	-328.616000		
334.501000	-328.298000		
335.001000	-328.466000		
335.501000	-328.608000		
336.001000	-328.486000		
336.501000	-328.296000		
337.001000	-328.487000		
337.501000	-328.396000		
338.001000	-328.652000		
338.501000	-328.859000		
339.001000	-328.221000		
339.501000	-328.163000		
340.001000	-328.400000		
340.501000	-328.465000		
341.001000	-328.133000		
341.501000	-328.199000		
342.001000	-328.357000		
342.501000	-327.991000		
343.001000	-328.205000		
343.501000	-328.532000		
344.001000	-328.553000		
344.501000	-328.232000		
345.001000	-328.423000		
345.501000	-328.261000		
346.001000	-328.433000		
346.501000	-328.542000		
347.001000	-328.221000		
347.501000	-328.344000		
348.001000	-328.315000		
348.501000	-328.374000		
349.001000	-328.387000		
349.501000	-328.147000		
350.001000	-328.507000		
350.501000	-328.410000		
351.001000	-328.454000		
351.501000	-328.420000		
352.001000	-328.430000		
352.501000	-328.240000		
353.001000	-328.497000		
353.501000	-328.400000		
354.001000	-328.471000		
354.501000	-328.257000		
355.001000	-328.158000		
355.501000	-328.239000		
356.001000	-328.180000		
356.501000	-328.489000		
357.001000	-328.453000		
357.501000	-328.268000		
358.001000	-328.288000		
358.501000	-328.207000		
359.001000	-328.389000		
359.501000	-328.286000		
360.001000	-328.077000		
360.501000	-328.196000		
361.001000	-328.199000		
361.501000	-328.108000		
362.001000	-328.151000		
362.501000	-328.432000		
363.001000	-328.426000		
363.501000	-328.046000		
364.001000	-327.993000		
364.501000	-328.150000		
365.001000	-327.843000		
365.501000	-327.958000		
366.001000	-328.224000		
366.501000	-328.013000		
367.001000	-328.322000		
367.501000	-328.307000		
368.001000	-327.944000		
368.501000	-328.031000		
369.001000	-328.182000		
369.501000	-328.264000		
370.001000	-328.112000		
370.501000	-328.040000		
371.001000	-328.162000		
371.501000	-328.071000		
372.001000	-327.999000		
372.501000	-328.008000		
373.001000	-327.951000		
373.501000	-327.910000		
374.001000	-327.946000		
374.501000	-328.102000		
375.001000	-327.866000		
375.501000	-327.715000		
376.001000	-327.942000		
376.501000	-327.843000		
377.001000	-327.921000		
377.501000	-327.782000		
378.001000	-328.016000		
378.501000	-327.601000		
379.001000	-328.069000		
379.501000	-328.275000		
380.001000	-328.013000		
380.501000	-328.224000		
381.001000	-328.201000		
381.501000	-328.086000		
382.001000	-328.037000		
382.501000	-328.075000		
383.001000	-327.870000		
383.501000	-327.985000		
384.001000	-327.934000		
384.501000	-327.867000		
385.001000	-327.738000		
385.501000	-327.951000		
386.001000	-327.787000		
386.501000	-327.686000		
387.001000	-327.829000		
387.501000	-327.706000		
388.001000	-327.716000		
388.501000	-327.666000		
389.001000	-327.979000		
389.501000	-327.907000		
390.001000	-327.739000		
390.501000	-327.591000		
391.001000	-327.637000		
391.501000	-327.760000		
392.001000	-327.615000		
392.501000	-327.701000		
393.001000	-327.536000		
393.501000	-327.819000		
394.001000	-327.801000		
394.501000	-327.578000		
395.001000	-327.430000		
395.501000	-327.637000		
396.001000	-327.422000		
396.501000	-327.699000		
397.001000	-327.490000		
397.501000	-327.573000		
398.001000	-327.700000		
398.501000	-327.660000		
399.001000	-327.630000		
399.501000	-327.388000		
400.001000	-327.349000		
400.501000	-327.333000		
401.001000	-327.389000		
401.501000	-327.192000		
402.001000	-327.444000		
402.501000	-327.513000		
403.001000	-327.486000		
403.501000	-327.461000		
404.001000	-327.654000		
404.501000	-327.479000		
405.001000	-327.388000		
405.501000	-327.498000		
406.001000	-327.416000		
406.501000	-327.321000		
407.001000	-327.291000		
407.501000	-327.485000		
408.001000	-327.211000		
408.501000	-327.273000		
409.001000	-327.223000		
409.501000	-327.154000		
410.001000	-327.140000		
410.501000	-327.292000		
411.001000	-327.232000		
411.501000	-327.378000		
412.001000	-327.083000		
412.501000	-327.086000		
413.001000	-327.282000		
413.501000	-327.207000		
414.001000	-327.210000		
414.501000	-327.421000		
415.001000	-327.068000		
415.501000	-327.341000		
416.001000	-327.289000		
416.501000	-327.147000		
417.001000	-326.863000		
417.501000	-327.212000		
418.001000	-327.253000		
418.501000	-327.277000		
419.001000	-327.392000		
419.501000	-327.229000		
420.001000	-327.239000		
420.501000	-326.988000		
421.001000	-327.162000		
421.501000	-326.966000		
422.001000	-327.316000		
422.501000	-327.105000		
423.001000	-327.330000		
423.501000	-326.806000		
424.001000	-327.051000		
424.501000	-327.081000		
425.001000	-326.783000		
425.501000	-326.738000		
426.001000	-326.948000		
426.501000	-327.060000		
427.001000	-327.190000		
427.501000	-327.071000		
428.001000	-327.043000		
428.501000	-327.076000		
429.001000	-327.214000		
429.501000	-327.318000		
430.001000	-326.886000		
430.501000	-327.070000		
431.001000	-326.910000		
431.501000	-327.237000		
432.001000	-327.050000		
432.501000	-326.670000		
433.001000	-326.891000		
433.501000	-327.118000		
434.001000	-326.917000		
434.501000	-326.953000		
435.001000	-327.129000		
435.501000	-326.896000		
436.001000	-326.877000		
436.501000	-327.285000		
437.001000	-327.125000		
437.501000	-326.755000		
438.001000	-326.675000		
438.501000	-326.642000		
439.001000	-326.635000		
439.501000	-326.817000		
440.001000	-326.675000		
440.501000	-326.697000		
441.001000	-326.878000		
441.501000	-326.853000		
442.001000	-326.977000		
442.501000	-326.679000		
443.001000	-326.774000		
443.501000	-326.899000		
444.001000	-327.206000		
444.501000	-326.741000		
445.001000	-326.740000		
445.501000	-326.656000		
446.001000	-326.828000		
446.501000	-327.061000		
447.001000	-326.887000		
447.501000	-326.647000		
448.001000	-326.839000		
448.501000	-327.044000		
449.001000	-326.923000		
449.501000	-326.721000		
450.001000	-327.001000		
450.501000	-326.684000		
451.001000	-326.822000		
451.501000	-326.570000		
452.001000	-326.818000		
452.501000	-326.733000		
453.001000	-326.690000		
453.501000	-326.743000		
454.001000	-326.928000		
454.501000	-326.541000		
455.001000	-326.979000		
455.501000	-326.756000		
456.001000	-326.645000		
456.501000	-326.470000		
457.001000	-326.794000		
457.501000	-326.641000		
458.001000	-326.469000		
458.501000	-326.780000		
459.001000	-326.687000		
459.501000	-326.701000		
460.001000	-326.878000		
460.501000	-326.653000		
461.001000	-326.571000		
461.501000	-326.966000		
462.001000	-327.296000		
462.501000	-326.896000		
463.001000	-326.732000		
463.501000	-326.566000		
464.001000	-326.577000		
464.501000	-326.471000		
465.001000	-326.536000		
465.501000	-326.790000		
466.001000	-326.582000		
466.501000	-326.196000		
467.001000	-326.335000		
467.501000	-326.602000		
468.001000	-326.434000		
468.501000	-326.500000		
469.001000	-326.577000		
469.501000	-326.563000		
470.001000	-326.996000		
470.501000	-326.715000		
471.001000	-326.525000		
471.501000	-326.396000		
472.001000	-326.571000		
472.501000	-326.529000		
473.001000	-326.610000		
473.501000	-326.871000		
474.001000	-326.304000		
474.501000	-326.258000		
475.001000	-326.365000		
475.501000	-326.453000		
476.001000	-326.334000		
476.501000	-326.498000		
477.001000	-326.542000		
477.501000	-326.412000		
478.001000	-326.651000		
478.501000	-326.780000		
479.001000	-326.826000		
479.501000	-326.375000		
480.001000	-326.497000		
480.501000	-326.486000		
481.001000	-326.376000		
481.501000	-326.106000		
482.001000	-326.404000		
482.501000	-326.208000		
483.001000	-326.146000		
483.501000	-326.309000		
484.001000	-326.464000		
484.501000	-325.869000		
485.001000	-326.070000		
485.501000	-326.008000		
486.001000	-326.261000		
486.501000	-326.216000		
487.001000	-326.066000		
487.501000	-325.903000		
488.001000	-326.152000		
488.501000	-326.091000		
489.001000	-326.316000		
489.501000	-325.847000		
490.001000	-325.945000		
490.501000	-325.960000		
491.001000	-325.938000		
491.501000	-325.836000		
492.001000	-325.905000		
492.501000	-325.959000		
493.001000	-326.143000		
493.501000	-326.247000		
494.001000	-325.891000		
494.501000	-325.773000		
495.001000	-325.890000		
495.501000	-325.734000		
496.001000	-326.108000		
496.501000	-325.976000		
497.001000	-325.775000		
497.501000	-325.758000		
498.001000	-325.916000		
498.501000	-325.547000		
499.001000	-325.823000		
499.501000	-326.028000		
500.001000	-325.747000		
500.501000	-325.862000		
501.001000	-325.668000		
501.501000	-325.799000		
502.001000	-325.922000		
502.501000	-326.088000		
503.001000	-325.516000		
503.501000	-325.741000		
504.001000	-326.032000		
504.501000	-325.857000		
505.001000	-325.968000		
505.501000	-326.057000		
506.001000	-325.681000		
506.501000	-325.963000		
507.001000	-325.717000		
507.501000	-325.705000		
508.001000	-325.868000		
508.501000	-326.021000		
509.001000	-325.764000		
509.501000	-325.733000		
510.001000	-325.692000		
510.501000	-325.588000		
511.001000	-326.007000		
511.501000	-325.776000		
512.001000	-325.328000		
512.501000	-325.490000		
513.001000	-325.521000		
513.501000	-325.585000		
514.001000	-325.435000		
514.501000	-325.524000		
515.001000	-325.649000		
515.501000	-325.361000		
516.001000	-325.349000		
516.501000	-325.629000		
517.001000	-325.642000		
517.501000	-325.385000		
518.001000	-325.388000		
518.501000	-325.783000		
519.001000	-325.456000		
519.501000	-325.501000		
520.001000	-325.504000		
520.501000	-325.439000		
521.001000	-325.525000		
521.501000	-325.471000		
522.001000	-325.379000		
522.501000	-325.294000		
523.001000	-325.491000		
523.501000	-325.343000		
524.001000	-325.460000		
524.501000	-325.052000		
525.001000	-325.442000		
525.501000	-325.443000		
526.001000	-325.253000		
526.501000	-325.151000		
527.001000	-325.361000		
527.501000	-325.382000		
528.001000	-325.198000		
528.501000	-325.031000		
529.001000	-325.276000		
529.501000	-325.482000		
530.001000	-325.419000		
530.501000	-325.137000		
531.001000	-325.313000		
531.501000	-325.311000		
532.001000	-324.998000		
532.501000	-325.214000		
533.001000	-325.198000		
533.501000	-325.191000		
534.001000	-324.861000		
534.501000	-325.302000		
535.001000	-325.349000		
535.501000	-325.244000		
536.001000	-325.119000		
536.501000	-325.216000		
537.001000	-324.946000		
537.501000	-325.005000		
538.001000	-324.980000		
538.501000	-325.112000		
539.001000	-325.108000		
539.501000	-325.335000		
540.001000	-325.099000		
540.501000	-324.957000		
541.001000	-325.064000		
541.501000	-325.126000		
542.001000	-324.852000		
542.501000	-324.815000		
543.001000	-325.233000		
543.501000	-324.874000		
544.001000	-324.978000		
544.501000	-324.888000		
545.001000	-325.005000		
545.501000	-324.597000		
546.001000	-324.844000		
546.501000	-324.774000		
547.001000	-324.964000		
547.501000	-324.749000		
548.001000	-324.932000		
548.501000	-324.886000		
549.001000	-324.603000		
549.501000	-324.964000		
550.001000	-324.633000		
550.501000	-324.763000		
551.001000	-324.708000		
551.501000	-324.624000		
552.001000	-324.274000		
552.501000	-324.463000		
553.001000	-324.585000		
553.501000	-324.767000		
554.001000	-324.762000		
554.501000	-324.482000		
555.001000	-324.535000		
555.501000	-324.790000		
556.001000	-324.430000		
556.501000	-324.428000		
557.001000	-324.535000		
557.501000	-324.557000		
558.001000	-324.508000		
558.501000	-324.491000		
559.001000	-324.503000		
559.501000	-324.298000		
560.001000	-324.343000		
560.501000	-324.672000		
561.001000	-324.817000		
561.501000	-324.528000		
562.001000	-324.524000		
562.501000	-324.358000		
563.001000	-324.554000		
563.501000	-324.545000		
564.001000	-324.696000		
564.501000	-324.660000		
565.001000	-324.589000		
565.501000	-324.369000		
566.001000	-324.519000		
566.501000	-324.682000		
567.001000	-324.375000		
567.501000	-324.377000		
568.001000	-324.354000		
568.501000	-324.482000		
569.001000	-324.246000		
569.501000	-324.256000		
570.001000	-324.378000		
570.501000	-324.297000		
571.001000	-324.252000		
571.501000	-324.490000		
572.001000	-324.099000		
572.501000	-324.128000		
573.001000	-324.239000		
573.501000	-324.035000		
574.001000	-324.283000		
574.501000	-324.411000		
575.001000	-324.260000		
575.501000	-323.932000		
576.001000	-324.163000		
576.501000	-324.064000		
577.001000	-324.030000		
577.501000	-323.997000		
578.001000	-324.271000		
578.501000	-324.098000		
579.001000	-323.953000		
579.501000	-323.885000		
580.001000	-324.054000		
580.501000	-324.194000		
581.001000	-323.789000		
581.501000	-324.039000		
582.001000	-324.103000		
582.501000	-324.052000		
583.001000	-324.230000		
583.501000	-324.235000		
584.001000	-323.990000		
584.501000	-324.095000		
585.001000	-323.972000		
585.501000	-324.156000		
586.001000	-324.273000		
586.501000	-324.080000		
587.001000	-324.023000		
587.501000	-324.012000		
588.001000	-323.941000		
588.501000	-323.982000		
589.001000	-323.963000		
589.501000	-324.107000		
590.001000	-324.184000		
590.501000	-323.948000		
591.001000	-323.753000		
591.501000	-323.816000		
592.001000	-323.808000		
592.501000	-324.061000		
593.001000	-324.633000		
593.501000	-324.493000		
594.001000	-323.871000		
594.501000	-324.044000		
595.001000	-323.927000		
595.501000	-323.808000		
596.001000	-323.915000		
596.501000	-324.181000		
597.001000	-323.869000		
597.501000	-323.883000		
598.001000	-323.685000		
598.501000	-323.865000		
599.001000	-323.816000		
599.501000	-323.663000		
600.001000	-323.676000		
600.501000	-323.952000		
601.001000	-323.576000		
601.501000	-323.375000		
602.001000	-323.522000		
602.501000	-323.521000		
603.001000	-323.540000		
603.501000	-323.633000		
604.001000	-323.885000		
604.501000	-323.406000		
605.001000	-323.493000		
605.501000	-323.711000		
606.001000	-323.661000		
606.501000	-323.728000		
607.001000	-323.634000		
607.501000	-323.544000		
608.001000	-323.357000		
608.501000	-323.434000		
609.001000	-323.471000		
609.501000	-323.819000		
610.001000	-323.830000		
610.501000	-323.649000		
611.001000	-323.844000		
611.501000	-323.403000		
612.001000	-323.543000		
612.501000	-323.254000		
613.001000	-323.730000		
613.501000	-323.689000		
614.001000	-323.409000		
614.501000	-323.283000		
615.001000	-323.487000		
615.501000	-323.274000		
616.001000	-323.286000		
616.501000	-323.553000		
617.001000	-323.495000		
617.501000	-323.709000		
618.001000	-323.185000		
618.501000	-323.309000		
619.001000	-323.345000		
619.501000	-323.237000		
620.001000	-323.375000		
620.501000	-323.627000		
621.001000	-323.365000		
621.501000	-323.282000		
622.001000	-323.817000		
622.501000	-323.475000		
623.001000	-323.577000		
623.501000	-323.387000		
624.001000	-323.224000		
624.501000	-323.401000		
625.001000	-323.335000		
625.501000	-322.916000		
626.001000	-323.364000		
626.501000	-323.235000		
627.001000	-323.071000		
627.501000	-323.136000		
628.001000	-323.241000		
628.501000	-322.940000		
629.001000	-323.081000		
629.501000	-323.407000		
630.001000	-323.309000		
630.501000	-323.350000		
631.001000	-323.019000		
631.501000	-323.108000		
632.001000	-323.139000		
632.501000	-323.028000		
633.001000	-323.202000		
633.501000	-323.190000		
634.001000	-323.166000		
634.501000	-323.018000		
635.001000	-323.424000		
635.501000	-323.175000		
636.001000	-323.061000		
636.501000	-322.966000		
637.001000	-323.195000		
637.501000	-323.310000		
638.001000	-322.780000		
638.501000	-322.564000		
639.001000	-322.567000		
639.501000	-323.071000		
640.001000	-322.720000		
640.501000	-322.911000		
641.001000	-323.102000		
641.501000	-322.636000		
642.001000	-322.895000		
642.501000	-323.020000		
643.001000	-322.928000		
643.501000	-322.761000		
644.001000	-322.686000		
644.501000	-322.482000		
645.001000	-322.568000		
645.501000	-322.525000		
646.001000	-322.594000		
646.501000	-322.762000		
647.001000	-322.301000		
647.501000	-322.314000		
648.001000	-322.459000		
648.501000	-322.633000		
649.001000	-322.827000		
649.501000	-322.600000		
650.001000	-322.351000		
650.501000	-322.608000		
651.001000	-322.659000		
651.501000	-322.758000		
652.001000	-322.649000		
652.501000	-322.471000		
653.001000	-322.752000		
653.501000	-322.949000		
654.001000	-322.765000		
654.501000	-322.806000		
655.001000	-322.447000		
655.501000	-322.742000		
656.001000	-322.719000		
656.501000	-322.528000		
657.001000	-322.636000		
657.501000	-322.454000		
658.001000	-322.549000		
658.501000	-322.324000		
659.001000	-322.593000		
659.501000	-322.427000		
660.001000	-322.228000		
660.501000	-322.594000		
661.001000	-322.527000		
661.501000	-322.372000		
662.001000	-322.548000		
662.501000	-322.393000		
663.001000	-322.452000		
663.501000	-322.556000		
664.001000	-322.292000		
664.501000	-322.430000		
665.001000	-322.303000		
665.501000	-322.182000		
666.001000	-322.082000		
666.501000	-322.154000		
667.001000	-322.622000		
667.501000	-322.541000		
668.001000	-322.596000		
668.501000	-322.084000		
669.001000	-322.275000		
669.501000	-322.436000		
670.001000	-322.413000		
670.501000	-321.949000		
671.001000	-322.549000		
671.501000	-322.120000		
672.001000	-322.317000		
672.501000	-322.133000		
673.001000	-321.931000		
673.501000	-322.284000		
674.001000	-322.062000		
674.501000	-321.983000		
675.001000	-322.210000		
675.501000	-322.268000		
676.001000	-322.299000		
676.501000	-322.230000		
677.001000	-322.186000		
677.501000	-322.107000		
678.001000	-322.148000		
678.501000	-321.942000		
679.001000	-321.906000		
679.501000	-321.916000		
680.001000	-322.058000		
680.501000	-322.213000		
681.001000	-322.259000		
681.501000	-322.000000		
682.001000	-322.137000		
682.501000	-322.271000		
683.001000	-321.879000		
683.501000	-322.233000		
684.001000	-322.074000		
684.501000	-321.893000		
685.001000	-322.187000		
685.501000	-322.223000		
686.001000	-322.141000		
686.501000	-321.728000		
687.001000	-322.254000		
687.501000	-322.067000		
688.001000	-322.049000		
688.501000	-322.217000		
689.001000	-321.775000		
689.501000	-321.901000		
690.001000	-321.789000		
690.501000	-321.961000		
691.001000	-321.859000		
691.501000	-322.106000		
692.001000	-321.933000		
692.501000	-321.635000		
693.001000	-321.851000		
693.501000	-322.156000		
694.001000	-322.069000		
694.501000	-321.898000		
695.001000	-322.019000		
695.501000	-321.983000		
696.001000	-321.836000		
696.501000	-321.604000		
697.001000	-321.893000		
697.501000	-322.077000		
698.001000	-321.798000		
698.501000	-321.863000		
699.001000	-322.154000		
699.501000	-321.702000		
700.001000	-321.504000		
700.501000	-321.786000		
701.001000	-321.999000		
701.501000	-322.055000		
702.001000	-322.050000		
702.501000	-321.684000		
703.001000	-321.716000		
703.501000	-321.738000		
704.001000	-321.657000		
704.501000	-321.710000		
705.001000	-321.935000		
705.501000	-321.812000		
706.001000	-321.752000		
706.501000	-321.821000		
707.001000	-321.797000		
707.501000	-321.621000		
708.001000	-321.510000		
708.501000	-321.172000		
709.001000	-321.818000		
709.501000	-321.589000		
710.001000	-321.152000		
710.501000	-321.077000		
711.001000	-321.525000		
711.501000	-321.698000		
712.001000	-321.601000		
712.501000	-321.072000		
713.001000	-321.338000		
713.501000	-321.419000		
714.001000	-321.263000		
714.501000	-321.542000		
715.001000	-321.448000		
715.501000	-321.601000		
716.001000	-321.574000		
716.501000	-321.388000		
717.001000	-321.403000		
717.501000	-321.468000		
718.001000	-321.377000		
718.501000	-321.378000		
719.001000	-321.357000		
719.501000	-321.119000		
720.001000	-321.318000		
720.501000	-321.319000		
721.001000	-321.423000		
721.501000	-321.444000		
722.001000	-321.538000		
722.501000	-321.344000		
723.001000	-321.349000		
723.501000	-321.502000		
724.001000	-321.472000		
724.501000	-321.496000		
725.001000	-321.179000		
725.501000	-321.241000		
726.001000	-321.403000		
726.501000	-321.157000		
727.001000	-320.864000		
727.501000	-321.441000		
728.001000	-321.410000		
728.501000	-320.938000		
729.001000	-321.404000		
729.501000	-321.270000		
730.001000	-321.134000		
730.501000	-321.257000		
731.001000	-321.043000		
731.501000	-321.130000		
732.001000	-321.457000		
732.501000	-321.380000		
733.001000	-321.232000		
733.501000	-321.151000		
734.001000	-321.235000		
734.501000	-321.059000		
735.001000	-321.124000		
735.501000	-321.007000		
736.001000	-321.237000		
736.501000	-321.035000		
737.001000	-321.046000		
737.501000	-321.260000		
738.001000	-321.210000		
738.501000	-321.041000		
739.001000	-321.014000		
739.501000	-320.934000		
740.001000	-320.840000		
740.501000	-320.736000		
741.001000	-321.090000		
741.501000	-321.189000		
742.001000	-321.300000		
742.501000	-320.973000		
743.001000	-321.255000		
743.501000	-321.041000		
744.001000	-321.294000		
744.501000	-321.578000		
745.001000	-321.496000		
745.501000	-321.340000		
746.001000	-321.209000		
746.501000	-320.957000		
747.001000	-321.217000		
747.501000	-321.343000		
748.001000	-320.998000		
748.501000	-320.895000		
749.001000	-321.263000		
749.501000	-321.140000		
750.001000	-321.137000		
750.501000	-321.150000		
751.001000	-320.561000		
751.501000	-320.905000		
752.001000	-320.968000		
752.501000	-320.848000		
753.001000	-321.322000		
753.501000	-321.222000		
754.001000	-320.764000		
754.501000	-320.552000		
755.001000	-321.006000		
755.501000	-320.877000		
756.001000	-320.763000		
756.501000	-320.914000		
757.001000	-320.766000		
757.501000	-321.174000		
758.001000	-321.341000		
758.501000	-321.012000		
759.001000	-320.721000		
759.501000	-320.703000		
760.001000	-321.067000		
760.501000	-320.944000		
761.001000	-320.653000		
761.501000	-320.681000		
762.001000	-320.795000		
762.501000	-320.863000		
763.001000	-320.969000		
763.501000	-320.790000		
764.001000	-320.750000		
764.501000	-320.914000		
765.001000	-320.962000		
765.501000	-320.806000		
766.001000	-321.130000		
766.501000	-321.135000		
767.001000	-320.909000		
767.501000	-320.771000		
768.001000	-321.110000		
768.501000	-321.056000		
769.001000	-320.956000		
769.501000	-320.830000		
770.001000	-320.852000		
770.501000	-320.858000		
771.001000	-320.756000		
771.501000	-320.755000		
772.001000	-320.749000		
772.501000	-320.594000		
773.001000	-320.767000		
773.501000	-320.866000		
774.001000	-320.811000		
774.501000	-320.899000		
775.001000	-320.892000		
775.501000	-320.306000		
776.001000	-320.399000		
776.501000	-320.659000		
777.001000	-321.020000		
777.501000	-320.539000		
778.001000	-320.565000		
778.501000	-320.624000		
779.001000	-320.604000		
779.501000	-320.418000		
780.001000	-320.731000		
780.501000	-320.631000		
781.001000	-320.584000		
781.501000	-320.880000		
782.001000	-320.534000		
782.501000	-320.310000		
783.001000	-320.588000		
783.501000	-320.662000		
784.001000	-320.713000		
784.501000	-320.482000		
785.001000	-320.592000		
785.501000	-320.912000		
786.001000	-320.415000		
786.501000	-320.575000		
787.001000	-320.674000		
787.501000	-320.484000		
788.001000	-320.390000		
788.501000	-320.575000		
789.001000	-320.632000		
789.501000	-320.326000		
790.001000	-320.692000		
790.501000	-320.300000		
791.001000	-320.499000		
791.501000	-320.469000		
792.001000	-320.233000		
792.501000	-320.284000		
793.001000	-320.459000		
793.501000	-320.390000		
794.001000	-320.464000		
794.501000	-320.355000		
795.001000	-320.558000		
795.501000	-320.521000		
796.001000	-320.028000		
796.501000	-320.256000		
797.001000	-320.389000		
797.501000	-320.072000		
798.001000	-320.194000		
798.501000	-320.494000		
799.001000	-320.545000		
799.501000	-320.540000		
800.001000	-320.531000		
800.501000	-320.092000		
801.001000	-320.440000		
801.501000	-320.236000		
802.001000	-320.288000		
802.501000	-320.274000		
803.001000	-320.195000		
803.501000	-320.517000		
804.001000	-320.138000		
804.501000	-320.221000		
805.001000	-320.168000		
805.501000	-320.203000		
806.001000	-320.328000		
806.501000	-320.315000		
807.001000	-320.170000		
807.501000	-320.177000		
808.001000	-320.100000		
808.501000	-319.863000		
809.001000	-320.192000		
809.501000	-320.358000		
810.001000	-320.234000		
810.501000	-319.918000		
811.001000	-319.987000		
811.501000	-320.367000		
812.001000	-319.874000		
812.501000	-319.849000		
813.001000	-320.237000		
813.501000	-320.260000		
814.001000	-320.243000		
814.501000	-320.170000		
815.001000	-320.324000		
815.501000	-320.200000		
816.001000	-320.439000		
816.501000	-320.264000		
817.001000	-320.014000		
817.501000	-320.166000		
818.001000	-320.277000		
818.501000	-320.540000		
819.001000	-319.771000		
819.501000	-320.042000		
820.001000	-319.796000		
820.501000	-319.655000		
821.001000	-319.761000		
821.501000	-320.122000		
822.001000	-319.920000		
822.501000	-319.853000		
823.001000	-320.036000		
823.501000	-319.990000		
824.001000	-319.939000		
824.501000	-319.984000		
825.001000	-319.961000		
825.501000	-319.659000		
826.001000	-319.461000		
826.501000	-319.687000		
827.001000	-319.728000		
827.501000	-319.762000		
828.001000	-319.730000		
828.501000	-319.883000		
829.001000	-319.923000		
829.501000	-320.245000		
830.001000	-319.566000		
830.501000	-319.741000		
831.001000	-319.934000		
831.501000	-320.127000		
832.001000	-319.724000		
832.501000	-319.606000		
833.001000	-319.932000		
833.501000	-319.686000		
834.001000	-319.637000		
834.501000	-319.924000		
835.001000	-320.153000		
835.501000	-319.949000		
836.001000	-319.795000		
836.501000	-319.676000		
837.001000	-319.906000		
837.501000	-319.871000		
838.001000	-320.124000		
838.501000	-320.115000		
839.001000	-319.707000		
839.501000	-319.687000		
840.001000	-319.612000		
840.501000	-319.898000		
841.001000	-319.682000		
841.501000	-319.586000		
842.001000	-319.615000		
842.501000	-319.619000		
843.001000	-319.761000		
843.501000	-320.032000		
844.001000	-319.700000		
844.501000	-319.473000		
845.001000	-319.592000		
845.501000	-319.804000		
846.001000	-319.619000		
846.501000	-319.456000		
847.001000	-319.752000		
847.501000	-319.783000		
848.001000	-319.842000		
848.501000	-319.671000		
849.001000	-319.979000		
849.501000	-319.793000		
850.001000	-319.296000		
850.501000	-319.483000		
851.001000	-319.752000		
851.501000	-319.721000		
852.001000	-319.928000		
852.501000	-319.480000		
853.001000	-319.470000		
853.501000	-319.848000		
854.001000	-319.623000		
854.501000	-319.501000		
855.001000	-319.267000		
855.501000	-319.690000		
856.001000	-320.119000		
856.501000	-319.599000		
857.001000	-319.161000		
857.501000	-319.629000		
858.001000	-319.828000		
858.501000	-319.343000		
859.001000	-319.134000		
859.501000	-319.750000		
860.001000	-319.814000		
860.501000	-319.852000		
861.001000	-319.457000		
861.501000	-319.614000		
862.001000	-319.653000		
862.501000	-319.873000		
863.001000	-319.709000		
863.501000	-319.752000		
864.001000	-319.871000		
864.501000	-319.740000		
865.001000	-319.729000		
865.501000	-319.785000		
866.001000	-319.703000		
866.501000	-319.560000		
867.001000	-319.623000		
867.501000	-319.909000		
868.001000	-319.617000		
868.501000	-319.537000		
869.001000	-319.576000		
869.501000	-319.461000		
870.001000	-319.843000		
870.501000	-319.519000		
871.001000	-319.658000		
871.501000	-319.677000		
872.001000	-319.770000		
872.501000	-319.753000		
873.001000	-319.327000		
873.501000	-319.621000		
874.001000	-319.633000		
874.501000	-319.555000		
875.001000	-319.382000		
875.501000	-319.562000		
876.001000	-319.589000		
876.501000	-319.440000		
877.001000	-319.699000		
877.501000	-319.814000		
878.001000	-319.693000		
878.501000	-319.513000		
879.001000	-319.576000		
879.501000	-319.795000		
880.001000	-319.803000		
880.501000	-319.450000		
881.001000	-319.456000		
881.501000	-319.381000		
882.001000	-319.224000		
882.501000	-319.805000		
883.001000	-319.750000		
883.501000	-319.956000		
884.001000	-319.591000		
884.501000	-319.102000		
885.001000	-319.441000		
885.501000	-319.469000		
886.001000	-319.413000		
886.501000	-319.586000		
887.001000	-319.485000		
887.501000	-319.160000		
888.001000	-319.419000		
888.501000	-319.556000		
889.001000	-319.104000		
889.501000	-319.391000		
890.001000	-319.683000		
890.501000	-319.274000		
891.001000	-319.368000		
891.501000	-319.431000		
892.001000	-319.638000		
892.501000	-319.327000		
893.001000	-319.258000		
893.501000	-319.346000		
894.001000	-319.563000		
894.501000	-319.347000		
895.001000	-319.522000		
895.501000	-319.439000		
896.001000	-319.441000		
896.501000	-319.574000		
897.001000	-319.291000		
897.501000	-319.207000		
898.001000	-319.422000		
898.501000	-319.196000		
899.001000	-319.168000		
899.501000	-319.540000		
900.001000	-319.643000		
900.501000	-319.286000		
901.001000	-319.293000		
901.501000	-319.259000		
902.001000	-319.192000		
902.501000	-319.169000		
903.001000	-319.426000		
903.501000	-319.123000		
904.001000	-319.133000		
904.501000	-319.079000		
905.001000	-319.284000		
905.501000	-319.602000		
906.001000	-319.603000		
906.501000	-319.444000		
907.001000	-319.413000		
907.501000	-319.365000		
908.001000	-319.052000		
908.501000	-318.947000		
909.001000	-318.844000		
909.501000	-319.381000		
910.001000	-319.140000		
910.501000	-319.155000		
911.001000	-319.198000		
911.501000	-319.355000		
912.001000	-318.968000		
912.501000	-318.901000		
913.001000	-319.022000		
913.501000	-319.287000		
914.001000	-319.044000		
914.501000	-319.132000		
915.001000	-318.987000		
915.501000	-319.152000		
916.001000	-319.307000		
916.501000	-319.132000		
917.001000	-318.902000		
917.501000	-319.193000		
918.001000	-319.199000		
918.501000	-319.015000		
919.001000	-318.877000		
919.501000	-318.929000		
920.001000	-319.230000		
920.501000	-319.174000		
921.001000	-318.890000		
921.501000	-319.370000		
922.001000	-319.355000		
922.501000	-319.118000		
923.001000	-318.709000		
923.501000	-318.832000		
924.001000	-319.222000		
924.501000	-319.117000		
925.001000	-319.150000		
925.501000	-319.031000		
926.001000	-319.276000		
926.501000	-318.866000		
927.001000	-318.937000		
927.501000	-319.150000		
928.001000	-318.981000		
928.501000	-318.884000		
929.001000	-318.940000		
929.501000	-319.018000		
930.001000	-318.744000		
930.501000	-319.284000		
931.001000	-319.119000		
931.501000	-319.104000		
932.001000	-319.187000		
932.501000	-318.839000		
933.001000	-318.936000		
933.501000	-318.951000		
934.001000	-319.297000		
934.501000	-319.030000		
935.001000	-318.685000		
935.501000	-318.868000		
936.001000	-319.370000		
936.501000	-319.062000		
937.001000	-319.151000		
937.501000	-318.927000		
938.001000	-318.754000		
938.501000	-319.019000		
939.001000	-318.959000		
939.501000	-319.133000		
940.001000	-318.787000		
940.501000	-319.220000		
941.001000	-319.213000		
941.501000	-318.949000		
942.001000	-319.091000		
942.501000	-319.430000		
943.001000	-319.198000		
943.501000	-318.842000		
944.001000	-318.815000		
944.501000	-319.465000		
945.001000	-319.301000		
945.501000	-319.032000		
946.001000	-319.210000		
946.501000	-318.791000		
947.001000	-319.155000		
947.501000	-319.264000		
948.001000	-319.239000		
948.501000	-318.988000		
949.001000	-318.972000		
949.501000	-319.167000		
950.001000	-319.104000		
950.501000	-319.350000		
951.001000	-318.975000		
951.501000	-319.156000		
952.001000	-319.192000		
952.501000	-319.121000		
953.001000	-319.378000		
953.501000	-319.202000		
954.001000	-319.197000		
954.501000	-319.038000		
955.001000	-318.842000		
955.501000	-319.081000		
956.001000	-319.124000		
956.501000	-318.982000		
957.001000	-318.745000		
957.501000	-318.898000		
958.001000	-318.999000		
958.501000	-319.029000		
959.001000	-318.993000		
959.501000	-319.076000		
960.001000	-318.984000		
960.501000	-319.004000		
961.001000	-319.140000		
961.501000	-319.057000		
962.001000	-319.026000		
962.501000	-318.763000		
963.001000	-318.387000		
963.501000	-318.799000		
964.001000	-319.287000		
964.501000	-319.206000		
965.001000	-319.071000		
965.501000	-319.029000		
966.001000	-319.302000		
966.501000	-319.075000		
967.001000	-318.629000		
967.501000	-318.718000		
968.001000	-319.197000		
968.501000	-318.780000		
969.001000	-318.478000		
969.501000	-318.730000		
970.001000	-318.887000		
970.501000	-318.737000		
971.001000	-318.620000		
971.501000	-318.910000		
972.001000	-318.809000		
972.501000	-318.994000		
973.001000	-318.957000		
973.501000	-319.052000		
974.001000	-318.870000		
974.501000	-318.996000		
975.001000	-318.986000		
975.501000	-318.825000		
976.001000	-318.881000		
976.501000	-318.966000		
977.001000	-318.942000		
977.501000	-319.127000		
978.001000	-319.052000		
978.501000	-318.835000		
979.001000	-319.046000		
979.501000	-318.818000		
980.001000	-318.626000		
980.501000	-318.590000		
981.001000	-319.148000		
981.501000	-318.795000		
982.001000	-318.737000		
982.501000	-318.883000		
983.001000	-319.012000		
983.501000	-319.222000		
984.001000	-319.283000		
984.501000	-319.249000		
985.001000	-319.339000		
985.501000	-319.166000		
986.001000	-318.961000		
986.501000	-319.234000		
987.001000	-319.140000		
987.501000	-319.355000		
988.001000	-318.967000		
988.501000	-319.045000		
989.001000	-318.955000		
989.501000	-319.034000		
990.001000	-319.004000		
990.501000	-319.260000		
991.001000	-318.973000		
991.501000	-319.005000		
992.000000	-319.032000		
992.501000	-319.246000		
993.001000	-318.928000		
993.501000	-318.763000		
994.001000	-318.816000		
994.501000	-319.052000		
995.001000	-319.006000		
995.501000	-318.871000		
996.001000	-319.000000		
996.501000	-319.155000		
997.001000	-318.885000		
997.501000	-318.917000		
998.001000	-319.217000		
998.501000	-318.907000		
