Date:	Sun, Nov 03, 2013		
measured by:	Rotem		
Second sample, 20 min pirahna, 50 min air (still very hydrophillic surface),1min50sec HF (hydrophobic enough), 2 min 20 till start 			
Time [s]	CPD stream	Light	SPV
0.000000	-640.483000		
0.501000	-640.692000		
1.001000	-641.548000		
1.501000	-641.811000		
2.001000	-642.819000		
2.501000	-642.901000		
3.001000	-643.352000		
3.501000	-643.866000		
4.001000	-644.241000		
4.500000	-644.773000		
5.001000	-645.577000		
5.501000	-646.000000		
6.001000	-646.531000		
6.501000	-646.725000		
7.001000	-646.864000		
7.501000	-647.356000		
8.001000	-647.867000		
8.501000	-648.201000		
9.001000	-648.530000		
9.501000	-648.835000		
10.001000	-649.034000		
10.500000	-649.392000		
11.001000	-649.082000		
11.501000	-649.436000		
12.001000	-649.710000		
12.501000	-650.018000		
13.001000	-650.404000		
13.501000	-650.294000		
14.000000	-650.492000		
14.501000	-650.625000		
15.001000	-651.410000		
15.501000	-651.828000		
16.001000	-651.789000		
16.501000	-651.838000		
17.001000	-651.747000		
17.501000	-652.166000		
18.001000	-652.419000		
18.501000	-652.612000		
19.001000	-653.288000		
19.501000	-653.542000		
20.000000	-653.686000		
20.501000	-653.530000		
21.001000	-653.959000		
21.501000	-654.080000		
22.001000	-654.505000		
22.501000	-654.357000		
23.001000	-654.742000		
23.500000	-655.118000		
24.001000	-655.652000		
24.501000	-655.648000		
25.001000	-655.433000		
25.501000	-655.863000		
26.001000	-655.796000		
26.500000	-656.067000		
27.001000	-655.983000		
27.501000	-656.185000		
28.001000	-656.714000		
28.501000	-656.946000		
29.001000	-657.094000		
29.501000	-656.942000		
30.001000	-657.283000		
30.501000	-657.578000		
31.001000	-657.364000		
31.501000	-657.531000		
32.001000	-657.591000		
32.501000	-657.912000		
33.001000	-657.898000		
33.501000	-658.024000		
34.001000	-657.992000		
34.501000	-658.091000		
35.001000	-658.574000		
35.501000	-658.547000		
36.001000	-658.355000		
36.501000	-658.214000		
37.001000	-658.396000		
37.501000	-658.265000		
38.001000	-658.665000		
38.501000	-658.940000		
39.001000	-659.078000		
39.501000	-658.865000		
40.001000	-658.889000		
40.501000	-659.197000		
41.001000	-659.396000		
41.501000	-659.274000		
42.001000	-659.526000		
42.501000	-659.373000		
43.001000	-659.406000		
43.501000	-659.531000		
44.001000	-659.527000		
44.501000	-659.426000		
45.001000	-659.820000		
45.501000	-659.727000		
46.001000	-659.730000		
46.501000	-659.644000		
47.001000	-660.041000		
47.501000	-660.043000		
48.001000	-659.936000		
48.501000	-659.902000		
49.001000	-659.960000		
49.501000	-659.964000		
50.001000	-660.293000		
50.501000	-660.106000		
51.001000	-659.996000		
51.501000	-660.089000		
52.001000	-660.637000		
52.501000	-660.783000		
53.001000	-660.459000		
53.501000	-660.562000		
54.001000	-660.652000		
54.501000	-660.392000		
55.001000	-660.372000		
55.501000	-660.720000		
56.001000	-661.124000		
56.501000	-660.871000		
57.001000	-660.788000		
57.501000	-661.016000		
58.001000	-661.084000		
58.501000	-661.076000		
59.001000	-661.177000		
59.501000	-661.063000		
60.001000	-661.077000		
60.501000	-661.271000		
61.001000	-661.245000		
61.501000	-661.536000		
62.001000	-661.548000		
62.501000	-661.398000		
63.001000	-661.420000		
63.501000	-661.651000		
64.001000	-661.923000		
64.501000	-662.031000		
65.001000	-662.121000		
65.501000	-662.056000		
66.001000	-661.758000		
66.501000	-662.215000		
67.001000	-662.623000		
67.501000	-662.385000		
68.001000	-662.438000		
68.501000	-662.375000		
69.001000	-662.400000		
69.501000	-662.703000		
70.001000	-662.959000		
70.501000	-662.896000		
71.001000	-662.558000		
71.501000	-662.513000		
72.001000	-662.900000		
72.501000	-662.828000		
73.001000	-662.517000		
73.501000	-662.385000		
74.001000	-662.865000		
74.501000	-662.982000		
75.001000	-662.857000		
75.501000	-663.069000		
76.001000	-663.323000		
76.501000	-663.094000		
77.001000	-663.296000		
77.501000	-663.332000		
78.001000	-663.193000		
78.501000	-663.288000		
79.001000	-663.425000		
79.501000	-663.278000		
80.001000	-663.123000		
80.501000	-663.473000		
81.001000	-663.327000		
81.501000	-663.621000		
82.001000	-663.561000		
82.501000	-663.629000		
83.001000	-663.761000		
83.501000	-664.012000		
84.001000	-663.888000		
84.501000	-663.716000		
85.001000	-663.935000		
85.501000	-664.001000		
86.001000	-664.104000		
86.501000	-664.007000		
87.001000	-663.801000		
87.501000	-663.630000		
88.001000	-664.008000		
88.501000	-663.842000		
89.001000	-663.730000		
89.501000	-663.829000		
90.001000	-663.971000		
90.501000	-663.854000		
91.001000	-664.160000		
91.501000	-664.107000		
92.001000	-664.008000		
92.501000	-664.075000		
93.001000	-664.311000		
93.501000	-664.464000		
94.001000	-663.990000		
94.501000	-664.256000		
95.001000	-664.156000		
95.501000	-664.180000		
96.001000	-664.331000		
96.501000	-664.455000		
97.001000	-664.511000		
97.501000	-664.554000		
98.001000	-664.690000		
98.501000	-664.648000		
99.001000	-664.303000		
99.501000	-664.631000		
100.001000	-664.726000		
100.501000	-664.542000		
101.001000	-664.742000		
101.501000	-664.453000		
102.001000	-664.581000		
102.501000	-664.082000		
103.000000	-664.627000		
103.501000	-664.770000		
104.001000	-664.731000		
104.501000	-664.659000		
105.001000	-664.632000		
105.501000	-664.919000		
106.001000	-664.871000		
106.501000	-664.828000		
107.001000	-664.472000		
107.501000	-665.138000		
108.001000	-665.506000		
108.501000	-664.920000		
109.001000	-664.917000		
109.501000	-664.853000		
110.001000	-665.028000		
110.501000	-664.998000		
111.001000	-664.887000		
111.501000	-664.871000		
112.001000	-664.996000		
112.501000	-665.392000		
113.002000	-665.620000		
113.501000	-665.098000		
114.001000	-664.911000		
114.501000	-664.959000		
115.001000	-665.355000		
115.501000	-665.637000		
116.000000	-665.170000		
116.501000	-664.894000		
117.001000	-664.788000		
117.501000	-664.919000		
118.001000	-665.417000		
118.501000	-665.347000		
119.001000	-665.106000		
119.501000	-665.107000		
120.001000	-665.252000		
120.501000	-665.339000		
121.001000	-665.610000		
121.501000	-665.130000		
122.001000	-665.233000		
122.501000	-665.658000		
123.001000	-665.921000		
123.501000	-665.437000		
124.001000	-665.269000		
124.501000	-665.680000		
125.001000	-666.030000		
125.501000	-666.089000		
126.001000	-665.780000		
126.501000	-665.844000		
127.001000	-665.769000		
127.501000	-665.823000		
128.001000	-665.825000		
128.501000	-665.832000		
129.001000	-665.379000		
129.501000	-665.550000		
130.001000	-665.537000		
130.501000	-665.430000		
131.001000	-665.241000		
131.501000	-665.275000		
132.001000	-665.706000		
132.501000	-665.592000		
133.001000	-665.762000		
133.501000	-665.533000		
134.001000	-665.649000		
134.501000	-665.831000		
135.001000	-665.786000		
135.501000	-665.521000		
136.001000	-665.566000		
136.501000	-665.596000		
137.001000	-666.085000		
137.501000	-665.697000		
138.001000	-665.476000		
138.501000	-665.446000		
139.001000	-665.882000		
139.501000	-665.648000		
140.001000	-665.357000		
140.501000	-665.567000		
141.001000	-665.736000		
141.501000	-665.724000		
142.001000	-665.748000		
142.501000	-665.782000		
143.001000	-665.867000		
143.501000	-665.885000		
144.001000	-665.964000		
144.501000	-665.861000		
145.001000	-665.597000		
145.501000	-666.081000		
146.001000	-665.939000		
146.501000	-665.813000		
147.001000	-666.124000		
147.501000	-666.235000		
148.001000	-666.006000		
148.501000	-665.912000		
149.001000	-665.834000		
149.501000	-665.676000		
150.001000	-666.002000		
150.501000	-665.810000		
151.001000	-666.037000		
151.501000	-665.721000		
152.001000	-665.705000		
152.501000	-665.623000		
153.001000	-665.874000		
153.501000	-666.003000		
154.001000	-666.186000		
154.501000	-666.437000		
155.001000	-666.419000		
155.501000	-666.501000		
156.001000	-666.071000		
156.501000	-665.933000		
157.001000	-665.980000		
157.501000	-666.034000		
158.001000	-666.052000		
158.501000	-666.330000		
159.001000	-666.211000		
159.501000	-666.256000		
160.001000	-666.207000		
160.501000	-665.874000		
161.001000	-665.938000		
161.501000	-666.224000		
162.001000	-666.314000		
162.501000	-666.380000		
163.001000	-666.120000		
163.501000	-665.924000		
164.001000	-666.115000		
164.501000	-666.247000		
165.001000	-666.644000		
165.501000	-666.514000		
166.001000	-666.593000		
166.501000	-666.489000		
167.001000	-666.289000		
167.501000	-666.208000		
168.001000	-666.450000		
168.501000	-666.440000		
169.001000	-666.158000		
169.501000	-665.960000		
170.001000	-666.290000		
170.501000	-666.320000		
171.001000	-666.035000		
171.501000	-666.042000		
172.001000	-666.172000		
172.501000	-666.252000		
173.001000	-666.382000		
173.501000	-666.428000		
174.001000	-666.293000		
174.501000	-666.360000		
175.001000	-666.472000		
175.501000	-666.515000		
176.001000	-666.197000		
176.501000	-666.100000		
177.001000	-666.391000		
177.501000	-666.027000		
178.001000	-665.908000		
178.501000	-666.151000		
179.001000	-666.073000		
179.501000	-666.123000		
180.001000	-666.024000		
180.501000	-666.200000		
181.001000	-666.340000		
181.501000	-666.450000		
182.001000	-666.346000		
182.501000	-666.145000		
183.001000	-666.049000		
183.501000	-666.339000		
184.001000	-666.360000		
184.501000	-666.282000		
185.001000	-666.147000		
185.501000	-666.512000		
186.001000	-666.481000		
186.501000	-666.498000		
187.001000	-666.428000		
187.501000	-666.448000		
188.001000	-666.383000		
188.501000	-666.127000		
189.001000	-665.973000		
189.501000	-666.109000		
190.001000	-666.405000		
190.501000	-666.158000		
191.001000	-666.077000		
191.501000	-666.327000		
192.001000	-666.577000		
192.501000	-666.603000		
193.001000	-666.140000		
193.501000	-666.119000		
194.001000	-666.100000		
194.501000	-666.179000		
195.001000	-666.213000		
195.501000	-665.986000		
196.001000	-666.170000		
196.501000	-665.913000		
197.001000	-666.026000		
197.501000	-666.022000		
198.001000	-665.979000		
198.501000	-666.076000		
199.001000	-666.035000		
199.501000	-665.893000		
200.001000	-665.955000		
200.501000	-666.242000		
201.001000	-666.164000		
201.501000	-666.004000		
202.001000	-666.204000		
202.501000	-666.568000		
203.001000	-666.203000		
203.501000	-665.714000		
204.001000	-666.080000		
204.501000	-666.109000		
205.001000	-666.068000		
205.501000	-666.088000		
206.001000	-665.978000		
206.501000	-666.022000		
207.001000	-666.247000		
207.501000	-666.241000		
208.001000	-666.184000		
208.501000	-665.932000		
209.001000	-666.018000		
209.501000	-665.710000		
210.001000	-665.577000		
210.501000	-665.853000		
211.001000	-666.074000		
211.501000	-665.994000		
212.001000	-665.874000		
212.501000	-665.642000		
213.001000	-666.025000		
213.501000	-666.085000		
214.001000	-665.906000		
214.501000	-666.013000		
215.001000	-666.067000		
215.501000	-665.920000		
216.001000	-665.643000		
216.501000	-665.567000		
217.001000	-665.658000		
217.501000	-665.486000		
218.001000	-665.541000		
218.501000	-665.459000		
219.001000	-665.682000		
219.501000	-665.900000		
220.001000	-665.759000		
220.501000	-665.744000		
221.001000	-666.153000		
221.501000	-666.115000		
222.001000	-666.024000		
222.501000	-666.146000		
223.001000	-666.449000		
223.501000	-666.381000		
224.001000	-666.374000		
224.501000	-665.950000		
225.001000	-666.131000		
225.501000	-665.991000		
226.001000	-665.839000		
226.501000	-666.028000		
227.001000	-666.099000		
227.501000	-666.086000		
228.001000	-665.995000		
228.501000	-665.853000		
229.001000	-665.673000		
229.501000	-665.708000		
230.001000	-665.575000		
230.501000	-665.642000		
231.001000	-666.002000		
231.501000	-665.965000		
232.001000	-665.772000		
232.501000	-665.697000		
233.001000	-665.796000		
233.501000	-665.853000		
234.001000	-665.806000		
234.501000	-665.188000		
235.001000	-665.358000		
235.501000	-665.311000		
236.001000	-665.090000		
236.501000	-665.027000		
237.001000	-665.626000		
237.501000	-665.563000		
238.001000	-665.282000		
238.501000	-665.392000		
239.001000	-665.503000		
239.501000	-665.382000		
240.001000	-665.240000		
240.501000	-665.365000		
241.001000	-665.393000		
241.501000	-665.309000		
242.001000	-664.873000		
242.501000	-665.032000		
243.001000	-665.266000		
243.501000	-665.011000		
244.001000	-664.939000		
244.501000	-664.777000		
245.001000	-665.071000		
245.501000	-665.137000		
246.001000	-665.071000		
246.501000	-665.097000		
247.001000	-665.056000		
247.501000	-665.136000		
248.001000	-664.814000		
248.501000	-665.139000		
249.001000	-665.044000		
249.501000	-665.037000		
250.001000	-664.988000		
250.501000	-665.044000		
251.001000	-665.171000		
251.501000	-665.128000		
252.001000	-665.050000		
252.501000	-665.271000		
253.001000	-665.169000		
253.501000	-664.973000		
254.001000	-664.875000		
254.501000	-665.212000		
255.001000	-665.210000		
255.501000	-665.013000		
256.001000	-664.933000		
256.501000	-665.194000		
257.001000	-665.291000		
257.501000	-665.120000		
258.001000	-664.905000		
258.501000	-665.019000		
259.001000	-665.031000		
259.501000	-664.815000		
260.001000	-665.257000		
260.501000	-665.264000		
261.001000	-665.111000		
261.501000	-665.193000		
262.001000	-664.983000		
262.501000	-665.119000		
263.001000	-664.860000		
263.501000	-664.561000		
264.001000	-664.868000		
264.501000	-665.206000		
265.001000	-665.337000		
265.501000	-664.776000		
266.001000	-664.902000		
266.501000	-665.180000		
267.001000	-665.086000		
267.501000	-664.758000		
268.001000	-665.250000		
268.501000	-665.423000		
269.001000	-665.043000		
269.501000	-665.046000		
270.001000	-665.223000		
270.501000	-665.113000		
271.001000	-665.200000		
271.501000	-665.084000		
272.001000	-665.225000		
272.501000	-665.110000		
273.001000	-664.900000		
273.501000	-664.929000		
274.001000	-664.846000		
274.501000	-664.961000		
275.001000	-665.097000		
275.501000	-664.997000		
276.001000	-665.014000		
276.501000	-664.580000		
277.001000	-664.716000		
277.501000	-664.905000		
278.001000	-665.015000		
278.501000	-664.870000		
279.001000	-664.815000		
279.501000	-664.848000		
280.001000	-664.933000		
280.501000	-664.723000		
281.001000	-664.908000		
281.501000	-665.172000		
282.001000	-665.070000		
282.501000	-665.126000		
283.001000	-665.089000		
283.501000	-664.955000		
284.001000	-664.878000		
284.501000	-664.554000		
285.001000	-664.770000		
285.501000	-665.039000		
286.001000	-664.904000		
286.501000	-664.677000		
287.001000	-664.870000		
287.501000	-664.924000		
288.001000	-664.814000		
288.501000	-664.933000		
289.001000	-665.219000		
289.501000	-665.151000		
290.001000	-665.178000		
290.501000	-664.892000		
291.001000	-664.685000		
291.501000	-664.630000		
292.001000	-664.854000		
292.501000	-664.858000		
293.001000	-664.312000		
293.501000	-664.350000		
294.001000	-664.791000		
294.501000	-664.923000		
295.001000	-664.806000		
295.501000	-664.945000		
296.001000	-665.034000		
296.501000	-664.840000		
297.001000	-664.567000		
297.501000	-664.570000		
298.001000	-664.772000		
298.501000	-665.038000		
299.001000	-664.511000		
299.501000	-664.437000		
300.001000	-664.725000		
300.501000	-664.604000		
301.001000	-664.407000		
301.501000	-664.203000		
302.001000	-664.120000		
302.501000	-664.473000		
303.001000	-664.349000		
303.501000	-664.513000		
304.001000	-664.330000		
304.501000	-664.171000		
305.001000	-664.278000		
305.501000	-664.466000		
306.001000	-664.477000		
306.501000	-664.617000		
307.001000	-664.624000		
307.501000	-664.607000		
308.001000	-664.331000		
308.501000	-664.663000		
309.001000	-665.017000		
309.501000	-664.522000		
310.001000	-664.485000		
310.501000	-664.585000		
311.001000	-664.755000		
311.501000	-664.410000		
312.001000	-664.345000		
312.501000	-664.194000		
313.001000	-664.126000		
313.501000	-664.145000		
314.001000	-664.427000		
314.501000	-664.447000		
315.001000	-664.239000		
315.501000	-664.212000		
316.001000	-664.389000		
316.501000	-664.601000		
317.001000	-664.586000		
317.501000	-664.507000		
318.001000	-664.427000		
318.501000	-664.421000		
319.001000	-664.358000		
319.501000	-664.243000		
320.001000	-664.247000		
320.501000	-664.349000		
321.001000	-664.623000		
321.501000	-664.559000		
322.001000	-663.929000		
322.501000	-664.134000		
323.001000	-664.330000		
323.501000	-664.455000		
324.001000	-664.202000		
324.501000	-664.007000		
325.001000	-664.542000		
325.501000	-664.266000		
326.001000	-663.861000		
326.501000	-664.125000		
327.001000	-664.286000		
327.501000	-663.955000		
328.001000	-664.173000		
328.501000	-664.252000		
329.001000	-664.335000		
329.501000	-663.976000		
330.001000	-664.211000		
330.501000	-664.126000		
331.001000	-663.875000		
331.501000	-663.645000		
332.001000	-663.900000		
332.501000	-663.848000		
333.001000	-663.840000		
333.501000	-664.074000		
334.001000	-663.869000		
334.501000	-664.151000		
335.001000	-664.220000		
335.501000	-664.201000		
336.001000	-664.119000		
336.501000	-664.087000		
337.001000	-663.931000		
337.501000	-664.128000		
338.001000	-664.124000		
338.501000	-663.716000		
339.001000	-663.565000		
339.501000	-663.514000		
340.001000	-663.312000		
340.501000	-663.866000		
341.001000	-663.871000		
341.501000	-663.518000		
342.001000	-663.760000		
342.501000	-663.791000		
343.001000	-663.809000		
343.501000	-663.510000		
344.001000	-663.593000		
344.501000	-663.998000		
345.001000	-663.645000		
345.501000	-663.415000		
346.001000	-663.419000		
346.501000	-663.397000		
347.001000	-663.464000		
347.501000	-663.540000		
348.001000	-663.750000		
348.501000	-663.762000		
349.001000	-663.907000		
349.501000	-663.909000		
350.001000	-663.421000		
350.501000	-663.310000		
351.001000	-663.451000		
351.501000	-663.468000		
352.000000	-663.297000		
352.501000	-663.067000		
353.001000	-663.352000		
353.501000	-663.182000		
354.001000	-663.347000		
354.501000	-663.672000		
355.001000	-663.427000		
355.501000	-663.382000		
356.001000	-663.494000		
356.501000	-663.460000		
357.001000	-663.483000		
357.501000	-663.359000		
358.001000	-663.685000		
358.501000	-663.791000		
359.001000	-664.020000		
359.501000	-663.843000		
360.001000	-663.624000		
360.501000	-663.324000		
361.001000	-663.255000		
361.501000	-663.733000		
362.001000	-663.530000		
362.501000	-663.272000		
363.001000	-663.031000		
363.501000	-663.304000		
364.001000	-663.290000		
364.501000	-663.113000		
365.001000	-663.331000		
365.501000	-663.672000		
366.001000	-663.402000		
366.501000	-663.406000		
367.001000	-663.346000		
367.501000	-663.091000		
368.001000	-663.017000		
368.501000	-663.267000		
369.001000	-663.321000		
369.501000	-663.249000		
370.001000	-663.471000		
370.501000	-663.391000		
371.001000	-663.321000		
371.501000	-663.256000		
372.001000	-663.345000		
372.501000	-663.312000		
373.001000	-663.155000		
373.501000	-663.067000		
374.001000	-663.070000		
374.501000	-663.438000		
375.001000	-663.298000		
375.501000	-663.424000		
376.001000	-663.388000		
376.501000	-663.198000		
377.001000	-663.067000		
377.501000	-663.271000		
378.001000	-663.116000		
378.501000	-663.313000		
379.001000	-663.177000		
379.501000	-662.893000		
380.001000	-662.969000		
380.501000	-663.217000		
381.001000	-663.388000		
381.501000	-663.130000		
382.000000	-663.215000		
382.501000	-663.291000		
383.001000	-662.908000		
383.501000	-663.183000		
384.001000	-663.007000		
384.501000	-662.756000		
385.001000	-662.820000		
385.501000	-662.936000		
386.001000	-662.864000		
386.501000	-662.620000		
387.001000	-663.027000		
387.501000	-662.872000		
388.001000	-662.700000		
388.501000	-662.844000		
389.001000	-662.919000		
389.501000	-662.616000		
390.001000	-662.883000		
390.501000	-662.976000		
391.001000	-662.762000		
391.501000	-662.578000		
392.001000	-662.791000		
392.501000	-662.675000		
393.001000	-662.755000		
393.501000	-662.898000		
394.000000	-662.920000		
394.501000	-662.768000		
395.001000	-662.839000		
395.501000	-662.923000		
396.001000	-662.743000		
396.501000	-662.806000		
397.001000	-662.830000		
397.501000	-662.413000		
398.001000	-662.415000		
398.501000	-662.754000		
399.001000	-663.045000		
399.501000	-662.754000		
400.001000	-662.617000		
400.501000	-662.923000		
401.001000	-662.617000		
401.501000	-662.697000		
402.001000	-662.776000		
402.501000	-662.506000		
403.001000	-662.614000		
403.501000	-662.620000		
404.001000	-662.423000		
404.501000	-662.512000		
405.001000	-662.499000		
405.501000	-662.554000		
406.001000	-662.390000		
406.501000	-662.309000		
407.001000	-662.470000		
407.501000	-662.552000		
408.001000	-662.671000		
408.501000	-662.280000		
409.001000	-662.308000		
409.501000	-662.315000		
410.001000	-662.358000		
410.501000	-662.331000		
411.001000	-662.522000		
411.501000	-662.400000		
412.001000	-662.333000		
412.501000	-662.578000		
413.001000	-662.325000		
413.501000	-662.341000		
414.001000	-662.078000		
414.501000	-662.316000		
415.001000	-662.480000		
415.501000	-662.272000		
416.001000	-662.294000		
416.501000	-662.332000		
417.001000	-662.696000		
417.501000	-662.281000		
418.001000	-662.362000		
418.501000	-662.405000		
419.001000	-662.280000		
419.501000	-662.281000		
420.001000	-662.356000		
420.501000	-662.266000		
421.001000	-662.531000		
421.501000	-662.637000		
422.001000	-662.320000		
422.501000	-662.206000		
423.001000	-662.488000		
423.501000	-662.638000		
424.001000	-662.205000		
424.501000	-662.267000		
425.001000	-662.653000		
425.501000	-662.534000		
426.001000	-662.171000		
426.501000	-662.396000		
427.001000	-662.074000		
427.501000	-662.315000		
428.001000	-662.338000		
428.501000	-662.451000		
429.001000	-661.999000		
429.501000	-661.917000		
430.001000	-661.937000		
430.501000	-661.965000		
431.001000	-662.273000		
431.501000	-662.219000		
432.001000	-661.866000		
432.501000	-662.075000		
433.001000	-661.916000		
433.501000	-661.897000		
434.001000	-661.929000		
434.501000	-662.118000		
435.001000	-661.936000		
435.501000	-662.237000		
436.001000	-662.492000		
436.501000	-662.301000		
437.001000	-661.872000		
437.501000	-662.066000		
438.001000	-661.946000		
438.501000	-661.851000		
439.001000	-662.256000		
439.501000	-662.406000		
440.001000	-661.889000		
440.501000	-662.245000		
441.001000	-662.111000		
441.501000	-661.716000		
442.001000	-661.582000		
442.501000	-661.811000		
443.001000	-661.738000		
443.501000	-661.746000		
444.001000	-661.914000		
444.501000	-661.851000		
445.001000	-661.985000		
445.501000	-662.183000		
446.001000	-662.086000		
446.501000	-661.780000		
447.001000	-662.052000		
447.501000	-661.689000		
448.001000	-661.643000		
448.501000	-661.969000		
449.001000	-662.008000		
449.501000	-662.097000		
450.001000	-662.181000		
450.501000	-661.819000		
451.001000	-661.526000		
451.501000	-661.784000		
452.001000	-661.583000		
452.501000	-661.609000		
453.001000	-661.493000		
453.501000	-661.595000		
454.001000	-661.381000		
454.501000	-661.661000		
455.001000	-661.490000		
455.501000	-661.571000		
456.001000	-661.821000		
456.501000	-661.871000		
457.001000	-661.551000		
457.501000	-661.516000		
458.001000	-661.682000		
458.501000	-661.459000		
459.001000	-661.714000		
459.501000	-661.825000		
460.001000	-661.849000		
460.501000	-661.506000		
461.001000	-661.771000		
461.501000	-661.605000		
462.001000	-661.625000		
462.501000	-661.781000		
463.001000	-661.618000		
463.501000	-661.597000		
464.001000	-661.746000		
464.501000	-661.749000		
465.001000	-661.625000		
465.501000	-661.909000		
466.001000	-661.739000		
466.501000	-661.319000		
467.001000	-661.588000		
467.501000	-661.669000		
468.001000	-661.511000		
468.501000	-661.668000		
469.001000	-661.914000		
469.501000	-661.671000		
470.001000	-661.798000		
470.501000	-661.688000		
471.001000	-661.428000		
471.501000	-661.283000		
472.001000	-661.317000		
472.501000	-661.227000		
473.001000	-661.514000		
473.501000	-661.356000		
474.001000	-661.388000		
474.501000	-661.480000		
475.001000	-661.472000		
475.501000	-661.414000		
476.001000	-661.547000		
476.501000	-661.417000		
477.001000	-661.134000		
477.501000	-661.439000		
478.001000	-661.749000		
478.501000	-661.479000		
479.001000	-660.958000		
479.501000	-661.290000		
480.001000	-661.273000		
480.501000	-660.940000		
481.001000	-661.248000		
481.501000	-661.401000		
482.001000	-661.123000		
482.501000	-661.209000		
483.001000	-661.018000		
483.501000	-661.114000		
484.001000	-661.043000		
484.501000	-660.988000		
485.001000	-661.027000		
485.501000	-661.122000		
486.001000	-661.031000		
486.501000	-661.119000		
487.001000	-661.346000		
487.501000	-661.620000		
488.001000	-661.166000		
488.501000	-661.053000		
489.001000	-661.191000		
489.501000	-660.912000		
490.001000	-661.267000		
490.501000	-661.083000		
491.001000	-661.012000		
491.501000	-661.383000		
492.001000	-661.343000		
492.501000	-661.109000		
493.001000	-660.945000		
493.501000	-660.895000		
494.001000	-661.242000		
494.501000	-661.100000		
495.001000	-661.064000		
495.501000	-660.783000		
496.001000	-660.977000		
496.501000	-661.275000		
497.001000	-661.169000		
497.501000	-661.123000		
498.001000	-660.969000		
498.501000	-660.769000		
499.001000	-660.849000		
499.501000	-660.947000		
500.001000	-661.006000		
500.501000	-661.150000		
501.001000	-661.137000		
501.501000	-660.840000		
502.001000	-660.968000		
502.501000	-660.997000		
503.001000	-660.936000		
503.501000	-660.906000		
504.001000	-660.594000		
504.501000	-660.513000		
505.001000	-661.019000		
505.501000	-661.232000		
506.001000	-661.113000		
506.501000	-660.910000		
507.001000	-660.890000		
507.501000	-660.887000		
508.001000	-660.553000		
508.501000	-660.918000		
509.001000	-660.938000		
509.501000	-660.707000		
510.001000	-660.758000		
510.501000	-660.787000		
511.001000	-660.876000		
511.501000	-660.660000		
512.001000	-660.609000		
512.501000	-660.722000		
513.001000	-660.796000		
513.501000	-660.643000		
514.001000	-660.906000		
514.501000	-660.831000		
515.001000	-660.393000		
515.501000	-660.707000		
516.001000	-660.850000		
516.501000	-660.509000		
517.001000	-660.611000		
517.501000	-660.975000		
518.001000	-660.980000		
518.501000	-660.650000		
519.001000	-660.567000		
519.501000	-660.336000		
520.001000	-660.740000		
520.501000	-660.736000		
521.001000	-660.795000		
521.501000	-660.693000		
522.001000	-660.691000		
522.501000	-660.383000		
523.001000	-660.612000		
523.501000	-660.648000		
524.001000	-660.252000		
524.501000	-660.797000		
525.001000	-660.598000		
525.501000	-660.502000		
526.001000	-660.461000		
526.501000	-660.676000		
527.001000	-660.432000		
527.501000	-660.606000		
528.001000	-660.262000		
528.501000	-660.001000		
529.001000	-660.425000		
529.501000	-660.347000		
530.001000	-660.070000		
530.501000	-660.396000		
531.001000	-660.508000		
531.501000	-660.301000		
532.001000	-660.482000		
532.501000	-660.356000		
533.001000	-660.315000		
533.501000	-660.165000		
534.001000	-660.132000		
534.501000	-660.188000		
535.001000	-660.378000		
535.501000	-660.359000		
536.001000	-660.164000		
536.501000	-660.218000		
537.001000	-660.215000		
537.501000	-660.007000		
538.001000	-659.816000		
538.501000	-659.659000		
539.001000	-659.704000		
539.501000	-660.118000		
540.001000	-660.185000		
540.501000	-660.193000		
541.001000	-660.126000		
541.501000	-660.279000		
542.001000	-659.919000		
542.501000	-660.080000		
543.001000	-659.980000		
543.501000	-660.111000		
544.001000	-660.117000		
544.501000	-659.839000		
545.001000	-660.174000		
545.501000	-660.162000		
546.001000	-660.105000		
546.501000	-660.229000		
547.001000	-660.101000		
547.501000	-659.900000		
548.001000	-660.299000		
548.501000	-660.274000		
549.001000	-660.260000		
549.501000	-660.231000		
550.001000	-660.281000		
550.501000	-660.135000		
551.001000	-660.084000		
551.501000	-659.864000		
552.001000	-659.725000		
552.501000	-660.088000		
553.001000	-660.153000		
553.501000	-659.781000		
554.001000	-660.128000		
554.501000	-660.370000		
555.001000	-660.324000		
555.501000	-660.280000		
556.001000	-659.777000		
556.501000	-659.888000		
557.001000	-660.028000		
557.501000	-659.760000		
558.001000	-659.546000		
558.501000	-659.497000		
559.001000	-659.510000		
559.501000	-659.402000		
560.001000	-659.812000		
560.501000	-659.857000		
561.001000	-659.910000		
561.501000	-659.821000		
562.001000	-660.136000		
562.501000	-659.959000		
563.001000	-659.943000		
563.501000	-660.061000		
564.001000	-659.805000		
564.501000	-659.690000		
565.001000	-659.761000		
565.501000	-659.863000		
566.001000	-659.899000		
566.501000	-659.805000		
567.001000	-659.944000		
567.501000	-659.732000		
568.001000	-659.529000		
568.501000	-659.704000		
569.001000	-659.401000		
569.501000	-659.993000		
570.001000	-660.089000		
570.501000	-659.671000		
571.001000	-660.120000		
571.501000	-659.914000		
572.001000	-659.794000		
572.501000	-660.060000		
573.001000	-659.931000		
573.501000	-659.827000		
574.001000	-660.147000		
574.501000	-659.862000		
575.001000	-659.851000		
575.501000	-659.926000		
576.001000	-659.776000		
576.501000	-659.959000		
577.001000	-660.069000		
577.501000	-660.157000		
578.001000	-659.918000		
578.501000	-659.917000		
579.001000	-659.890000		
579.501000	-659.966000		
580.001000	-659.778000		
580.501000	-659.605000		
581.001000	-659.545000		
581.501000	-659.848000		
582.001000	-659.652000		
582.501000	-659.548000		
583.001000	-659.611000		
583.501000	-659.712000		
584.001000	-659.949000		
584.501000	-659.376000		
585.001000	-659.450000		
585.501000	-659.829000		
586.001000	-659.726000		
586.501000	-659.658000		
587.001000	-659.914000		
587.501000	-659.835000		
588.001000	-659.726000		
588.501000	-659.497000		
589.001000	-659.525000		
589.501000	-659.852000		
590.001000	-659.625000		
590.501000	-659.241000		
591.001000	-659.449000		
591.501000	-659.541000		
592.001000	-659.683000		
592.501000	-659.815000		
593.001000	-659.636000		
593.501000	-659.827000		
594.001000	-659.641000		
594.501000	-659.661000		
595.001000	-659.560000		
595.501000	-659.746000		
596.001000	-659.434000		
596.501000	-659.394000		
597.001000	-659.354000		
597.501000	-659.342000		
598.001000	-659.367000		
598.501000	-659.765000		
599.001000	-659.722000		
599.501000	-659.710000		
600.001000	-659.658000		
600.501000	-659.783000		
601.001000	-659.785000		
601.501000	-659.320000		
602.001000	-659.329000		
602.501000	-659.400000		
603.001000	-659.114000		
603.501000	-659.026000		
604.001000	-659.312000		
604.501000	-659.421000		
605.001000	-659.632000		
605.501000	-659.266000		
606.001000	-659.321000		
606.501000	-659.297000		
607.001000	-659.084000		
607.501000	-659.266000		
608.001000	-659.380000		
608.501000	-658.903000		
609.001000	-658.815000		
609.501000	-659.126000		
610.001000	-659.308000		
610.501000	-659.324000		
611.001000	-659.170000		
611.501000	-659.535000		
612.001000	-659.651000		
612.501000	-659.506000		
613.001000	-659.298000		
613.501000	-659.261000		
614.001000	-659.116000		
614.501000	-659.588000		
615.001000	-659.559000		
615.501000	-659.256000		
616.001000	-659.627000		
616.501000	-659.361000		
617.001000	-659.534000		
617.501000	-659.541000		
618.001000	-659.211000		
618.501000	-659.009000		
619.001000	-659.540000		
619.501000	-658.998000		
620.001000	-659.065000		
620.501000	-659.225000		
621.001000	-658.789000		
621.501000	-659.266000		
622.001000	-659.012000		
622.501000	-659.211000		
623.001000	-659.157000		
623.501000	-659.018000		
624.001000	-659.070000		
624.501000	-659.081000		
625.001000	-659.028000		
625.501000	-659.115000		
626.001000	-658.818000		
626.501000	-658.661000		
627.001000	-658.794000		
627.501000	-658.904000		
628.001000	-659.059000		
628.501000	-658.956000		
629.001000	-658.842000		
629.501000	-658.844000		
630.001000	-659.055000		
630.501000	-658.962000		
631.001000	-659.093000		
631.501000	-659.124000		
632.001000	-658.767000		
632.501000	-658.923000		
633.001000	-658.923000		
633.501000	-658.977000		
634.001000	-658.979000		
634.501000	-658.662000		
635.001000	-658.732000		
635.501000	-658.969000		
636.001000	-658.999000		
636.501000	-658.639000		
637.001000	-658.918000		
637.501000	-659.225000		
638.001000	-659.038000		
638.501000	-658.520000		
639.001000	-658.808000		
639.501000	-658.732000		
640.001000	-658.656000		
640.501000	-658.652000		
641.001000	-658.662000		
641.501000	-658.610000		
642.001000	-658.619000		
642.501000	-658.480000		
643.001000	-658.850000		
643.501000	-658.793000		
644.001000	-658.626000		
644.501000	-658.960000		
645.001000	-659.016000		
645.501000	-658.341000		
646.001000	-658.446000		
646.501000	-658.601000		
647.001000	-658.619000		
647.501000	-658.553000		
648.001000	-658.720000		
648.501000	-658.925000		
649.001000	-658.886000		
649.501000	-658.917000		
650.001000	-658.855000		
650.501000	-658.517000		
651.001000	-658.293000		
651.501000	-658.583000		
652.001000	-658.596000		
652.501000	-658.542000		
653.001000	-658.271000		
653.501000	-658.353000		
654.001000	-658.754000		
654.501000	-658.828000		
655.001000	-658.758000		
655.501000	-659.018000		
656.001000	-658.734000		
656.501000	-658.303000		
657.001000	-658.276000		
657.501000	-658.303000		
658.001000	-658.138000		
658.501000	-658.588000		
659.001000	-658.398000		
659.501000	-658.031000		
660.001000	-658.068000		
660.501000	-658.012000		
661.001000	-658.224000		
661.501000	-658.296000		
662.001000	-658.328000		
662.501000	-658.453000		
663.001000	-658.366000		
663.501000	-658.623000		
664.001000	-658.678000		
664.501000	-658.601000		
665.001000	-658.511000		
665.501000	-658.214000		
666.001000	-658.321000		
666.501000	-658.115000		
667.001000	-658.100000		
