Date:	Sun, Jan 26, 2014		
measured by:	Rotem		
Write here experiment description to be saved in the file header.			
Time [s]	CPD stream	Light	SPV
0.000000	-489.104000		
0.500000	-489.229000		
0.999000	-488.897000		
1.500000	-488.716000		
2.000000	-488.593000		
2.500000	-488.408000		
3.000000	-488.258000		
3.500000	-488.108000		
4.000000	-487.884000		
4.500000	-488.103000		
5.000000	-488.207000		
5.500000	-487.723000		
6.000000	-487.666000		
6.500000	-487.410000		
7.000000	-487.419000		
7.500000	-487.290000		
8.000000	-486.850000		
8.500000	-486.506000		
9.000000	-486.730000		
9.500000	-486.900000		
10.000000	-486.542000		
10.500000	-486.281000		
11.000000	-486.390000		
11.500000	-486.435000		
12.000000	-486.383000		
12.500000	-485.931000		
13.000000	-486.217000		
13.500000	-486.273000		
14.000000	-486.100000		
14.500000	-485.827000		
15.000000	-485.829000		
15.500000	-485.986000		
16.000000	-485.563000		
16.500000	-485.384000		
17.000000	-485.374000		
17.500000	-485.616000		
18.000000	-485.585000		
18.500000	-485.194000		
19.000000	-485.174000		
19.500000	-485.429000		
20.000000	-484.954000		
20.500000	-484.316000		
21.000000	-484.256000		
21.500000	-484.624000		
22.000000	-484.482000		
22.500000	-484.291000		
23.000000	-484.262000		
23.500000	-484.367000		
24.000000	-483.861000		
24.500000	-483.928000		
25.000000	-483.978000		
25.500000	-484.047000		
26.000000	-483.885000		
26.500000	-483.883000		
27.000000	-483.883000		
27.500000	-483.531000		
28.000000	-483.141000		
28.500000	-483.081000		
29.000000	-483.066000		
29.500000	-483.136000		
30.000000	-482.860000		
30.500000	-482.364000		
31.000000	-482.508000		
31.500000	-482.643000		
32.000000	-481.907000		
32.500000	-481.713000		
33.000000	-482.018000		
33.500000	-482.162000		
34.000000	-482.083000		
34.500000	-482.027000		
35.000000	-482.086000		
35.500000	-481.827000		
36.000000	-481.545000		
36.500000	-481.524000		
37.000000	-481.476000		
37.500000	-481.255000		
38.000000	-480.839000		
38.500000	-481.180000		
39.000000	-481.287000		
39.500000	-480.789000		
40.000000	-480.536000		
40.500000	-480.621000		
41.000000	-480.814000		
41.500000	-480.731000		
42.000000	-480.815000		
42.500000	-480.929000		
43.000000	-480.610000		
43.500000	-480.235000		
44.000000	-480.271000		
44.500000	-480.199000		
45.000000	-479.903000		
45.500000	-479.803000		
46.000000	-479.988000		
46.500000	-480.012000		
47.000000	-479.901000		
47.500000	-479.850000		
48.000000	-479.730000		
48.500000	-479.487000		
49.000000	-479.676000		
49.500000	-479.582000		
50.000000	-479.316000		
50.500000	-478.966000		
51.000000	-478.576000		
51.500000	-478.751000		
52.000000	-478.717000		
52.500000	-478.754000		
53.000000	-478.649000		
53.500000	-478.755000		
54.000000	-478.563000		
54.500000	-478.531000		
55.000000	-478.694000		
55.500000	-478.517000		
56.000000	-478.147000		
56.500000	-478.247000		
57.000000	-478.615000		
57.500000	-478.041000		
58.000000	-477.915000		
58.500000	-477.958000		
59.000000	-478.073000		
59.500000	-478.057000		
60.000000	-477.960000		
60.500000	-478.092000		
61.000000	-477.814000		
61.500000	-477.585000		
62.000000	-477.788000		
62.500000	-477.572000		
63.000000	-477.054000		
63.500000	-477.276000		
64.000000	-477.403000		
64.500000	-477.163000		
65.000000	-477.226000		
65.500000	-477.204000		
66.000000	-477.335000		
66.500000	-477.286000		
67.000000	-476.976000		
67.500000	-477.174000		
68.000000	-476.990000		
68.500000	-476.693000		
69.000000	-476.533000		
69.500000	-476.808000		
70.000000	-476.411000		
70.500000	-476.175000		
71.000000	-476.676000		
71.500000	-476.624000		
72.000000	-476.333000		
72.500000	-476.282000		
73.000000	-476.320000		
73.500000	-476.066000		
74.000000	-476.120000		
74.500000	-476.165000		
75.000000	-475.838000		
75.500000	-475.911000		
76.000000	-476.047000		
76.500000	-475.845000		
77.000000	-475.576000		
77.500000	-475.273000		
78.000000	-475.195000		
78.500000	-475.405000		
79.000000	-475.552000		
79.500000	-475.527000		
80.000000	-475.348000		
80.500000	-475.182000		
81.000000	-475.149000		
81.500000	-475.423000		
82.000000	-474.950000		
82.500000	-474.658000		
83.000000	-475.043000		
83.500000	-474.896000		
84.000000	-474.617000		
84.500000	-474.575000		
85.000000	-474.808000		
85.500000	-474.555000		
86.000000	-474.501000		
86.500000	-474.614000		
87.000000	-474.349000		
87.500000	-474.489000		
88.000000	-474.844000		
88.500000	-474.799000		
89.000000	-474.620000		
89.500000	-474.259000		
90.000000	-474.311000		
90.500000	-474.222000		
91.000000	-474.272000		
91.500000	-474.272000		
92.000000	-474.079000		
92.500000	-474.176000		
93.000000	-474.278000		
93.500000	-473.959000		
94.000000	-473.733000		
94.500000	-473.751000		
95.000000	-473.613000		
95.500000	-473.364000		
96.000000	-473.631000		
96.500000	-473.531000		
97.000000	-473.243000		
97.500000	-473.589000		
98.000000	-473.664000		
98.500000	-473.668000		
99.000000	-473.273000		
99.500000	-473.268000		
100.000000	-473.251000		
100.500000	-473.285000		
101.000000	-473.535000		
101.500000	-473.482000		
102.000000	-473.353000		
102.500000	-473.209000		
103.000000	-473.077000		
103.500000	-473.257000		
104.000000	-473.147000		
104.500000	-473.213000		
105.000000	-472.924000		
105.500000	-472.738000		
106.000000	-473.125000		
106.500000	-473.303000		
107.000000	-472.861000		
107.500000	-473.191000		
108.000000	-473.181000		
108.500000	-472.844000		
109.000000	-472.507000		
109.500000	-472.677000		
110.000000	-472.407000		
110.500000	-472.627000		
111.000000	-472.650000		
111.500000	-472.320000		
112.000000	-472.256000		
112.500000	-472.326000		
113.000000	-472.352000		
113.500000	-472.379000		
114.000000	-471.955000		
114.500000	-472.134000		
115.000000	-471.753000		
115.500000	-471.811000		
116.000000	-472.083000		
116.500000	-472.077000		
117.000000	-471.901000		
117.500000	-471.867000		
118.000000	-471.850000		
118.500000	-471.900000		
119.000000	-472.090000		
119.500000	-472.133000		
120.000000	-471.799000		
120.500000	-471.828000		
121.000000	-471.854000		
121.500000	-471.465000		
122.000000	-471.607000		
122.500000	-471.687000		
123.000000	-471.569000		
123.500000	-471.885000		
124.000000	-471.817000		
124.500000	-471.416000		
125.000000	-471.405000		
125.500000	-471.647000		
126.000000	-471.786000		
126.500000	-471.397000		
127.000000	-471.323000		
127.500000	-471.337000		
128.000000	-470.953000		
128.500000	-471.179000		
129.000000	-471.459000		
129.500000	-471.275000		
130.000000	-471.019000		
130.500000	-471.219000		
131.000000	-471.309000		
131.500000	-471.352000		
132.000000	-471.411000		
132.500000	-471.268000		
133.000000	-470.980000		
133.500000	-471.159000		
134.000000	-471.304000		
134.500000	-471.334000		
135.000000	-471.047000		
135.500000	-470.790000		
136.000000	-471.135000		
136.500000	-471.252000		
137.000000	-470.893000		
137.500000	-470.387000		
138.000000	-470.815000		
138.500000	-470.936000		
139.000000	-470.636000		
139.500000	-470.506000		
140.000000	-470.496000		
140.500000	-470.419000		
141.000000	-470.360000		
141.500000	-470.704000		
142.000000	-470.531000		
142.500000	-470.232000		
143.000000	-470.149000		
143.500000	-470.329000		
144.000000	-470.653000		
144.500000	-470.526000		
145.000000	-470.510000		
145.500000	-470.311000		
146.000000	-470.073000		
146.500000	-470.143000		
147.000000	-470.537000		
147.500000	-470.701000		
148.000000	-470.503000		
148.500000	-470.176000		
149.000000	-470.303000		
149.500000	-469.648000		
150.000000	-469.970000		
150.500000	-470.332000		
151.000000	-470.151000		
151.500000	-470.147000		
152.000000	-470.419000		
152.500000	-469.812000		
153.000000	-469.826000		
153.500000	-470.026000		
154.000000	-469.795000		
154.500000	-469.889000		
155.000000	-469.957000		
155.500000	-469.803000		
156.000000	-469.887000		
156.500000	-469.944000		
157.000000	-469.776000		
157.500000	-469.822000		
158.000000	-469.902000		
158.500000	-469.974000		
159.000000	-469.816000		
159.500000	-469.518000		
160.000000	-469.451000		
160.500000	-469.378000		
161.000000	-469.702000		
161.500000	-469.695000		
162.000000	-469.336000		
162.500000	-469.345000		
163.000000	-469.347000		
163.500000	-469.396000		
164.000000	-469.648000		
164.500000	-469.334000		
165.000000	-469.181000		
165.500000	-469.485000		
166.000000	-469.423000		
166.500000	-469.223000		
167.000000	-469.025000		
167.500000	-469.262000		
168.000000	-469.194000		
168.500000	-469.487000		
169.000000	-469.241000		
169.500000	-469.019000		
170.000000	-469.396000		
170.500000	-469.319000		
171.000000	-469.201000		
171.500000	-469.158000		
172.000000	-469.207000		
172.500000	-469.358000		
173.000000	-469.642000		
173.500000	-469.530000		
174.000000	-468.840000		
174.500000	-469.191000		
175.000000	-468.918000		
175.500000	-468.456000		
176.000000	-468.602000		
176.500000	-468.662000		
177.000000	-468.886000		
177.500000	-469.144000		
178.000000	-469.132000		
178.500000	-468.766000		
179.000000	-468.848000		
179.500000	-468.859000		
180.000000	-468.584000		
180.500000	-468.459000		
181.000000	-468.393000		
181.500000	-468.524000		
182.000000	-468.678000		
182.500000	-468.780000		
183.000000	-468.505000		
183.500000	-468.355000		
184.000000	-468.340000		
184.500000	-468.320000		
185.000000	-468.404000		
185.500000	-468.788000		
186.000000	-468.670000		
186.500000	-468.638000		
187.000000	-468.365000		
187.500000	-468.142000		
188.000000	-468.429000		
188.500000	-468.255000		
189.000000	-468.425000		
189.500000	-468.867000		
190.000000	-468.342000		
190.500000	-468.515000		
191.000000	-468.615000		
191.500000	-468.596000		
192.000000	-468.034000		
192.500000	-468.260000		
193.000000	-468.385000		
193.500000	-468.238000		
194.000000	-468.661000		
194.500000	-468.229000		
195.000000	-468.235000		
195.500000	-468.503000		
196.000000	-468.092000		
196.500000	-468.314000		
197.000000	-468.358000		
197.500000	-468.215000		
198.000000	-468.259000		
198.500000	-468.018000		
199.000000	-467.931000		
199.500000	-468.074000		
200.000000	-468.036000		
200.500000	-467.735000		
201.000000	-467.993000		
201.500000	-468.024000		
202.000000	-467.927000		
202.500000	-468.144000		
203.000000	-468.398000		
203.500000	-468.085000		
204.000000	-468.239000		
204.500000	-468.377000		
205.000000	-468.386000		
205.500000	-468.407000		
206.000000	-468.251000		
206.500000	-467.936000		
207.000000	-468.291000		
207.500000	-468.258000		
208.000000	-467.848000		
208.500000	-468.256000		
209.000000	-468.337000		
209.500000	-468.172000		
210.000000	-468.021000		
210.500000	-467.658000		
211.000000	-467.659000		
211.500000	-467.818000		
212.000000	-467.822000		
212.500000	-467.901000		
213.000000	-468.089000		
213.500000	-467.712000		
214.000000	-467.556000		
214.500000	-467.764000		
215.000000	-467.828000		
215.500000	-467.976000		
216.000000	-467.743000		
216.500000	-467.671000		
217.000000	-467.417000		
217.500000	-467.773000		
218.000000	-467.843000		
218.500000	-468.053000		
219.000000	-467.946000		
219.500000	-467.874000		
220.000000	-467.864000		
220.500000	-467.497000		
221.000000	-467.315000		
221.500000	-467.645000		
222.000000	-467.516000		
222.500000	-467.403000		
223.000000	-467.292000		
223.500000	-467.286000		
224.000000	-467.173000		
224.500000	-467.654000		
225.000000	-467.255000		
225.500000	-467.324000		
226.000000	-467.492000		
226.500000	-467.202000		
227.000000	-467.395000		
227.500000	-467.516000		
228.000000	-467.520000		
228.500000	-467.753000		
229.000000	-467.622000		
229.500000	-467.408000		
230.000000	-467.597000		
230.500000	-467.359000		
231.000000	-467.190000		
231.500000	-467.315000		
232.000000	-467.473000		
232.500000	-467.288000		
233.000000	-467.598000		
233.500000	-467.299000		
234.000000	-467.131000		
234.500000	-467.289000		
235.000000	-467.046000		
235.500000	-467.291000		
236.000000	-467.277000		
236.500000	-466.983000		
237.000000	-466.978000		
237.500000	-467.337000		
238.000000	-467.423000		
238.500000	-467.349000		
239.000000	-467.114000		
239.500000	-466.686000		
240.000000	-466.868000		
240.500000	-466.966000		
241.000000	-467.396000		
241.500000	-467.685000		
242.000000	-467.634000		
242.500000	-467.137000		
243.000000	-467.160000		
243.500000	-467.087000		
244.000000	-467.191000		
244.500000	-467.430000		
245.000000	-466.996000		
245.500000	-466.954000		
246.000000	-467.375000		
246.500000	-466.962000		
247.000000	-467.038000		
247.500000	-467.405000		
248.000000	-467.078000		
248.500000	-467.183000		
249.000000	-467.363000		
249.500000	-467.049000		
250.000000	-466.774000		
250.500000	-466.969000		
251.000000	-466.858000		
251.500000	-467.025000		
252.000000	-467.050000		
252.500000	-467.030000		
253.000000	-467.038000		
253.500000	-467.081000		
254.000000	-467.288000		
254.500000	-466.829000		
255.000000	-466.731000		
255.500000	-467.032000		
256.000000	-466.842000		
256.500000	-466.830000		
257.000000	-466.986000		
257.500000	-466.736000		
258.000000	-466.818000		
258.500000	-466.838000		
259.000000	-466.740000		
259.500000	-466.990000		
260.000000	-466.989000		
260.500000	-466.914000		
261.000000	-466.872000		
261.500000	-467.260000		
262.000000	-467.141000		
262.500000	-466.890000		
263.000000	-466.824000		
263.500000	-466.559000		
264.000000	-466.970000		
264.500000	-467.243000		
265.000000	-466.768000		
265.500000	-467.244000		
266.000000	-467.405000		
266.500000	-466.890000		
267.000000	-467.030000		
267.500000	-466.862000		
268.000000	-466.656000		
268.500000	-466.877000		
269.000000	-466.919000		
269.500000	-466.660000		
270.000000	-466.650000		
270.500000	-466.570000		
271.000000	-467.042000		
271.500000	-467.250000		
272.000000	-466.742000		
272.500000	-466.877000		
273.000000	-467.054000		
273.500000	-467.104000		
274.000000	-467.199000		
274.500000	-467.166000		
275.000000	-467.030000		
275.500000	-467.247000		
276.000000	-466.830000		
276.500000	-466.681000		
277.000000	-466.779000		
277.500000	-466.851000		
278.000000	-466.998000		
278.500000	-466.668000		
279.000000	-466.651000		
279.500000	-466.628000		
280.000000	-466.372000		
280.500000	-466.533000		
281.000000	-466.827000		
281.500000	-466.600000		
282.000000	-466.609000		
282.500000	-466.931000		
283.000000	-466.793000		
283.500000	-467.005000		
284.000000	-467.045000		
284.500000	-466.934000		
285.000000	-466.859000		
285.500000	-466.702000		
286.000000	-466.816000		
286.500000	-466.722000		
287.000000	-466.511000		
287.500000	-466.529000		
288.000000	-466.581000		
288.500000	-466.532000		
289.000000	-466.660000		
289.500000	-466.479000		
290.000000	-466.628000		
290.500000	-466.737000		
291.000000	-466.658000		
291.500000	-466.409000		
292.000000	-466.581000		
292.500000	-466.658000		
293.000000	-466.775000		
293.500000	-466.925000		
294.000000	-466.627000		
294.500000	-466.684000		
295.000000	-466.793000		
295.500000	-466.802000		
296.000000	-466.840000		
296.500000	-466.660000		
297.000000	-466.504000		
297.500000	-466.636000		
298.000000	-466.653000		
298.500000	-466.457000		
299.000000	-466.644000		
299.500000	-466.554000		
300.000000	-466.627000		
300.500000	-466.650000		
301.000000	-466.427000		
301.500000	-466.480000		
302.000000	-466.555000		
302.500000	-466.741000		
303.000000	-466.518000		
303.500000	-466.595000		
304.000000	-466.593000		
304.500000	-466.686000		
305.000000	-466.583000		
305.500000	-466.875000		
306.000000	-466.787000		
306.500000	-466.765000		
307.000000	-466.824000		
307.500000	-466.655000		
308.000000	-466.482000		
308.500000	-466.607000		
309.000000	-466.323000		
309.500000	-466.283000		
310.000000	-466.437000		
310.500000	-466.767000		
311.000000	-466.789000		
311.500000	-466.642000		
312.000000	-466.736000		
312.500000	-466.717000		
313.000000	-466.640000		
313.500000	-466.676000		
314.000000	-466.457000		
314.500000	-466.412000		
315.000000	-466.749000		
315.500000	-466.405000		
316.000000	-466.417000		
316.500000	-466.745000		
317.000000	-466.847000		
317.500000	-466.508000		
318.000000	-466.647000		
318.500000	-466.548000		
319.000000	-466.399000		
319.500000	-466.518000		
320.000000	-466.379000		
320.500000	-466.754000		
321.000000	-466.762000		
321.500000	-466.507000		
322.000000	-466.666000		
322.500000	-466.436000		
323.000000	-466.749000		
323.500000	-466.682000		
324.000000	-466.438000		
324.500000	-466.822000		
325.000000	-466.580000		
325.500000	-466.370000		
326.000000	-466.671000		
326.500000	-466.640000		
327.000000	-466.720000		
327.500000	-466.678000		
328.000000	-466.157000		
328.500000	-466.586000		
329.000000	-466.331000		
329.500000	-466.238000		
330.000000	-466.520000		
330.500000	-466.744000		
331.000000	-466.958000		
331.500000	-466.925000		
332.000000	-466.551000		
332.500000	-466.559000		
333.000000	-466.728000		
333.500000	-466.624000		
334.000000	-466.789000		
334.500000	-466.507000		
335.000000	-466.515000		
335.500000	-466.739000		
336.000000	-466.603000		
336.500000	-466.580000		
337.000000	-466.648000		
337.500000	-466.707000		
338.000000	-466.687000		
338.500000	-466.587000		
339.000000	-466.522000		
339.500000	-466.711000		
340.000000	-466.756000		
340.500000	-466.784000		
341.000000	-467.081000		
341.500000	-466.436000		
342.000000	-466.443000		
342.500000	-466.597000		
343.000000	-466.188000		
343.500000	-466.517000		
344.000000	-466.495000		
344.500000	-466.559000		
345.000000	-466.572000		
345.500000	-466.457000		
346.000000	-466.434000		
346.500000	-466.596000		
347.000000	-466.538000		
347.500000	-466.654000		
348.000000	-466.449000		
348.500000	-466.602000		
349.000000	-466.509000		
349.500000	-466.428000		
350.000000	-466.403000		
350.500000	-466.478000		
351.000000	-466.494000		
351.500000	-466.489000		
352.000000	-466.384000		
352.500000	-466.261000		
353.000000	-466.476000		
353.500000	-466.729000		
354.000000	-466.708000		
354.500000	-466.511000		
355.000000	-466.453000		
355.500000	-466.471000		
356.000000	-466.512000		
356.500000	-466.660000		
357.000000	-466.715000		
357.500000	-466.396000		
358.000000	-466.462000		
358.500000	-466.293000		
359.000000	-466.170000		
359.500000	-466.472000		
360.000000	-465.898000		
360.500000	-466.279000		
361.000000	-466.692000		
361.500000	-466.252000		
362.000000	-466.445000		
362.500000	-466.393000		
363.000000	-466.505000		
363.500000	-466.560000		
364.000000	-466.561000		
364.500000	-466.387000		
365.000000	-466.768000		
365.500000	-466.409000		
366.000000	-466.367000		
366.500000	-466.359000		
367.000000	-466.682000		
367.500000	-466.672000		
368.000000	-466.439000		
368.500000	-466.625000		
369.000000	-466.540000		
369.500000	-466.513000		
370.000000	-466.820000		
370.500000	-466.612000		
371.000000	-466.591000		
371.500000	-466.828000		
372.000000	-466.680000		
372.500000	-466.683000		
373.000000	-466.610000		
373.500000	-466.468000		
374.000000	-466.569000		
374.500000	-466.741000		
375.000000	-466.322000		
375.500000	-466.244000		
376.000000	-466.663000		
376.500000	-466.680000		
377.000000	-466.456000		
377.500000	-466.607000		
378.000000	-466.492000		
378.500000	-466.045000		
379.000000	-466.166000		
379.500000	-466.575000		
380.000000	-466.555000		
380.500000	-466.869000		
381.000000	-466.865000		
381.500000	-466.645000		
382.000000	-466.826000		
382.500000	-466.651000		
383.000000	-466.547000		
383.500000	-466.576000		
384.000000	-466.564000		
384.500000	-466.457000		
385.000000	-466.738000		
385.500000	-466.637000		
386.000000	-466.467000		
386.500000	-466.501000		
387.000000	-466.594000		
387.500000	-466.614000		
388.000000	-466.474000		
388.500000	-466.584000		
389.000000	-466.699000		
389.500000	-466.490000		
390.000000	-466.619000		
390.500000	-466.466000		
391.000000	-466.554000		
391.500000	-466.522000		
392.000000	-466.629000		
392.500000	-466.751000		
393.000000	-466.548000		
393.500000	-466.774000		
394.000000	-466.787000		
394.500000	-466.829000		
395.000000	-466.816000		
395.500000	-466.643000		
396.000000	-466.462000		
396.500000	-466.714000		
397.000000	-466.767000		
397.500000	-467.025000		
398.000000	-467.094000		
398.500000	-466.818000		
399.000000	-466.809000		
399.500000	-466.731000		
400.000000	-466.685000		
400.500000	-467.011000		
401.000000	-467.036000		
401.500000	-467.070000		
402.000000	-466.859000		
402.500000	-466.919000		
403.000000	-466.775000		
403.500000	-466.575000		
404.000000	-466.641000		
404.500000	-466.676000		
405.000000	-466.342000		
405.500000	-466.640000		
406.000000	-466.738000		
406.500000	-466.742000		
407.000000	-467.192000		
407.500000	-466.834000		
408.000000	-466.934000		
408.500000	-466.949000		
409.000000	-466.716000		
409.500000	-466.649000		
410.000000	-466.657000		
410.500000	-466.985000		
411.000000	-467.106000		
411.500000	-466.783000		
412.000000	-466.672000		
412.500000	-466.983000		
413.000000	-466.822000		
413.500000	-466.678000		
414.000000	-466.508000		
414.500000	-466.813000		
415.000000	-466.745000		
415.500000	-466.528000		
416.000000	-466.688000		
416.500000	-466.682000		
417.000000	-466.766000		
417.500000	-467.053000		
418.000000	-466.716000		
418.500000	-466.798000		
419.000000	-466.543000		
419.500000	-466.550000		
420.000000	-466.917000		
420.500000	-466.908000		
421.000000	-466.860000		
421.500000	-467.044000		
422.000000	-467.168000		
422.500000	-467.105000		
423.000000	-467.040000		
423.500000	-466.934000		
424.000000	-466.769000		
424.500000	-466.680000		
425.000000	-466.922000		
425.500000	-466.641000		
426.000000	-466.522000		
426.500000	-467.045000		
427.000000	-466.817000		
427.500000	-466.939000		
428.000000	-466.999000		
428.500000	-466.902000		
429.000000	-466.898000		
429.500000	-466.706000		
430.000000	-467.065000		
430.500000	-466.797000		
431.000000	-466.732000		
431.500000	-466.645000		
432.000000	-466.511000		
432.500000	-466.817000		
433.000000	-467.076000		
433.500000	-466.580000		
434.000000	-466.715000		
434.500000	-466.649000		
435.000000	-466.567000		
435.500000	-466.702000		
436.000000	-466.623000		
436.500000	-466.527000		
437.000000	-466.616000		
437.500000	-466.640000		
438.000000	-466.902000		
438.500000	-467.045000		
439.000000	-466.882000		
439.500000	-466.750000		
440.000000	-466.614000		
440.500000	-466.924000		
441.000000	-466.565000		
441.500000	-466.636000		
442.000000	-466.778000		
442.500000	-466.759000		
443.000000	-466.896000		
443.500000	-466.850000		
444.000000	-466.486000		
444.500000	-467.107000		
445.000000	-467.026000		
445.500000	-466.924000		
446.000000	-466.598000		
446.500000	-466.436000		
447.000000	-466.885000		
447.500000	-467.189000		
448.000000	-467.169000		
448.500000	-467.286000		
449.000000	-467.201000		
449.500000	-467.156000		
450.000000	-466.813000		
450.500000	-466.979000		
451.000000	-467.361000		
451.500000	-467.316000		
452.000000	-467.191000		
452.500000	-467.265000		
453.000000	-467.317000		
453.500000	-467.406000		
454.000000	-466.708000		
454.500000	-466.792000		
455.000000	-466.953000		
455.500000	-467.036000		
456.000000	-467.144000		
456.500000	-467.114000		
457.000000	-467.167000		
457.500000	-467.045000		
458.000000	-466.907000		
458.500000	-467.134000		
459.000000	-467.163000		
459.500000	-467.305000		
460.000000	-467.339000		
460.500000	-467.000000		
461.000000	-467.174000		
461.500000	-467.130000		
462.000000	-466.808000		
462.500000	-467.162000		
463.000000	-469.588000		
463.500000	-478.018000		
464.000000	-484.308000		
464.500000	-488.341000		
465.000000	-491.073000		
465.500000	-492.122000		
466.000000	-492.986000		
466.500000	-494.035000		
467.000000	-494.579000		
467.500000	-495.882000		
468.000000	-496.629000		
468.500000	-496.894000		
469.000000	-497.459000		
469.500000	-498.009000		
470.000000	-498.407000		
470.500000	-499.026000		
471.000000	-499.886000		
471.500000	-500.395000		
472.000000	-500.566000		
472.500000	-501.695000		
473.000000	-501.862000		
473.500000	-501.676000		
474.000000	-502.035000		
474.500000	-502.122000		
475.000000	-502.659000		
475.500000	-502.765000		
476.000000	-502.886000		
476.500000	-503.546000		
477.000000	-504.046000		
477.500000	-504.066000		
478.000000	-504.342000		
478.500000	-504.630000		
479.000000	-504.478000		
479.500000	-504.511000		
480.000000	-505.435000		
480.500000	-505.796000		
481.000000	-505.394000		
481.500000	-505.485000		
482.000000	-505.775000		
482.500000	-506.167000		
483.000000	-506.409000		
483.500000	-506.357000		
484.000000	-506.425000		
484.500000	-506.626000		
485.000000	-506.994000		
485.500000	-507.225000		
486.000000	-507.250000		
486.500000	-507.392000		
487.000000	-507.526000		
487.500000	-507.684000		
488.000000	-507.587000		
488.500000	-507.777000		
489.000000	-507.963000		
489.500000	-508.256000		
490.000000	-508.433000		
490.500000	-508.129000		
491.000000	-508.329000		
491.500000	-508.601000		
492.000000	-508.735000		
492.500000	-508.634000		
493.000000	-508.494000		
493.500000	-508.506000		
494.000000	-508.445000		
494.500000	-508.890000		
495.000000	-508.824000		
495.500000	-508.846000		
496.000000	-508.612000		
496.500000	-508.806000		
497.000000	-509.008000		
497.500000	-508.845000		
498.000000	-509.256000		
498.500000	-509.388000		
499.000000	-509.575000		
499.500000	-509.718000		
500.000000	-509.801000		
500.500000	-509.535000		
501.000000	-509.433000		
501.500000	-509.674000		
502.000000	-509.355000		
502.500000	-509.503000		
503.000000	-510.040000		
503.500000	-510.283000		
504.000000	-509.966000		
504.500000	-509.783000		
505.000000	-509.759000		
505.500000	-509.726000		
506.000000	-509.983000		
506.500000	-510.429000		
507.000000	-510.376000		
507.500000	-510.138000		
508.000000	-510.261000		
508.500000	-509.987000		
509.000000	-510.210000		
509.500000	-510.258000		
510.000000	-510.465000		
510.500000	-510.471000		
511.000000	-510.532000		
511.500000	-510.348000		
512.000000	-510.140000		
512.500000	-510.327000		
513.000000	-510.262000		
513.500000	-510.596000		
514.000000	-510.820000		
514.500000	-510.681000		
515.000000	-510.533000		
515.500000	-510.735000		
516.000000	-510.623000		
516.500000	-510.865000		
517.000000	-510.571000		
517.500000	-510.499000		
518.000000	-510.747000		
518.500000	-510.564000		
519.000000	-510.767000		
519.500000	-511.066000		
520.000000	-510.961000		
520.500000	-510.548000		
521.000000	-510.090000		
521.500000	-510.015000		
522.000000	-510.385000		
522.500000	-510.541000		
523.000000	-510.888000		
523.500000	-511.096000		
524.000000	-510.825000		
524.500000	-510.862000		
525.000000	-510.925000		
525.500000	-510.569000		
526.000000	-510.347000		
526.500000	-510.685000		
527.000000	-510.655000		
527.500000	-510.818000		
528.000000	-510.738000		
528.500000	-510.729000		
529.000000	-510.699000		
529.500000	-510.946000		
530.000000	-511.223000		
530.500000	-511.216000		
531.000000	-510.967000		
531.500000	-510.597000		
532.000000	-510.642000		
532.500000	-510.574000		
533.000000	-510.503000		
533.500000	-510.744000		
534.000000	-510.847000		
534.500000	-510.668000		
535.000000	-510.602000		
535.500000	-510.558000		
536.000000	-510.534000		
536.500000	-510.898000		
537.000000	-511.094000		
537.500000	-511.046000		
538.000000	-510.996000		
538.500000	-511.001000		
539.000000	-510.794000		
539.500000	-510.667000		
540.000000	-510.440000		
540.500000	-510.519000		
541.000000	-510.644000		
541.500000	-510.615000		
542.000000	-510.394000		
542.500000	-510.334000		
543.000000	-510.667000		
543.500000	-510.285000		
544.000000	-509.791000		
544.500000	-510.083000		
545.000000	-509.991000		
545.500000	-510.191000		
546.000000	-510.082000		
546.500000	-510.128000		
547.000000	-510.110000		
547.500000	-510.035000		
548.000000	-510.211000		
548.500000	-510.400000		
549.000000	-510.696000		
549.500000	-510.593000		
550.000000	-510.602000		
550.500000	-510.554000		
551.000000	-510.642000		
551.500000	-510.847000		
552.000000	-510.440000		
552.500000	-510.307000		
553.000000	-510.597000		
553.500000	-510.518000		
554.000000	-510.383000		
554.500000	-510.399000		
555.000000	-510.240000		
555.500000	-510.200000		
556.000000	-510.584000		
556.500000	-510.784000		
557.000000	-510.648000		
557.500000	-510.310000		
558.000000	-510.234000		
558.500000	-510.444000		
559.000000	-510.427000		
559.500000	-510.177000		
560.000000	-510.022000		
560.500000	-510.069000		
561.000000	-509.898000		
561.500000	-509.767000		
562.000000	-509.983000		
562.500000	-509.992000		
563.000000	-509.848000		
563.500000	-509.951000		
564.000000	-509.844000		
564.500000	-509.826000		
565.000000	-509.637000		
565.500000	-509.580000		
566.000000	-509.572000		
566.500000	-509.690000		
567.000000	-509.752000		
567.500000	-509.867000		
568.000000	-509.424000		
568.500000	-509.248000		
569.000000	-509.311000		
569.500000	-509.481000		
570.000000	-509.227000		
570.500000	-508.957000		
571.000000	-508.990000		
571.500000	-509.045000		
572.000000	-508.884000		
572.500000	-508.919000		
573.000000	-509.384000		
573.500000	-509.017000		
574.000000	-509.058000		
574.500000	-508.894000		
575.000000	-509.152000		
575.500000	-508.869000		
576.000000	-508.828000		
576.500000	-508.915000		
577.000000	-509.099000		
577.500000	-508.844000		
578.000000	-508.718000		
578.500000	-508.926000		
579.000000	-508.973000		
579.500000	-508.814000		
580.000000	-508.775000		
580.500000	-508.707000		
581.000000	-508.901000		
581.500000	-508.639000		
582.000000	-508.404000		
582.500000	-508.577000		
583.000000	-508.523000		
583.500000	-508.385000		
584.000000	-508.555000		
584.500000	-508.918000		
585.000000	-508.800000		
585.500000	-509.013000		
586.000000	-508.939000		
586.500000	-508.980000		
587.000000	-509.057000		
587.500000	-508.817000		
588.000000	-508.544000		
588.500000	-508.095000		
589.000000	-508.052000		
589.500000	-507.939000		
590.000000	-508.283000		
590.500000	-508.352000		
591.000000	-508.650000		
591.500000	-508.593000		
592.000000	-508.414000		
592.500000	-508.111000		
593.000000	-508.414000		
593.500000	-508.457000		
594.000000	-508.183000		
594.500000	-507.743000		
595.000000	-507.586000		
595.500000	-507.994000		
596.000000	-508.028000		
596.500000	-508.163000		
597.000000	-508.300000		
597.500000	-508.249000		
598.000000	-508.008000		
598.500000	-508.029000		
599.000000	-507.934000		
599.500000	-507.535000		
600.000000	-507.514000		
600.500000	-507.956000		
601.000000	-508.157000		
601.500000	-508.011000		
602.000000	-507.940000		
602.500000	-507.914000		
603.000000	-507.632000		
603.500000	-507.562000		
604.000000	-507.601000		
604.500000	-507.242000		
605.000000	-507.121000		
605.500000	-507.474000		
606.000000	-507.597000		
606.500000	-507.423000		
607.000000	-507.489000		
607.500000	-507.372000		
608.000000	-507.297000		
608.500000	-507.500000		
609.000000	-507.296000		
609.500000	-507.206000		
610.000000	-507.159000		
610.500000	-507.532000		
611.000000	-507.459000		
611.500000	-507.238000		
612.000000	-507.039000		
612.500000	-507.191000		
613.000000	-506.834000		
613.500000	-506.584000		
614.000000	-506.974000		
614.500000	-507.124000		
615.000000	-507.434000		
615.500000	-507.581000		
616.000000	-507.362000		
616.500000	-506.976000		
617.000000	-506.670000		
617.500000	-506.277000		
618.000000	-506.798000		
618.500000	-507.043000		
619.000000	-506.967000		
619.500000	-507.164000		
620.000000	-506.892000		
620.500000	-506.662000		
621.000000	-506.733000		
621.500000	-507.001000		
622.000000	-506.865000		
622.500000	-506.862000		
623.000000	-506.871000		
623.500000	-506.665000		
624.000000	-506.272000		
624.500000	-506.099000		
625.000000	-506.389000		
625.500000	-506.898000		
626.000000	-506.681000		
626.500000	-506.170000		
627.000000	-506.172000		
627.500000	-506.189000		
628.000000	-506.340000		
628.500000	-506.238000		
629.000000	-504.977000		
629.500000	-502.793000		
630.000000	-501.384000		
630.500000	-500.871000		
631.000000	-500.306000		
631.500000	-500.480000		
