Date:	Sun, Jan 26, 2014		
measured by:	Rotem		
Write here experiment description to be saved in the file header.			
Time [s]	CPD stream	Light	SPV
0.000000	-433.627000		
0.500000	-433.621000		
1.000000	-433.682000		
1.500000	-433.957000		
2.000000	-434.200000		
2.499000	-434.411000		
3.000000	-435.175000		
3.499000	-435.198000		
4.000000	-435.609000		
4.499000	-435.694000		
5.000000	-435.873000		
5.500000	-435.569000		
6.000000	-436.034000		
6.500000	-436.841000		
7.000000	-437.108000		
7.500000	-437.032000		
7.999000	-437.283000		
8.500000	-437.727000		
8.999000	-438.124000		
9.500000	-438.360000		
10.000000	-438.615000		
10.500000	-438.906000		
11.000000	-439.539000		
11.500000	-439.718000		
12.000000	-439.613000		
12.500000	-439.792000		
13.000000	-440.539000		
13.500000	-440.494000		
14.000000	-440.418000		
14.500000	-440.340000		
15.000000	-440.899000		
15.500000	-441.343000		
16.000000	-441.058000		
16.500000	-441.126000		
17.000000	-441.193000		
17.500000	-441.744000		
18.000000	-442.191000		
18.500000	-442.368000		
19.000000	-442.939000		
19.500000	-443.357000		
20.000000	-443.254000		
20.500000	-443.297000		
21.000000	-443.680000		
21.500000	-444.258000		
22.000000	-444.306000		
22.500000	-444.187000		
23.000000	-444.173000		
23.500000	-444.693000		
24.000000	-444.919000		
24.500000	-444.897000		
25.000000	-445.312000		
25.500000	-445.972000		
26.000000	-445.446000		
26.500000	-445.386000		
27.000000	-445.932000		
27.500000	-446.621000		
28.000000	-446.582000		
28.500000	-446.673000		
29.000000	-446.994000		
29.500000	-447.412000		
30.000000	-447.524000		
30.500000	-447.535000		
31.000000	-447.978000		
31.500000	-448.646000		
32.000000	-448.557000		
32.500000	-448.607000		
33.000000	-449.239000		
33.500000	-449.220000		
34.000000	-449.033000		
34.500000	-449.012000		
35.000000	-449.195000		
35.500000	-449.468000		
36.000000	-449.574000		
36.500000	-449.833000		
37.000000	-450.388000		
37.500000	-450.661000		
38.000000	-450.626000		
38.500000	-450.768000		
39.000000	-451.393000		
39.500000	-451.451000		
40.000000	-451.000000		
40.500000	-451.409000		
41.000000	-451.951000		
41.500000	-452.319000		
42.000000	-452.337000		
42.500000	-452.391000		
43.000000	-452.571000		
43.500000	-452.729000		
44.000000	-452.629000		
44.500000	-452.757000		
45.000000	-453.096000		
45.500000	-453.325000		
46.000000	-453.213000		
46.500000	-453.968000		
47.000000	-454.393000		
47.500000	-454.152000		
48.000000	-454.673000		
48.500000	-455.152000		
49.000000	-455.150000		
49.500000	-455.270000		
50.000000	-455.718000		
50.500000	-455.803000		
51.000000	-455.270000		
51.500000	-455.351000		
52.000000	-455.513000		
52.500000	-455.690000		
53.000000	-455.772000		
53.500000	-455.726000		
54.000000	-456.317000		
54.500000	-456.487000		
55.000000	-456.419000		
55.500000	-456.456000		
56.000000	-456.943000		
56.500000	-457.020000		
57.000000	-456.843000		
57.500000	-457.472000		
58.000000	-457.345000		
58.500000	-457.022000		
59.000000	-457.538000		
59.500000	-458.251000		
60.000000	-457.948000		
60.500000	-458.024000		
61.000000	-458.125000		
61.500000	-458.280000		
62.000000	-458.361000		
62.500000	-459.021000		
63.000000	-459.332000		
63.500000	-459.319000		
64.000000	-459.555000		
64.500000	-459.735000		
65.000000	-459.978000		
65.500000	-460.126000		
66.000000	-460.471000		
66.500000	-460.774000		
67.000000	-460.930000		
67.500000	-460.980000		
68.000000	-460.953000		
68.500000	-461.032000		
69.000000	-461.189000		
69.500000	-461.289000		
70.000000	-461.183000		
70.500000	-461.304000		
71.000000	-461.377000		
71.500000	-461.516000		
72.000000	-461.418000		
72.500000	-461.746000		
73.000000	-461.838000		
73.500000	-461.951000		
74.000000	-462.000000		
74.500000	-462.278000		
75.000000	-462.561000		
75.500000	-462.680000		
76.000000	-462.749000		
76.500000	-462.878000		
77.000000	-463.131000		
77.500000	-462.751000		
78.000000	-463.119000		
78.500000	-463.453000		
79.000000	-463.257000		
79.500000	-463.400000		
80.000000	-463.862000		
80.500000	-463.654000		
81.000000	-463.725000		
81.499000	-464.241000		
82.000000	-464.465000		
82.499000	-464.403000		
83.000000	-464.525000		
83.500000	-464.931000		
84.000000	-464.771000		
84.500000	-464.824000		
84.999000	-465.205000		
85.500000	-465.365000		
85.999000	-465.468000		
86.500000	-466.103000		
86.999000	-466.467000		
87.500000	-466.254000		
88.000000	-466.165000		
88.500000	-466.467000		
89.000000	-466.335000		
89.500000	-466.562000		
90.000000	-466.719000		
90.500000	-466.569000		
91.000000	-466.735000		
91.500000	-466.872000		
92.000000	-466.921000		
92.500000	-466.909000		
93.000000	-467.411000		
93.500000	-467.521000		
94.000000	-467.458000		
94.500000	-467.179000		
95.000000	-467.059000		
95.500000	-467.290000		
96.000000	-468.064000		
96.500000	-468.252000		
97.000000	-468.213000		
97.500000	-468.416000		
98.000000	-468.580000		
98.500000	-468.353000		
99.000000	-467.992000		
99.500000	-468.250000		
100.000000	-468.470000		
100.500000	-469.283000		
101.000000	-473.135000		
101.500000	-480.393000		
102.000000	-485.595000		
102.500000	-490.989000		
103.000000	-495.516000		
103.500000	-498.650000		
104.000000	-501.595000		
104.500000	-503.977000		
105.000000	-506.421000		
105.500000	-507.734000		
106.000000	-508.925000		
106.500000	-510.453000		
107.000000	-512.361000		
107.500000	-512.746000		
108.000000	-513.754000		
108.500000	-515.457000		
109.000000	-516.195000		
109.500000	-516.557000		
110.000000	-517.067000		
110.500000	-518.155000		
111.000000	-519.225000		
111.500000	-519.904000		
112.000000	-520.046000		
112.500000	-520.391000		
113.000000	-521.284000		
113.500000	-522.038000		
114.000000	-522.488000		
114.500000	-523.051000		
115.000000	-523.918000		
115.500000	-524.577000		
116.000000	-525.044000		
116.500000	-525.309000		
117.000000	-525.655000		
117.500000	-526.347000		
118.000000	-526.783000		
118.500000	-526.994000		
119.000000	-527.468000		
119.500000	-527.829000		
120.000000	-528.296000		
120.500000	-528.744000		
121.000000	-529.395000		
121.500000	-529.975000		
122.000000	-529.771000		
122.500000	-529.972000		
123.000000	-530.200000		
123.500000	-530.506000		
124.000000	-530.881000		
124.500000	-531.301000		
125.000000	-531.313000		
125.500000	-531.662000		
126.000000	-532.379000		
126.500000	-533.187000		
127.000000	-532.846000		
127.500000	-533.003000		
128.000000	-532.991000		
128.500000	-533.149000		
129.000000	-533.359000		
129.500000	-533.908000		
130.000000	-534.324000		
130.500000	-534.500000		
131.000000	-534.541000		
131.500000	-534.651000		
132.000000	-535.099000		
132.500000	-535.007000		
133.000000	-535.513000		
133.500000	-535.900000		
134.000000	-535.622000		
134.500000	-535.826000		
135.000000	-535.691000		
135.500000	-535.422000		
136.000000	-535.843000		
136.500000	-536.695000		
137.000000	-536.914000		
137.500000	-537.080000		
138.000000	-537.195000		
138.500000	-537.025000		
139.000000	-537.266000		
139.500000	-538.000000		
140.000000	-538.468000		
140.500000	-538.677000		
141.000000	-538.466000		
141.500000	-538.663000		
142.000000	-538.612000		
142.500000	-538.361000		
143.000000	-538.486000		
143.500000	-538.940000		
144.000000	-539.370000		
144.500000	-539.534000		
145.000000	-540.043000		
145.500000	-540.370000		
146.000000	-540.466000		
146.500000	-540.100000		
147.000000	-539.541000		
147.500000	-539.798000		
148.000000	-540.263000		
148.500000	-540.746000		
149.000000	-540.878000		
149.500000	-541.495000		
150.000000	-541.672000		
150.500000	-541.662000		
151.000000	-541.324000		
151.500000	-541.331000		
152.000000	-541.220000		
152.500000	-541.182000		
153.000000	-541.246000		
153.500000	-541.342000		
154.000000	-541.550000		
154.500000	-541.742000		
155.000000	-542.251000		
155.500000	-542.277000		
156.000000	-542.474000		
156.500000	-542.449000		
157.000000	-542.341000		
157.500000	-541.910000		
158.000000	-542.091000		
158.500000	-542.292000		
159.000000	-542.586000		
159.500000	-543.416000		
160.000000	-543.746000		
160.500000	-544.245000		
161.000000	-543.956000		
161.500000	-544.055000		
162.000000	-543.879000		
162.500000	-543.602000		
163.000000	-543.567000		
163.500000	-543.715000		
164.000000	-543.800000		
164.500000	-543.381000		
165.000000	-543.566000		
165.500000	-543.998000		
166.000000	-544.579000		
166.500000	-544.923000		
167.000000	-544.934000		
167.500000	-544.898000		
168.000000	-544.892000		
168.500000	-545.026000		
169.000000	-545.098000		
169.500000	-545.031000		
170.000000	-545.017000		
170.500000	-544.969000		
171.000000	-545.083000		
171.500000	-544.762000		
172.000000	-544.543000		
172.500000	-544.796000		
173.000000	-545.249000		
173.500000	-545.347000		
174.000000	-545.198000		
174.500000	-545.502000		
175.000000	-545.516000		
175.500000	-545.453000		
176.000000	-545.974000		
176.500000	-546.124000		
177.000000	-546.181000		
177.500000	-546.452000		
178.000000	-546.821000		
178.500000	-546.951000		
179.000000	-547.095000		
179.500000	-546.799000		
180.000000	-546.708000		
180.500000	-546.194000		
181.000000	-546.551000		
181.500000	-546.545000		
182.000000	-546.608000		
182.500000	-546.629000		
183.000000	-546.528000		
183.500000	-546.312000		
184.000000	-546.007000		
184.500000	-546.222000		
185.000000	-546.322000		
185.500000	-546.362000		
186.000000	-546.177000		
186.500000	-546.236000		
187.000000	-546.435000		
187.500000	-546.377000		
188.000000	-546.441000		
188.500000	-546.957000		
189.000000	-546.676000		
189.500000	-546.468000		
190.000000	-546.871000		
190.500000	-547.098000		
191.000000	-547.317000		
191.500000	-547.292000		
192.000000	-547.248000		
192.500000	-547.286000		
193.000000	-547.396000		
193.500000	-547.468000		
194.000000	-547.253000		
194.500000	-547.117000		
195.000000	-547.520000		
195.500000	-547.725000		
196.000000	-547.780000		
196.500000	-547.722000		
197.000000	-547.665000		
197.500000	-548.000000		
198.000000	-548.104000		
198.500000	-548.199000		
199.000000	-548.334000		
199.500000	-548.237000		
200.000000	-548.189000		
200.500000	-548.157000		
201.000000	-548.243000		
201.500000	-548.806000		
202.000000	-548.658000		
202.500000	-548.630000		
203.000000	-548.512000		
203.500000	-548.461000		
204.000000	-548.285000		
204.500000	-548.271000		
205.000000	-548.341000		
205.500000	-548.417000		
206.000000	-548.509000		
206.500000	-548.532000		
207.000000	-548.444000		
207.500000	-548.340000		
208.000000	-548.222000		
208.500000	-547.935000		
209.000000	-547.717000		
209.500000	-547.914000		
210.000000	-548.077000		
210.500000	-548.265000		
211.000000	-548.347000		
211.500000	-548.222000		
212.000000	-547.931000		
212.500000	-548.152000		
213.000000	-548.047000		
213.500000	-548.430000		
214.000000	-548.531000		
214.500000	-548.807000		
215.000000	-548.447000		
215.500000	-548.662000		
216.000000	-548.826000		
216.500000	-549.216000		
217.000000	-549.222000		
217.500000	-549.144000		
218.000000	-549.365000		
218.500000	-549.637000		
219.000000	-549.745000		
219.500000	-550.046000		
220.000000	-550.501000		
220.500000	-550.150000		
221.000000	-550.075000		
221.500000	-549.928000		
222.000000	-549.654000		
222.500000	-549.522000		
223.000000	-549.520000		
223.500000	-549.564000		
224.000000	-549.407000		
224.500000	-549.624000		
225.000000	-549.485000		
225.500000	-549.401000		
226.000000	-549.240000		
226.500000	-549.123000		
227.000000	-549.347000		
227.500000	-549.724000		
228.000000	-550.004000		
228.500000	-549.720000		
229.000000	-549.667000		
229.500000	-549.768000		
230.000000	-550.382000		
230.500000	-550.312000		
231.000000	-549.993000		
231.500000	-549.654000		
232.000000	-549.605000		
232.500000	-549.403000		
233.000000	-549.271000		
233.500000	-549.564000		
234.000000	-549.784000		
234.500000	-549.304000		
235.000000	-549.494000		
235.500000	-549.739000		
236.000000	-549.556000		
236.500000	-549.684000		
237.000000	-549.865000		
237.500000	-549.869000		
238.000000	-550.361000		
238.500000	-550.467000		
239.000000	-550.342000		
239.500000	-550.602000		
240.000000	-550.379000		
240.500000	-550.233000		
241.000000	-549.665000		
241.500000	-549.617000		
242.000000	-549.829000		
242.500000	-549.804000		
243.000000	-550.002000		
243.500000	-550.179000		
244.000000	-550.263000		
244.500000	-550.475000		
245.000000	-550.220000		
245.500000	-549.865000		
246.000000	-549.738000		
246.500000	-549.925000		
247.000000	-549.683000		
247.500000	-549.546000		
248.000000	-549.684000		
248.500000	-550.016000		
249.000000	-550.200000		
249.500000	-550.723000		
250.000000	-550.955000		
250.500000	-550.806000		
251.000000	-550.617000		
251.500000	-550.414000		
252.000000	-550.510000		
252.500000	-550.280000		
253.000000	-550.252000		
253.500000	-550.101000		
254.000000	-549.709000		
254.500000	-550.025000		
255.000000	-550.535000		
255.500000	-550.431000		
256.000000	-550.242000		
256.500000	-549.993000		
257.000000	-550.375000		
257.500000	-550.411000		
258.000000	-550.192000		
258.500000	-550.082000		
259.000000	-550.133000		
259.500000	-550.590000		
260.000000	-550.928000		
260.500000	-550.676000		
261.000000	-550.509000		
261.500000	-550.714000		
262.000000	-550.509000		
262.500000	-550.028000		
263.000000	-550.016000		
263.500000	-550.059000		
264.000000	-550.140000		
264.500000	-550.020000		
265.000000	-550.182000		
265.500000	-550.172000		
266.000000	-550.592000		
266.500000	-550.591000		
267.000000	-550.375000		
267.500000	-549.950000		
268.000000	-549.999000		
268.500000	-550.396000		
269.000000	-551.178000		
269.500000	-551.499000		
270.000000	-551.206000		
270.500000	-551.107000		
271.000000	-550.830000		
271.500000	-550.420000		
272.000000	-550.669000		
272.500000	-550.737000		
273.000000	-550.797000		
273.500000	-550.766000		
274.000000	-550.761000		
274.500000	-550.786000		
275.000000	-550.647000		
275.500000	-550.108000		
276.000000	-550.453000		
276.500000	-550.735000		
277.000000	-550.930000		
277.500000	-551.325000		
278.000000	-551.231000		
278.500000	-550.639000		
279.000000	-550.033000		
279.500000	-549.659000		
280.000000	-549.934000		
280.500000	-550.239000		
281.000000	-550.711000		
281.500000	-551.143000		
282.000000	-551.048000		
282.500000	-550.660000		
283.000000	-550.098000		
283.500000	-550.617000		
284.000000	-550.833000		
284.500000	-550.953000		
285.000000	-551.112000		
285.500000	-551.038000		
286.000000	-550.553000		
286.500000	-550.205000		
287.000000	-549.696000		
287.500000	-550.243000		
288.000000	-550.348000		
288.500000	-550.394000		
289.000000	-550.517000		
289.500000	-550.559000		
290.000000	-550.606000		
290.500000	-550.605000		
291.000000	-550.592000		
291.500000	-551.165000		
292.000000	-551.180000		
292.500000	-551.214000		
293.000000	-550.706000		
293.500000	-550.552000		
294.000000	-550.527000		
294.500000	-550.634000		
295.000000	-550.915000		
295.500000	-550.599000		
296.000000	-550.378000		
296.500000	-550.385000		
297.000000	-550.469000		
297.500000	-550.723000		
298.000000	-550.694000		
298.500000	-550.722000		
299.000000	-550.380000		
299.500000	-550.485000		
300.000000	-550.630000		
300.500000	-550.666000		
301.000000	-550.987000		
301.500000	-551.412000		
302.000000	-551.070000		
302.500000	-550.802000		
303.000000	-550.731000		
303.500000	-550.902000		
304.000000	-551.382000		
304.500000	-551.244000		
305.000000	-551.118000		
305.500000	-551.038000		
306.000000	-550.496000		
306.500000	-550.684000		
307.000000	-550.879000		
307.500000	-551.079000		
308.000000	-550.821000		
308.500000	-550.466000		
309.000000	-550.561000		
309.500000	-550.926000		
310.000000	-550.791000		
310.500000	-550.800000		
311.000000	-550.517000		
311.500000	-550.732000		
312.000000	-550.763000		
312.500000	-550.822000		
313.000000	-550.516000		
313.500000	-550.136000		
314.000000	-550.177000		
314.500000	-550.399000		
315.000000	-551.125000		
315.500000	-551.024000		
316.000000	-550.981000		
316.500000	-550.608000		
317.000000	-550.186000		
317.500000	-550.401000		
318.000000	-550.751000		
318.500000	-551.057000		
319.000000	-550.518000		
319.500000	-550.225000		
320.000000	-550.372000		
320.500000	-550.891000		
321.000000	-551.237000		
321.500000	-550.792000		
322.000000	-550.561000		
322.500000	-550.684000		
323.000000	-550.750000		
323.500000	-550.329000		
324.000000	-550.201000		
324.500000	-550.182000		
325.000000	-549.945000		
325.500000	-550.515000		
326.000000	-551.084000		
326.500000	-551.067000		
327.000000	-550.605000		
327.500000	-550.309000		
328.000000	-550.392000		
328.500000	-550.751000		
329.000000	-550.800000		
329.500000	-550.516000		
330.000000	-550.613000		
330.500000	-551.004000		
331.000000	-550.851000		
331.500000	-550.716000		
332.000000	-550.792000		
332.500000	-551.116000		
333.000000	-551.487000		
333.500000	-551.204000		
334.000000	-550.928000		
334.500000	-550.767000		
335.000000	-550.494000		
335.500000	-550.927000		
336.000000	-551.021000		
336.500000	-551.216000		
337.000000	-550.716000		
337.500000	-550.163000		
338.000000	-550.459000		
338.500000	-550.796000		
339.000000	-550.591000		
339.500000	-550.398000		
340.000000	-550.200000		
340.500000	-550.531000		
341.000000	-550.296000		
341.500000	-549.954000		
342.000000	-549.899000		
342.500000	-550.058000		
343.000000	-549.645000		
343.500000	-549.251000		
344.000000	-548.806000		
344.500000	-548.216000		
345.000000	-547.522000		
345.500000	-546.483000		
346.000000	-546.035000		
346.500000	-545.363000		
347.000000	-545.223000		
347.500000	-544.844000		
348.000000	-544.734000		
348.500000	-544.249000		
349.000000	-543.917000		
349.500000	-544.183000		
350.000000	-543.759000		
350.500000	-543.026000		
351.000000	-542.608000		
351.500000	-542.415000		
352.000000	-542.604000		
352.500000	-542.458000		
353.000000	-541.698000		
353.499000	-541.566000		
354.000000	-541.736000		
354.499000	-541.387000		
355.000000	-541.013000		
355.499000	-540.611000		
356.000000	-540.477000		
356.500000	-540.245000		
357.000000	-540.021000		
357.500000	-539.497000		
358.000000	-538.942000		
358.500000	-538.558000		
359.000000	-538.562000		
359.500000	-538.510000		
360.000000	-538.674000		
360.500000	-538.865000		
361.000000	-538.654000		
361.500000	-537.953000		
362.000000	-537.611000		
362.500000	-537.072000		
363.000000	-536.617000		
363.500000	-536.774000		
364.000000	-536.949000		
364.500000	-537.292000		
365.000000	-537.018000		
365.500000	-536.907000		
366.000000	-536.494000		
366.500000	-536.067000		
367.000000	-535.852000		
367.500000	-535.729000		
368.000000	-535.352000		
368.500000	-535.223000		
369.000000	-535.538000		
369.500000	-535.684000		
370.000000	-535.736000		
370.500000	-536.251000		
371.000000	-536.175000		
371.500000	-535.743000		
372.000000	-535.445000		
372.500000	-534.961000		
373.000000	-534.552000		
373.500000	-534.110000		
374.000000	-533.612000		
374.500000	-533.306000		
375.000000	-533.107000		
375.500000	-533.485000		
376.000000	-533.654000		
376.500000	-533.682000		
377.000000	-533.355000		
377.500000	-533.505000		
378.000000	-533.584000		
378.500000	-533.605000		
379.000000	-533.063000		
379.500000	-532.943000		
380.000000	-532.855000		
380.500000	-532.305000		
381.000000	-532.008000		
381.500000	-531.903000		
382.000000	-531.508000		
382.500000	-531.282000		
383.000000	-531.189000		
383.500000	-531.190000		
384.000000	-531.390000		
384.500000	-531.340000		
385.000000	-531.180000		
385.500000	-531.235000		
386.000000	-531.377000		
386.500000	-531.297000		
387.000000	-531.490000		
387.500000	-531.454000		
388.000000	-530.843000		
388.500000	-530.999000		
389.000000	-531.280000		
389.500000	-530.895000		
390.000000	-530.610000		
390.500000	-530.617000		
391.000000	-530.527000		
391.500000	-530.341000		
392.000000	-530.007000		
392.500000	-529.868000		
393.000000	-529.595000		
393.500000	-529.310000		
394.000000	-529.002000		
394.500000	-528.981000		
395.000000	-528.959000		
395.500000	-528.283000		
396.000000	-527.957000		
396.500000	-527.928000		
397.000000	-527.845000		
397.500000	-527.585000		
398.000000	-527.657000		
398.500000	-527.428000		
399.000000	-527.407000		
399.500000	-527.803000		
400.000000	-527.787000		
400.500000	-527.286000		
401.000000	-527.170000		
401.500000	-527.188000		
402.000000	-527.300000		
402.500000	-527.132000		
403.000000	-527.401000		
403.500000	-527.392000		
404.000000	-527.515000		
404.500000	-527.256000		
405.000000	-527.107000		
405.500000	-526.985000		
406.000000	-526.927000		
406.500000	-526.448000		
407.000000	-526.326000		
407.500000	-526.278000		
408.000000	-526.131000		
408.500000	-526.442000		
409.000000	-526.620000		
409.500000	-526.312000		
410.000000	-526.141000		
410.500000	-526.478000		
411.000000	-526.775000		
411.500000	-526.846000		
412.000000	-526.453000		
412.500000	-526.102000		
413.000000	-525.922000		
413.500000	-525.572000		
414.000000	-525.461000		
414.500000	-525.428000		
415.000000	-525.184000		
415.500000	-525.232000		
416.000000	-525.114000		
416.500000	-524.778000		
417.000000	-524.300000		
417.500000	-524.392000		
418.000000	-524.239000		
418.500000	-524.111000		
419.000000	-524.039000		
419.500000	-524.079000		
420.000000	-524.253000		
420.500000	-524.019000		
421.000000	-524.059000		
421.500000	-523.996000		
422.000000	-523.988000		
422.500000	-524.262000		
423.000000	-524.162000		
423.500000	-524.110000		
424.000000	-524.136000		
424.500000	-524.095000		
425.000000	-523.907000		
425.500000	-524.071000		
426.000000	-524.037000		
426.500000	-524.393000		
427.000000	-524.144000		
427.500000	-523.881000		
428.000000	-524.196000		
428.500000	-524.343000		
429.000000	-524.278000		
429.500000	-523.971000		
430.000000	-523.944000		
430.500000	-524.017000		
431.000000	-523.553000		
431.500000	-523.328000		
432.000000	-523.656000		
432.500000	-523.637000		
433.000000	-523.662000		
433.500000	-523.652000		
434.000000	-523.234000		
434.500000	-522.924000		
435.000000	-522.586000		
435.500000	-522.492000		
436.000000	-522.515000		
436.500000	-522.354000		
437.000000	-522.618000		
437.500000	-522.586000		
438.000000	-522.434000		
438.500000	-522.507000		
439.000000	-522.712000		
439.500000	-522.852000		
440.000000	-522.918000		
440.500000	-522.967000		
441.000000	-522.664000		
441.500000	-522.560000		
442.000000	-522.286000		
442.500000	-521.983000		
443.000000	-521.907000		
443.500000	-521.937000		
444.000000	-521.907000		
444.500000	-522.046000		
445.000000	-522.241000		
445.500000	-521.842000		
446.000000	-521.545000		
446.500000	-521.740000		
447.000000	-521.763000		
447.500000	-521.971000		
448.000000	-522.005000		
448.500000	-521.792000		
449.000000	-521.902000		
449.500000	-522.139000		
450.000000	-521.864000		
450.500000	-521.568000		
451.000000	-521.255000		
451.500000	-521.041000		
452.000000	-520.678000		
452.500000	-520.850000		
453.000000	-520.920000		
453.500000	-520.706000		
454.000000	-521.018000		
454.500000	-520.961000		
455.000000	-521.206000		
455.500000	-521.065000		
456.000000	-521.027000		
456.500000	-521.410000		
457.000000	-521.393000		
457.500000	-521.160000		
458.000000	-521.307000		
458.500000	-521.336000		
459.000000	-520.896000		
459.500000	-520.378000		
460.000000	-520.041000		
460.500000	-519.969000		
461.000000	-520.107000		
461.500000	-520.669000		
462.000000	-520.837000		
462.500000	-520.407000		
463.000000	-520.375000		
463.500000	-520.354000		
464.000000	-520.298000		
464.500000	-520.322000		
465.000000	-519.900000		
465.500000	-519.664000		
466.000000	-519.526000		
466.500000	-519.432000		
467.000000	-519.533000		
467.500000	-520.147000		
468.000000	-520.272000		
468.500000	-520.096000		
469.000000	-520.137000		
469.500000	-520.584000		
470.000000	-520.577000		
470.500000	-520.468000		
471.000000	-520.005000		
471.500000	-519.811000		
472.000000	-519.654000		
472.500000	-519.602000		
473.000000	-519.543000		
473.500000	-519.712000		
474.000000	-519.940000		
474.500000	-520.058000		
475.000000	-519.755000		
475.500000	-519.788000		
476.000000	-519.401000		
476.500000	-518.995000		
477.000000	-519.120000		
477.500000	-519.379000		
478.000000	-519.536000		
478.500000	-519.947000		
479.000000	-519.806000		
479.500000	-519.727000		
480.000000	-519.676000		
480.500000	-519.186000		
481.000000	-518.745000		
481.500000	-518.294000		
482.000000	-518.564000		
482.500000	-518.693000		
483.000000	-518.842000		
483.500000	-518.878000		
484.000000	-519.235000		
484.500000	-519.139000		
485.000000	-518.803000		
485.500000	-518.581000		
486.000000	-518.500000		
486.500000	-518.460000		
487.000000	-518.797000		
487.500000	-518.975000		
488.000000	-518.769000		
488.500000	-518.796000		
489.000000	-518.606000		
489.500000	-518.716000		
490.000000	-518.552000		
490.500000	-518.342000		
491.000000	-518.150000		
491.500000	-518.281000		
492.000000	-518.350000		
492.500000	-518.486000		
493.000000	-518.875000		
493.500000	-518.747000		
494.000000	-518.297000		
494.500000	-518.006000		
495.000000	-517.902000		
495.500000	-517.843000		
496.000000	-517.895000		
496.500000	-518.137000		
497.000000	-518.636000		
497.500000	-518.592000		
498.000000	-518.317000		
498.500000	-518.076000		
499.000000	-517.935000		
499.500000	-518.058000		
500.000000	-518.238000		
500.500000	-518.345000		
501.000000	-518.512000		
501.500000	-518.794000		
502.000000	-518.305000		
502.500000	-518.441000		
503.000000	-518.159000		
503.500000	-517.993000		
504.000000	-518.218000		
504.500000	-518.186000		
505.000000	-518.169000		
505.500000	-517.747000		
506.000000	-517.459000		
506.500000	-517.530000		
507.000000	-517.633000		
507.500000	-517.562000		
508.000000	-518.040000		
508.500000	-518.413000		
509.000000	-518.259000		
509.500000	-517.741000		
510.000000	-517.194000		
510.500000	-517.443000		
511.000000	-517.479000		
511.500000	-517.568000		
512.000000	-517.717000		
512.500000	-517.811000		
513.000000	-517.506000		
513.500000	-517.033000		
514.000000	-516.902000		
514.500000	-517.351000		
515.000000	-517.702000		
515.500000	-517.373000		
516.000000	-517.110000		
516.500000	-516.728000		
517.000000	-516.467000		
517.500000	-516.766000		
518.000000	-516.906000		
518.500000	-517.336000		
519.000000	-517.452000		
519.500000	-516.984000		
520.000000	-516.449000		
520.500000	-516.133000		
521.000000	-516.054000		
521.500000	-516.334000		
522.000000	-516.712000		
522.500000	-516.915000		
523.000000	-516.586000		
523.500000	-516.353000		
524.000000	-516.490000		
524.500000	-516.366000		
525.000000	-516.998000		
525.500000	-517.365000		
526.000000	-517.486000		
526.500000	-517.364000		
527.000000	-516.857000		
527.500000	-516.778000		
528.000000	-516.894000		
528.500000	-517.145000		
529.000000	-517.089000		
529.500000	-516.591000		
530.000000	-516.337000		
530.500000	-516.157000		
531.000000	-516.417000		
531.500000	-516.532000		
532.000000	-516.904000		
532.500000	-517.144000		
533.000000	-516.706000		
533.500000	-516.318000		
534.000000	-516.562000		
534.500000	-516.912000		
535.000000	-517.103000		
535.500000	-516.939000		
536.000000	-516.614000		
536.500000	-516.287000		
537.000000	-516.163000		
537.500000	-516.571000		
538.000000	-516.948000		
538.500000	-516.813000		
539.000000	-516.227000		
539.500000	-516.070000		
540.000000	-515.783000		
540.500000	-516.353000		
541.000000	-517.135000		
541.500000	-516.986000		
542.000000	-516.683000		
542.500000	-516.323000		
543.000000	-516.300000		
543.500000	-516.779000		
544.000000	-516.804000		
544.500000	-516.438000		
545.000000	-516.001000		
545.500000	-515.773000		
546.000000	-515.878000		
546.500000	-516.125000		
547.000000	-516.139000		
547.500000	-516.087000		
548.000000	-515.915000		
548.500000	-515.630000		
549.000000	-516.007000		
549.500000	-516.202000		
550.000000	-516.251000		
550.500000	-516.477000		
551.000000	-516.039000		
551.500000	-515.928000		
552.000000	-516.034000		
552.500000	-516.301000		
553.000000	-516.419000		
553.500000	-516.487000		
554.000000	-516.103000		
554.500000	-515.987000		
555.000000	-516.282000		
555.500000	-516.576000		
556.000000	-516.525000		
556.500000	-516.065000		
557.000000	-515.569000		
557.500000	-515.441000		
558.000000	-515.498000		
558.500000	-515.785000		
559.000000	-515.858000		
559.500000	-515.646000		
560.000000	-515.650000		
560.500000	-516.155000		
561.000000	-516.155000		
561.500000	-516.369000		
562.000000	-516.422000		
562.500000	-516.456000		
563.000000	-516.515000		
563.500000	-516.517000		
564.000000	-516.630000		
564.500000	-516.124000		
565.000000	-515.534000		
565.500000	-515.006000		
566.000000	-515.241000		
566.500000	-515.407000		
567.000000	-515.833000		
567.500000	-515.508000		
568.000000	-515.289000		
568.500000	-515.496000		
569.000000	-515.587000		
569.500000	-515.688000		
570.000000	-515.518000		
570.500000	-515.255000		
571.000000	-515.283000		
571.500000	-515.715000		
572.000000	-515.971000		
572.500000	-515.786000		
573.000000	-515.248000		
573.500000	-515.579000		
574.000000	-515.889000		
574.500000	-516.406000		
575.000000	-516.298000		
575.500000	-515.891000		
576.000000	-515.973000		
576.500000	-515.629000		
577.000000	-515.939000		
577.500000	-515.985000		
578.000000	-515.708000		
578.500000	-515.334000		
579.000000	-515.255000		
579.500000	-515.428000		
580.000000	-515.983000		
580.500000	-516.002000		
581.000000	-515.583000		
581.500000	-515.614000		
582.000000	-515.778000		
582.500000	-516.092000		
583.000000	-515.660000		
583.500000	-515.386000		
584.000000	-515.577000		
584.500000	-515.671000		
585.000000	-515.737000		
585.500000	-515.568000		
586.000000	-515.186000		
586.500000	-515.260000		
587.000000	-515.943000		
587.500000	-516.198000		
588.000000	-515.877000		
588.500000	-515.543000		
589.000000	-515.383000		
589.500000	-515.312000		
590.000000	-515.503000		
590.500000	-515.678000		
591.000000	-515.662000		
591.500000	-515.544000		
592.000000	-515.480000		
592.500000	-515.583000		
593.000000	-515.422000		
593.500000	-515.296000		
594.000000	-515.382000		
594.500000	-515.399000		
595.000000	-515.503000		
595.500000	-515.628000		
596.000000	-515.123000		
596.500000	-514.909000		
597.000000	-515.378000		
597.500000	-515.479000		
598.000000	-515.547000		
598.500000	-515.424000		
599.000000	-515.147000		
599.500000	-515.186000		
600.000000	-515.279000		
600.500000	-514.816000		
601.000000	-514.823000		
601.500000	-515.268000		
602.000000	-515.704000		
602.500000	-515.010000		
603.000000	-514.846000		
603.500000	-514.775000		
604.000000	-515.207000		
604.500000	-515.431000		
605.000000	-515.051000		
605.500000	-514.851000		
606.000000	-514.927000		
606.500000	-515.231000		
607.000000	-515.170000		
607.500000	-514.904000		
608.000000	-515.247000		
608.500000	-515.615000		
609.000000	-515.790000		
609.500000	-515.128000		
610.000000	-515.072000		
610.500000	-514.816000		
611.000000	-514.745000		
611.500000	-515.089000		
612.000000	-514.939000		
612.500000	-514.580000		
613.000000	-514.699000		
613.500000	-515.108000		
614.000000	-515.404000		
614.500000	-515.044000		
615.000000	-514.935000		
615.500000	-515.286000		
616.000000	-515.612000		
616.500000	-515.332000		
617.000000	-515.231000		
617.500000	-515.332000		
618.000000	-515.411000		
618.500000	-515.509000		
619.000000	-515.090000		
619.500000	-514.740000		
620.000000	-514.895000		
620.500000	-515.243000		
621.000000	-515.488000		
621.500000	-515.081000		
622.000000	-514.990000		
622.500000	-515.290000		
623.000000	-515.568000		
623.500000	-514.881000		
624.000000	-514.655000		
624.500000	-514.885000		
625.000000	-515.328000		
625.500000	-515.172000		
626.000000	-514.906000		
626.500000	-514.583000		
627.000000	-514.949000		
627.500000	-515.282000		
628.000000	-515.035000		
628.500000	-514.690000		
629.000000	-514.778000		
629.500000	-515.482000		
630.000000	-515.006000		
630.500000	-514.668000		
631.000000	-514.762000		
631.500000	-514.992000		
632.000000	-514.784000		
632.500000	-514.410000		
633.000000	-514.330000		
633.500000	-514.353000		
634.000000	-514.757000		
634.500000	-514.805000		
635.000000	-514.803000		
635.500000	-514.746000		
636.000000	-515.375000		
636.500000	-515.355000		
637.000000	-514.814000		
637.500000	-515.084000		
638.000000	-515.659000		
638.500000	-515.446000		
639.000000	-515.208000		
639.500000	-515.139000		
640.000000	-515.313000		
640.500000	-515.221000		
641.000000	-515.040000		
641.500000	-514.433000		
642.000000	-514.456000		
642.500000	-514.848000		
643.000000	-514.721000		
643.500000	-514.316000		
644.000000	-514.492000		
644.500000	-514.889000		
645.000000	-514.895000		
645.500000	-514.677000		
646.000000	-514.738000		
646.500000	-514.771000		
647.000000	-514.353000		
647.500000	-514.403000		
648.000000	-514.674000		
648.500000	-514.678000		
649.000000	-514.905000		
649.500000	-515.065000		
650.000000	-514.777000		
650.500000	-514.832000		
651.000000	-515.018000		
651.500000	-514.970000		
652.000000	-515.116000		
652.500000	-515.609000		
653.000000	-519.598000		
653.500000	-523.989000		
654.000000	-527.810000		
654.500000	-530.443000		
655.000000	-532.802000		
655.500000	-534.952000		
656.000000	-535.995000		
656.500000	-536.913000		
657.000000	-538.161000		
657.500000	-538.996000		
658.000000	-539.926000		
658.500000	-540.403000		
659.000000	-540.913000		
659.500000	-541.163000		
660.000000	-541.563000		
660.500000	-542.239000		
661.000000	-542.400000		
661.500000	-542.752000		
662.000000	-542.953000		
662.500000	-543.240000		
663.000000	-543.535000		
663.500000	-543.709000		
664.000000	-543.436000		
664.500000	-543.938000		
665.000000	-544.368000		
665.500000	-544.914000		
666.000000	-545.105000		
666.500000	-545.446000		
667.000000	-545.322000		
667.500000	-545.086000		
668.000000	-544.855000		
668.500000	-545.457000		
669.000000	-545.770000		
669.500000	-545.773000		
670.000000	-545.891000		
670.500000	-546.262000		
671.000000	-546.336000		
671.500000	-546.536000		
672.000000	-547.005000		
672.500000	-546.894000		
673.000000	-546.440000		
673.500000	-546.362000		
674.000000	-546.678000		
674.500000	-546.761000		
675.000000	-546.839000		
675.500000	-546.893000		
676.000000	-546.730000		
676.500000	-547.046000		
677.000000	-546.762000		
677.500000	-547.092000		
678.000000	-547.223000		
678.500000	-547.558000		
679.000000	-547.949000		
679.500000	-548.197000		
680.000000	-548.281000		
680.500000	-548.344000		
681.000000	-548.297000		
681.500000	-548.524000		
682.000000	-548.301000		
682.500000	-548.427000		
683.000000	-548.759000		
683.500000	-548.843000		
684.000000	-548.745000		
684.500000	-548.764000		
685.000000	-548.559000		
685.500000	-548.528000		
686.000000	-548.822000		
686.500000	-548.917000		
687.000000	-548.549000		
687.500000	-548.341000		
688.000000	-548.301000		
688.500000	-548.385000		
689.000000	-548.524000		
689.500000	-548.430000		
690.000000	-548.692000		
690.500000	-548.564000		
691.000000	-548.872000		
691.500000	-548.965000		
692.000000	-548.935000		
692.500000	-548.708000		
693.000000	-548.646000		
693.500000	-548.927000		
694.000000	-548.760000		
694.500000	-549.074000		
695.000000	-549.193000		
695.500000	-549.399000		
696.000000	-549.272000		
696.500000	-549.257000		
697.000000	-549.623000		
697.500000	-549.696000		
698.000000	-549.765000		
698.500000	-549.705000		
699.000000	-549.823000		
699.500000	-550.009000		
700.000000	-549.855000		
700.500000	-549.782000		
701.000000	-549.820000		
701.500000	-549.880000		
702.000000	-549.759000		
702.500000	-549.630000		
703.000000	-549.555000		
703.500000	-549.536000		
704.000000	-549.494000		
704.500000	-549.446000		
705.000000	-549.472000		
705.500000	-549.423000		
706.000000	-549.503000		
706.500000	-549.161000		
707.000000	-548.738000		
707.500000	-548.703000		
708.000000	-548.384000		
708.500000	-548.440000		
709.000000	-548.458000		
709.500000	-548.726000		
710.000000	-549.088000		
710.500000	-549.309000		
711.000000	-549.437000		
711.500000	-549.600000		
712.000000	-549.597000		
712.500000	-549.382000		
713.000000	-549.447000		
713.500000	-549.828000		
714.000000	-549.501000		
714.500000	-549.203000		
715.000000	-548.640000		
715.500000	-548.372000		
716.000000	-548.295000		
716.500000	-547.704000		
717.000000	-547.909000		
717.500000	-548.510000		
718.000000	-548.923000		
718.500000	-549.473000		
719.000000	-549.785000		
719.500000	-549.566000		
720.000000	-549.347000		
720.500000	-549.107000		
721.000000	-548.831000		
721.500000	-548.686000		
722.000000	-548.817000		
722.500000	-548.949000		
723.000000	-549.373000		
723.500000	-549.402000		
724.000000	-549.565000		
724.500000	-549.887000		
725.000000	-549.347000		
725.500000	-548.939000		
726.000000	-548.680000		
726.500000	-548.476000		
727.000000	-548.435000		
727.500000	-548.628000		
728.000000	-548.883000		
728.500000	-549.293000		
729.000000	-549.089000		
729.500000	-549.035000		
730.000000	-549.036000		
730.500000	-548.578000		
731.000000	-548.183000		
731.500000	-548.257000		
732.000000	-548.455000		
732.500000	-548.513000		
733.000000	-548.628000		
733.500000	-548.675000		
734.000000	-548.684000		
734.500000	-548.655000		
735.000000	-548.376000		
735.500000	-548.414000		
736.000000	-548.429000		
736.500000	-548.645000		
737.000000	-548.210000		
737.500000	-548.398000		
738.000000	-548.497000		
738.500000	-548.068000		
739.000000	-547.696000		
739.500000	-547.986000		
740.000000	-548.396000		
740.500000	-548.830000		
741.000000	-548.973000		
741.500000	-549.035000		
742.000000	-548.650000		
742.500000	-548.393000		
743.000000	-548.071000		
743.500000	-548.530000		
744.000000	-548.435000		
744.500000	-548.326000		
745.000000	-548.118000		
745.500000	-547.980000		
746.000000	-547.958000		
746.500000	-548.167000		
747.000000	-548.168000		
747.500000	-548.112000		
748.000000	-548.077000		
748.500000	-547.759000		
749.000000	-547.660000		
749.500000	-547.837000		
750.000000	-548.046000		
750.500000	-548.160000		
751.000000	-547.961000		
751.500000	-547.759000		
752.000000	-547.851000		
752.500000	-547.996000		
753.000000	-548.413000		
753.500000	-548.281000		
754.000000	-548.419000		
754.500000	-548.101000		
755.000000	-547.743000		
755.500000	-547.733000		
756.000000	-547.553000		
756.500000	-547.363000		
757.000000	-547.138000		
757.500000	-547.077000		
758.000000	-547.317000		
758.500000	-547.769000		
759.000000	-547.836000		
759.500000	-547.471000		
760.000000	-547.361000		
760.500000	-547.880000		
761.000000	-548.204000		
761.500000	-547.969000		
762.000000	-547.192000		
762.500000	-546.203000		
763.000000	-545.863000		
763.500000	-545.085000		
764.000000	-544.306000		
764.500000	-543.541000		
765.000000	-542.946000		
765.500000	-542.663000		
766.000000	-542.258000		
766.500000	-541.987000		
767.000000	-542.254000		
767.500000	-541.808000		
768.000000	-541.526000		
768.500000	-541.175000		
769.000000	-541.005000		
769.500000	-541.231000		
770.000000	-541.172000		
770.500000	-540.930000		
771.000000	-540.905000		
771.500000	-540.839000		
772.000000	-540.666000		
772.500000	-540.111000		
773.000000	-539.372000		
773.500000	-538.806000		
774.000000	-538.480000		
774.500000	-538.154000		
775.000000	-538.106000		
775.500000	-538.462000		
776.000000	-538.516000		
776.500000	-538.530000		
777.000000	-538.361000		
777.500000	-537.928000		
778.000000	-537.288000		
778.500000	-536.928000		
779.000000	-536.876000		
779.499000	-536.694000		
780.000000	-536.617000		
780.500000	-536.189000		
781.000000	-535.841000		
781.500000	-535.848000		
782.000000	-536.118000		
782.500000	-536.144000		
783.000000	-536.349000		
783.500000	-536.305000		
784.000000	-536.066000		
784.500000	-536.045000		
785.000000	-535.588000		
785.500000	-535.357000		
786.000000	-534.910000		
786.500000	-534.271000		
787.000000	-533.967000		
787.500000	-533.480000		
788.000000	-533.182000		
788.500000	-533.191000		
789.000000	-533.671000		
789.500000	-533.326000		
790.000000	-532.724000		
790.500000	-532.943000		
791.000000	-532.850000		
791.500000	-532.411000		
792.000000	-532.474000		
792.500000	-532.377000		
793.000000	-532.038000		
793.500000	-532.089000		
794.000000	-532.172000		
794.500000	-532.128000		
795.000000	-532.086000		
795.500000	-531.947000		
796.000000	-532.084000		
796.500000	-531.649000		
797.000000	-531.525000		
797.500000	-531.693000		
798.000000	-531.565000		
798.500000	-531.381000		
799.000000	-531.307000		
799.500000	-531.535000		
800.000000	-531.245000		
800.500000	-530.974000		
801.000000	-530.727000		
801.500000	-530.393000		
802.000000	-530.442000		
802.500000	-530.279000		
803.000000	-530.127000		
803.500000	-529.913000		
804.000000	-529.878000		
804.500000	-530.125000		
805.000000	-530.215000		
805.500000	-530.048000		
806.000000	-529.772000		
806.500000	-529.447000		
807.000000	-529.271000		
807.500000	-528.575000		
808.000000	-528.886000		
808.500000	-528.714000		
809.000000	-528.584000		
809.500000	-528.683000		
810.000000	-528.105000		
810.500000	-527.792000		
811.000000	-527.734000		
811.500000	-527.636000		
812.000000	-527.591000		
812.500000	-527.701000		
813.000000	-527.436000		
813.500000	-527.255000		
814.000000	-527.498000		
814.500000	-527.179000		
815.000000	-527.124000		
815.500000	-527.144000		
816.000000	-527.401000		
816.500000	-527.107000		
817.000000	-527.111000		
817.500000	-527.188000		
818.000000	-527.292000		
818.500000	-527.019000		
819.000000	-526.967000		
819.500000	-527.012000		
820.000000	-526.618000		
820.500000	-526.493000		
821.000000	-526.625000		
821.500000	-526.575000		
822.000000	-525.966000		
822.500000	-525.987000		
823.000000	-526.264000		
823.500000	-526.559000		
824.000000	-526.411000		
824.500000	-526.318000		
825.000000	-526.006000		
825.500000	-525.842000		
826.000000	-525.682000		
826.500000	-525.778000		
