Date:	Sun, Mar 09, 2014		
measured by:	Rotem		
HOPG fresh from the GB, after "anneal", belongs to neg polarity experiment			
Time [s]	CPD stream	Light	SPV
0.000000	-736.380000		
0.500000	-736.556000		
1.000000	-736.630000		
1.500000	-736.753000		
2.000000	-736.573000		
2.500000	-736.504000		
3.000000	-736.302000		
3.500000	-736.367000		
4.000000	-736.509000		
4.501000	-736.719000		
5.001000	-736.916000		
5.500000	-736.656000		
6.000000	-736.749000		
6.500000	-736.926000		
7.000000	-736.941000		
7.500000	-736.728000		
8.000000	-736.741000		
8.500000	-736.305000		
9.000000	-736.162000		
9.500000	-736.004000		
10.000000	-736.300000		
10.500000	-736.372000		
11.000000	-736.324000		
11.500000	-736.267000		
12.000000	-736.555000		
12.500000	-736.401000		
13.000000	-736.054000		
13.500000	-736.269000		
14.000000	-736.039000		
14.500000	-735.808000		
15.000000	-735.988000		
15.500000	-736.032000		
16.000000	-735.617000		
16.500000	-735.573000		
17.000000	-735.784000		
17.500000	-736.101000		
18.000000	-735.862000		
18.501000	-735.932000		
19.000000	-736.116000		
19.500000	-735.649000		
20.000000	-735.556000		
20.500000	-735.630000		
21.000000	-735.490000		
21.500000	-735.060000		
22.000000	-735.257000		
22.500000	-735.407000		
23.000000	-735.747000		
23.500000	-735.584000		
24.000000	-735.479000		
24.500000	-735.273000		
25.000000	-735.193000		
25.500000	-735.239000		
26.000000	-735.277000		
26.500000	-735.328000		
27.000000	-735.144000		
27.500000	-735.060000		
28.000000	-735.030000		
28.500000	-735.114000		
29.000000	-734.842000		
29.500000	-734.684000		
30.000000	-734.751000		
30.500000	-734.785000		
31.000000	-735.128000		
31.500000	-735.052000		
32.001000	-734.962000		
32.500000	-735.035000		
33.001000	-734.797000		
33.500000	-734.598000		
34.000000	-734.558000		
34.500000	-734.603000		
35.000000	-735.155000		
35.500000	-735.053000		
36.000000	-734.764000		
36.500000	-734.968000		
37.000000	-734.756000		
37.500000	-734.685000		
38.000000	-734.826000		
38.500000	-734.713000		
39.000000	-734.603000		
39.500000	-734.324000		
40.000000	-734.474000		
40.500000	-734.370000		
41.000000	-734.100000		
41.500000	-734.146000		
42.000000	-734.260000		
42.500000	-734.358000		
43.000000	-734.334000		
43.500000	-734.553000		
44.000000	-734.424000		
44.500000	-734.350000		
45.000000	-733.792000		
45.500000	-733.834000		
46.000000	-733.987000		
46.500000	-733.843000		
47.000000	-733.961000		
47.500000	-734.065000		
48.000000	-734.429000		
48.500000	-734.479000		
49.000000	-734.185000		
49.500000	-734.073000		
50.000000	-734.080000		
50.500000	-734.268000		
51.000000	-734.184000		
51.500000	-733.997000		
52.000000	-733.648000		
52.500000	-733.429000		
53.000000	-733.461000		
53.500000	-733.636000		
54.000000	-733.790000		
54.500000	-733.521000		
55.000000	-733.760000		
55.500000	-733.718000		
56.000000	-733.804000		
56.500000	-733.775000		
57.000000	-733.414000		
57.500000	-733.483000		
58.000000	-733.533000		
58.500000	-733.225000		
59.000000	-733.079000		
59.500000	-732.943000		
60.000000	-732.871000		
60.500000	-732.627000		
61.000000	-733.245000		
61.500000	-733.626000		
62.000000	-733.641000		
62.500000	-733.565000		
63.000000	-733.480000		
63.500000	-733.388000		
64.000000	-732.901000		
64.500000	-733.076000		
65.000000	-732.794000		
65.500000	-732.838000		
66.000000	-732.684000		
66.500000	-732.240000		
67.000000	-732.161000		
67.500000	-732.073000		
68.000000	-732.587000		
68.500000	-732.641000		
69.000000	-732.582000		
69.500000	-732.311000		
70.000000	-732.281000		
70.500000	-732.109000		
71.000000	-732.199000		
71.500000	-732.262000		
72.000000	-732.036000		
72.500000	-731.856000		
73.000000	-732.186000		
73.500000	-732.307000		
74.001000	-732.213000		
74.501000	-732.275000		
75.001000	-732.550000		
75.501000	-732.555000		
76.001000	-732.342000		
76.501000	-732.529000		
77.001000	-732.060000		
77.501000	-731.576000		
78.001000	-731.427000		
78.501000	-731.581000		
79.001000	-731.752000		
79.501000	-731.904000		
80.001000	-731.716000		
80.501000	-731.891000		
81.001000	-731.837000		
81.501000	-732.045000		
82.001000	-731.992000		
82.501000	-731.868000		
83.001000	-731.762000		
83.501000	-731.875000		
84.001000	-731.816000		
84.501000	-731.323000		
85.001000	-731.179000		
85.501000	-731.253000		
86.001000	-731.339000		
86.501000	-731.114000		
87.001000	-731.199000		
87.501000	-731.391000		
88.001000	-731.238000		
88.501000	-731.567000		
89.001000	-731.547000		
89.501000	-731.603000		
90.001000	-731.183000		
90.501000	-730.952000		
91.001000	-731.058000		
91.501000	-731.140000		
92.001000	-731.458000		
92.501000	-731.593000		
93.001000	-731.028000		
93.501000	-731.043000		
94.001000	-731.114000		
94.501000	-731.108000		
95.001000	-730.919000		
95.501000	-730.965000		
96.001000	-730.869000		
96.501000	-730.562000		
97.001000	-730.839000		
97.501000	-730.815000		
98.001000	-730.746000		
98.501000	-730.686000		
99.001000	-730.713000		
99.501000	-730.538000		
100.001000	-730.793000		
100.501000	-731.128000		
101.001000	-731.295000		
101.501000	-731.338000		
102.001000	-731.177000		
102.501000	-731.222000		
103.001000	-731.000000		
103.501000	-730.777000		
104.001000	-730.816000		
104.501000	-730.911000		
105.001000	-730.427000		
105.501000	-730.323000		
106.001000	-730.430000		
106.501000	-730.566000		
107.001000	-730.418000		
107.501000	-730.292000		
108.001000	-730.188000		
108.501000	-730.384000		
109.001000	-730.385000		
109.501000	-730.488000		
110.001000	-729.798000		
110.501000	-729.536000		
111.001000	-729.685000		
111.501000	-729.768000		
112.001000	-729.999000		
112.501000	-730.176000		
113.001000	-730.539000		
113.501000	-730.248000		
114.001000	-729.879000		
114.501000	-730.098000		
115.001000	-730.165000		
115.501000	-730.469000		
116.001000	-730.160000		
116.501000	-730.000000		
117.001000	-729.948000		
117.501000	-729.821000		
118.001000	-729.749000		
118.501000	-729.885000		
119.001000	-729.813000		
119.501000	-729.855000		
120.001000	-729.737000		
120.501000	-729.658000		
121.001000	-729.709000		
121.501000	-729.774000		
122.001000	-729.621000		
122.501000	-729.291000		
123.001000	-729.184000		
123.501000	-729.533000		
124.001000	-729.167000		
124.501000	-728.995000		
125.001000	-728.798000		
125.501000	-729.163000		
126.001000	-728.952000		
126.501000	-729.265000		
127.001000	-729.831000		
127.501000	-729.457000		
128.001000	-729.424000		
128.501000	-729.373000		
129.001000	-729.354000		
129.501000	-728.944000		
130.001000	-729.003000		
130.501000	-729.062000		
131.001000	-729.246000		
131.501000	-729.079000		
132.001000	-729.051000		
132.501000	-729.167000		
133.001000	-728.983000		
133.501000	-729.041000		
134.001000	-728.981000		
134.501000	-728.830000		
135.001000	-728.858000		
135.501000	-728.852000		
136.001000	-728.834000		
136.501000	-728.527000		
137.001000	-728.609000		
137.501000	-728.628000		
138.001000	-728.573000		
138.501000	-728.012000		
139.001000	-728.664000		
139.501000	-728.723000		
140.001000	-728.927000		
140.501000	-729.079000		
141.001000	-729.085000		
141.501000	-729.051000		
142.001000	-728.490000		
142.501000	-728.461000		
143.001000	-728.383000		
143.501000	-728.454000		
144.001000	-728.742000		
144.501000	-728.650000		
145.001000	-728.525000		
145.501000	-728.644000		
146.001000	-728.282000		
146.501000	-728.086000		
147.001000	-728.082000		
147.501000	-728.395000		
148.001000	-728.190000		
148.501000	-728.256000		
149.001000	-728.554000		
149.501000	-728.288000		
150.001000	-727.890000		
150.501000	-727.961000		
151.001000	-728.318000		
151.501000	-728.062000		
152.001000	-728.225000		
152.501000	-728.168000		
153.001000	-728.164000		
153.501000	-728.181000		
154.001000	-727.856000		
154.501000	-727.834000		
155.001000	-727.924000		
155.501000	-727.687000		
156.001000	-727.731000		
156.501000	-727.279000		
157.001000	-726.951000		
157.501000	-727.281000		
158.001000	-727.588000		
158.501000	-727.603000		
159.001000	-727.773000		
159.501000	-727.985000		
160.001000	-728.094000		
160.501000	-727.772000		
161.001000	-727.566000		
161.501000	-727.788000		
162.001000	-727.775000		
162.501000	-727.239000		
163.001000	-727.349000		
163.501000	-727.404000		
164.001000	-726.935000		
164.501000	-726.877000		
165.001000	-727.234000		
165.501000	-727.076000		
166.001000	-727.001000		
166.501000	-727.465000		
167.001000	-727.407000		
167.501000	-727.597000		
168.001000	-727.598000		
168.501000	-727.634000		
169.001000	-727.240000		
169.501000	-726.949000		
170.001000	-726.962000		
170.501000	-727.150000		
171.001000	-727.209000		
171.501000	-727.224000		
172.001000	-726.915000		
172.501000	-727.030000		
173.001000	-727.210000		
173.501000	-727.365000		
174.001000	-727.465000		
174.501000	-727.047000		
175.001000	-726.963000		
175.501000	-727.085000		
176.001000	-726.936000		
176.501000	-726.948000		
177.001000	-726.441000		
177.501000	-726.208000		
178.001000	-726.053000		
178.501000	-726.157000		
179.001000	-726.320000		
179.501000	-726.168000		
180.001000	-726.415000		
180.501000	-726.657000		
181.001000	-726.287000		
181.501000	-726.297000		
182.001000	-726.453000		
182.501000	-726.599000		
183.001000	-726.403000		
183.501000	-726.499000		
184.001000	-726.465000		
184.501000	-726.256000		
185.001000	-725.877000		
185.501000	-725.910000		
186.001000	-726.064000		
186.501000	-726.065000		
187.001000	-726.318000		
187.501000	-726.581000		
188.001000	-726.674000		
188.501000	-726.405000		
189.001000	-726.147000		
189.501000	-725.946000		
190.001000	-725.915000		
190.501000	-725.844000		
191.001000	-726.154000		
191.501000	-726.116000		
192.001000	-725.897000		
192.501000	-725.973000		
193.001000	-725.402000		
193.501000	-725.823000		
194.001000	-726.375000		
194.501000	-726.193000		
195.001000	-726.201000		
195.501000	-726.198000		
196.001000	-726.433000		
196.501000	-726.040000		
197.001000	-725.715000		
197.501000	-725.187000		
198.001000	-725.423000		
198.501000	-725.551000		
199.001000	-725.580000		
199.501000	-725.475000		
200.001000	-725.674000		
200.501000	-725.777000		
201.001000	-725.719000		
201.501000	-725.783000		
202.001000	-725.723000		
202.501000	-725.576000		
203.001000	-725.651000		
203.501000	-725.326000		
204.001000	-725.134000		
204.501000	-725.123000		
205.001000	-724.880000		
205.501000	-725.093000		
206.001000	-724.996000		
206.501000	-725.005000		
207.001000	-724.959000		
207.501000	-725.077000		
208.001000	-724.997000		
208.501000	-725.146000		
209.001000	-725.281000		
209.501000	-724.916000		
210.001000	-724.896000		
210.501000	-724.789000		
211.001000	-724.748000		
211.501000	-724.633000		
212.001000	-724.490000		
212.501000	-724.292000		
213.001000	-724.686000		
213.501000	-724.729000		
214.001000	-724.919000		
214.501000	-724.991000		
215.001000	-725.156000		
215.501000	-725.201000		
216.001000	-725.203000		
216.501000	-724.945000		
217.001000	-724.854000		
217.501000	-724.827000		
218.001000	-724.419000		
218.501000	-724.213000		
219.001000	-724.028000		
219.501000	-724.100000		
220.001000	-724.367000		
220.501000	-724.308000		
221.001000	-724.300000		
221.501000	-724.489000		
222.001000	-724.728000		
222.501000	-724.673000		
223.001000	-724.756000		
223.501000	-724.904000		
224.001000	-724.775000		
224.501000	-724.675000		
225.001000	-724.305000		
225.501000	-724.327000		
226.001000	-724.438000		
226.501000	-724.324000		
227.001000	-724.126000		
227.501000	-724.072000		
228.001000	-724.567000		
228.501000	-724.599000		
229.001000	-724.606000		
229.501000	-724.570000		
230.001000	-724.235000		
230.501000	-723.788000		
231.001000	-724.012000		
231.501000	-723.983000		
232.001000	-724.059000		
232.501000	-724.212000		
233.001000	-724.375000		
233.501000	-724.191000		
234.001000	-724.343000		
234.501000	-724.087000		
235.001000	-724.209000		
235.501000	-724.343000		
236.001000	-724.008000		
236.501000	-723.572000		
237.001000	-723.574000		
237.501000	-723.367000		
238.001000	-723.463000		
238.501000	-723.851000		
239.001000	-723.662000		
239.501000	-723.646000		
240.001000	-723.505000		
240.501000	-723.397000		
241.001000	-723.623000		
241.501000	-723.465000		
242.001000	-723.878000		
242.501000	-724.053000		
243.001000	-723.930000		
243.501000	-723.983000		
244.001000	-723.778000		
244.501000	-723.663000		
245.001000	-723.460000		
245.501000	-723.497000		
246.001000	-723.317000		
246.501000	-723.170000		
247.001000	-723.081000		
247.501000	-723.235000		
248.001000	-723.332000		
248.501000	-723.283000		
249.001000	-723.564000		
249.501000	-723.638000		
250.001000	-723.445000		
250.501000	-723.317000		
251.001000	-723.297000		
251.501000	-723.163000		
252.001000	-723.125000		
252.501000	-722.938000		
253.001000	-722.740000		
253.501000	-723.103000		
254.001000	-723.102000		
254.501000	-723.260000		
255.001000	-723.261000		
255.501000	-722.930000		
256.001000	-722.782000		
256.501000	-723.005000		
257.001000	-723.183000		
257.501000	-723.198000		
258.001000	-722.784000		
258.501000	-722.881000		
259.001000	-722.622000		
259.501000	-722.346000		
260.001000	-722.232000		
260.501000	-722.453000		
261.001000	-722.088000		
261.501000	-722.128000		
262.001000	-722.359000		
262.501000	-722.648000		
263.001000	-722.944000		
263.501000	-722.772000		
264.001000	-722.448000		
264.501000	-722.477000		
265.001000	-722.573000		
265.501000	-722.653000		
266.001000	-722.633000		
266.501000	-722.350000		
267.001000	-722.338000		
267.501000	-722.192000		
268.001000	-722.569000		
268.501000	-722.206000		
269.001000	-722.260000		
269.501000	-722.256000		
270.001000	-722.277000		
270.501000	-722.540000		
271.001000	-722.758000		
271.501000	-722.625000		
272.001000	-722.597000		
272.501000	-722.594000		
273.001000	-722.470000		
273.501000	-722.053000		
274.001000	-722.125000		
274.501000	-722.153000		
275.001000	-721.976000		
275.501000	-721.855000		
276.001000	-721.916000		
276.501000	-721.732000		
277.001000	-721.734000		
277.501000	-721.986000		
278.001000	-721.871000		
278.501000	-721.842000		
279.001000	-721.697000		
279.501000	-722.078000		
280.001000	-722.033000		
280.501000	-721.517000		
281.001000	-721.392000		
281.501000	-721.480000		
282.001000	-721.457000		
282.501000	-721.392000		
283.001000	-721.550000		
283.501000	-721.383000		
284.001000	-721.967000		
284.501000	-722.465000		
285.001000	-722.553000		
285.501000	-722.265000		
286.001000	-722.005000		
286.501000	-722.242000		
287.001000	-721.949000		
287.501000	-721.509000		
288.001000	-721.272000		
288.501000	-721.131000		
289.001000	-720.859000		
289.501000	-721.099000		
290.001000	-721.491000		
290.501000	-721.204000		
291.001000	-721.526000		
291.501000	-722.013000		
292.001000	-721.545000		
292.501000	-721.545000		
293.001000	-721.344000		
293.501000	-721.574000		
294.001000	-721.366000		
294.501000	-721.545000		
295.001000	-721.121000		
295.501000	-721.002000		
296.001000	-720.794000		
296.501000	-720.721000		
297.001000	-720.901000		
297.501000	-721.093000		
298.001000	-721.138000		
298.501000	-721.455000		
299.001000	-721.560000		
299.501000	-721.414000		
300.001000	-721.430000		
300.501000	-721.184000		
301.001000	-720.689000		
301.501000	-720.777000		
302.001000	-720.739000		
302.501000	-720.609000		
303.001000	-720.637000		
303.501000	-720.597000		
304.001000	-720.834000		
304.501000	-720.945000		
305.001000	-721.057000		
305.501000	-721.182000		
306.001000	-721.205000		
306.501000	-720.762000		
307.001000	-720.526000		
307.501000	-720.422000		
308.001000	-720.064000		
308.501000	-720.049000		
309.001000	-720.305000		
309.501000	-720.255000		
310.001000	-720.430000		
310.501000	-720.622000		
311.001000	-720.878000		
311.501000	-720.793000		
312.001000	-720.684000		
312.501000	-720.370000		
313.001000	-720.269000		
313.501000	-720.416000		
314.001000	-720.474000		
314.501000	-720.289000		
315.001000	-720.285000		
315.501000	-720.277000		
316.001000	-720.328000		
316.501000	-720.284000		
317.001000	-720.215000		
317.501000	-720.580000		
318.001000	-720.391000		
318.501000	-720.095000		
319.001000	-720.302000		
319.501000	-720.033000		
320.001000	-720.171000		
320.501000	-720.491000		
321.001000	-720.317000		
321.501000	-719.873000		
322.001000	-719.469000		
322.501000	-719.502000		
323.001000	-719.168000		
323.501000	-719.203000		
324.001000	-719.399000		
324.501000	-719.555000		
325.001000	-719.738000		
325.501000	-719.677000		
326.001000	-719.807000		
326.501000	-719.735000		
327.001000	-720.125000		
327.501000	-720.204000		
328.001000	-719.828000		
328.501000	-719.741000		
329.001000	-719.985000		
329.501000	-719.461000		
330.001000	-719.493000		
330.501000	-719.892000		
331.001000	-719.866000		
331.501000	-719.684000		
332.001000	-719.691000		
332.501000	-719.720000		
333.001000	-719.632000		
333.501000	-719.389000		
334.001000	-719.483000		
334.501000	-719.309000		
335.001000	-719.457000		
335.501000	-719.930000		
336.001000	-719.540000		
336.501000	-719.261000		
337.001000	-719.358000		
337.501000	-719.338000		
338.001000	-719.382000		
338.501000	-719.579000		
339.001000	-719.289000		
339.501000	-719.386000		
340.001000	-719.376000		
340.501000	-718.937000		
341.001000	-719.529000		
341.501000	-719.547000		
342.001000	-719.564000		
342.501000	-719.753000		
343.001000	-719.619000		
343.501000	-719.132000		
344.001000	-719.155000		
344.501000	-718.693000		
345.001000	-718.686000		
345.501000	-718.991000		
346.001000	-718.949000		
346.501000	-719.033000		
347.001000	-719.214000		
347.501000	-719.108000		
348.001000	-719.498000		
348.501000	-719.361000		
349.001000	-719.301000		
349.501000	-719.282000		
350.001000	-719.183000		
350.501000	-719.082000		
351.001000	-719.109000		
351.501000	-718.580000		
352.001000	-718.693000		
352.501000	-718.901000		
353.001000	-719.055000		
353.501000	-719.219000		
354.001000	-719.186000		
354.501000	-719.550000		
355.001000	-719.461000		
355.501000	-719.424000		
356.001000	-719.580000		
356.501000	-719.138000		
357.001000	-718.917000		
357.501000	-718.909000		
358.001000	-718.851000		
358.501000	-718.468000		
359.001000	-718.384000		
359.501000	-718.747000		
360.001000	-718.587000		
360.501000	-718.605000		
361.001000	-719.130000		
361.501000	-718.998000		
362.001000	-718.867000		
362.501000	-718.416000		
363.001000	-718.528000		
363.501000	-718.419000		
364.001000	-718.357000		
364.501000	-718.219000		
365.001000	-718.226000		
365.501000	-718.256000		
366.001000	-718.328000		
366.501000	-718.374000		
367.001000	-718.175000		
367.501000	-718.376000		
368.001000	-718.459000		
368.501000	-718.353000		
369.001000	-718.717000		
369.501000	-718.705000		
370.001000	-718.497000		
370.501000	-718.692000		
371.001000	-718.161000		
371.501000	-718.257000		
372.001000	-718.080000		
372.501000	-718.236000		
373.001000	-718.423000		
373.501000	-718.215000		
374.001000	-718.205000		
374.501000	-718.224000		
375.001000	-718.201000		
375.501000	-718.195000		
376.001000	-717.794000		
376.501000	-717.880000		
377.001000	-718.203000		
377.501000	-718.232000		
378.001000	-718.026000		
378.501000	-718.182000		
379.001000	-718.162000		
379.501000	-717.960000		
380.001000	-717.801000		
380.501000	-717.624000		
381.001000	-717.664000		
381.501000	-717.631000		
382.001000	-717.602000		
382.501000	-717.844000		
383.001000	-717.716000		
383.501000	-717.953000		
384.001000	-718.128000		
384.501000	-718.094000		
385.001000	-717.994000		
385.501000	-717.738000		
386.001000	-717.815000		
386.501000	-717.522000		
387.001000	-717.383000		
387.501000	-717.211000		
388.001000	-717.308000		
388.501000	-717.604000		
389.001000	-717.545000		
389.501000	-717.431000		
390.001000	-717.347000		
390.501000	-717.546000		
391.001000	-717.695000		
391.501000	-717.399000		
392.001000	-717.728000		
392.501000	-717.676000		
393.001000	-717.393000		
393.501000	-717.273000		
394.001000	-717.244000		
394.501000	-717.243000		
395.001000	-717.118000		
395.501000	-717.171000		
396.001000	-717.148000		
396.501000	-717.216000		
397.001000	-717.365000		
397.501000	-717.466000		
398.001000	-717.704000		
398.501000	-717.332000		
399.001000	-717.241000		
399.501000	-716.888000		
400.001000	-716.827000		
400.501000	-716.920000		
401.001000	-716.801000		
401.501000	-716.808000		
402.001000	-716.794000		
402.501000	-716.764000		
403.001000	-716.884000		
403.501000	-716.719000		
404.001000	-716.995000		
404.501000	-717.153000		
405.001000	-717.015000		
405.501000	-717.159000		
406.001000	-717.076000		
406.501000	-716.876000		
407.001000	-717.003000		
407.501000	-717.060000		
408.001000	-716.803000		
408.501000	-716.953000		
409.001000	-716.666000		
409.501000	-716.658000		
410.001000	-716.754000		
410.501000	-716.780000		
411.001000	-717.277000		
411.501000	-716.806000		
412.001000	-716.824000		
412.501000	-717.076000		
413.001000	-716.748000		
413.501000	-716.708000		
414.001000	-717.068000		
414.501000	-716.972000		
415.001000	-717.092000		
415.501000	-716.890000		
416.001000	-716.751000		
416.501000	-716.602000		
417.001000	-716.646000		
417.501000	-716.597000		
418.001000	-716.518000		
418.501000	-716.441000		
419.001000	-716.723000		
419.501000	-716.811000		
420.001000	-716.794000		
420.501000	-716.788000		
421.001000	-716.706000		
421.501000	-716.333000		
422.001000	-716.206000		
422.501000	-716.233000		
423.001000	-716.360000		
423.501000	-716.049000		
424.001000	-716.184000		
424.501000	-716.142000		
425.001000	-715.986000		
425.501000	-716.137000		
426.001000	-716.421000		
426.501000	-716.250000		
427.001000	-716.006000		
427.501000	-716.142000		
428.001000	-716.552000		
428.501000	-716.418000		
429.001000	-716.122000		
429.501000	-716.146000		
430.001000	-716.169000		
430.501000	-716.001000		
431.001000	-715.756000		
431.501000	-715.670000		
432.001000	-715.884000		
432.501000	-716.163000		
433.001000	-716.330000		
433.501000	-716.230000		
434.001000	-716.192000		
434.501000	-716.574000		
435.001000	-716.364000		
435.501000	-716.189000		
436.001000	-715.854000		
436.501000	-715.741000		
437.001000	-715.761000		
437.501000	-715.604000		
438.001000	-715.716000		
438.501000	-715.610000		
439.001000	-715.768000		
439.501000	-716.173000		
440.001000	-716.113000		
440.501000	-715.902000		
441.001000	-715.728000		
441.501000	-715.924000		
442.001000	-715.761000		
442.501000	-715.719000		
443.001000	-716.082000		
443.501000	-715.506000		
444.001000	-715.502000		
444.501000	-715.383000		
445.001000	-715.676000		
445.501000	-715.635000		
446.001000	-715.739000		
446.501000	-715.988000		
447.001000	-716.056000		
447.501000	-715.754000		
448.001000	-715.733000		
448.501000	-715.692000		
449.001000	-715.577000		
449.501000	-715.555000		
450.001000	-715.725000		
450.501000	-715.744000		
451.001000	-715.602000		
451.501000	-715.398000		
452.001000	-715.240000		
452.501000	-715.027000		
453.001000	-715.296000		
453.501000	-715.413000		
454.001000	-715.506000		
454.501000	-715.641000		
455.001000	-715.814000		
455.501000	-715.818000		
456.001000	-715.676000		
456.501000	-715.499000		
457.001000	-715.543000		
457.501000	-715.625000		
458.001000	-715.707000		
458.501000	-715.485000		
459.001000	-715.175000		
459.501000	-715.260000		
460.001000	-715.062000		
460.501000	-715.107000		
461.001000	-714.831000		
461.501000	-714.932000		
462.001000	-715.018000		
462.501000	-715.427000		
463.001000	-715.368000		
463.501000	-715.399000		
464.001000	-715.260000		
464.501000	-715.261000		
465.001000	-715.268000		
465.501000	-714.872000		
466.001000	-714.743000		
466.501000	-714.676000		
467.001000	-714.423000		
467.501000	-714.709000		
468.001000	-714.979000		
468.501000	-715.341000		
469.001000	-715.059000		
469.501000	-715.159000		
470.001000	-715.259000		
470.501000	-715.300000		
471.001000	-715.231000		
471.501000	-714.926000		
472.001000	-714.833000		
472.501000	-714.651000		
473.001000	-714.863000		
473.501000	-714.685000		
474.001000	-714.885000		
474.501000	-714.728000		
475.001000	-714.428000		
475.501000	-714.300000		
476.001000	-714.791000		
476.501000	-714.873000		
477.001000	-714.730000		
477.501000	-714.626000		
478.001000	-714.550000		
478.501000	-714.550000		
479.001000	-714.510000		
479.501000	-714.618000		
480.001000	-714.251000		
480.501000	-714.125000		
481.001000	-713.993000		
481.501000	-714.324000		
482.001000	-714.588000		
482.501000	-714.613000		
483.001000	-714.526000		
483.501000	-714.481000		
484.001000	-714.292000		
484.501000	-714.857000		
485.001000	-714.962000		
485.501000	-714.661000		
486.001000	-714.156000		
486.501000	-714.282000		
487.001000	-714.257000		
487.501000	-714.207000		
488.001000	-714.216000		
488.501000	-714.010000		
489.001000	-713.950000		
489.501000	-713.739000		
490.001000	-713.720000		
490.501000	-713.963000		
491.001000	-714.347000		
491.501000	-714.439000		
492.001000	-714.495000		
492.501000	-714.142000		
493.001000	-714.430000		
493.501000	-714.474000		
494.001000	-713.784000		
494.501000	-713.491000		
495.001000	-713.650000		
495.501000	-713.766000		
496.001000	-713.648000		
496.501000	-713.556000		
497.001000	-713.652000		
497.501000	-713.673000		
498.001000	-713.703000		
498.501000	-714.133000		
499.001000	-714.180000		
499.501000	-713.958000		
500.001000	-713.728000		
500.501000	-713.730000		
501.001000	-713.363000		
501.501000	-713.400000		
502.001000	-713.725000		
502.501000	-713.672000		
503.001000	-713.684000		
503.501000	-713.464000		
504.001000	-713.430000		
504.501000	-713.438000		
505.001000	-713.897000		
505.501000	-713.855000		
506.001000	-713.861000		
506.501000	-713.681000		
507.001000	-713.582000		
507.501000	-713.606000		
508.001000	-713.634000		
508.501000	-713.571000		
509.001000	-713.224000		
509.501000	-712.952000		
510.001000	-713.053000		
510.501000	-713.042000		
511.001000	-712.879000		
511.501000	-713.315000		
512.001000	-713.478000		
512.501000	-713.362000		
513.001000	-713.564000		
513.501000	-713.799000		
514.001000	-714.117000		
514.501000	-714.139000		
515.001000	-713.729000		
515.501000	-713.594000		
516.001000	-713.397000		
516.501000	-713.257000		
517.001000	-713.370000		
517.501000	-713.292000		
518.001000	-713.150000		
518.501000	-713.126000		
519.001000	-713.225000		
519.501000	-713.323000		
520.001000	-713.267000		
520.501000	-713.329000		
521.001000	-713.218000		
521.501000	-713.429000		
522.001000	-713.486000		
522.501000	-713.051000		
523.001000	-713.472000		
523.501000	-713.519000		
524.001000	-713.078000		
524.501000	-712.857000		
525.001000	-712.968000		
525.501000	-713.041000		
526.001000	-712.930000		
526.501000	-712.535000		
527.001000	-713.077000		
527.501000	-712.945000		
528.001000	-712.814000		
528.501000	-712.890000		
529.001000	-713.265000		
529.501000	-713.210000		
530.001000	-713.001000		
530.501000	-713.096000		
531.001000	-712.965000		
531.501000	-712.881000		
532.001000	-713.210000		
532.501000	-713.134000		
533.001000	-713.011000		
533.501000	-713.029000		
534.001000	-712.827000		
534.501000	-712.647000		
535.001000	-712.637000		
535.501000	-712.972000		
536.001000	-713.065000		
536.501000	-713.021000		
537.001000	-713.188000		
537.501000	-713.237000		
538.001000	-713.039000		
538.501000	-713.030000		
539.001000	-712.598000		
539.501000	-712.255000		
540.001000	-712.444000		
540.501000	-712.432000		
541.001000	-712.565000		
541.501000	-713.001000		
542.001000	-712.963000		
542.501000	-713.059000		
543.001000	-712.507000		
543.501000	-712.566000		
544.001000	-712.817000		
544.501000	-712.723000		
545.001000	-712.582000		
545.501000	-713.041000		
546.001000	-712.570000		
546.501000	-712.297000		
547.001000	-712.549000		
547.501000	-712.517000		
548.001000	-712.536000		
548.501000	-712.437000		
549.001000	-712.538000		
549.501000	-712.608000		
550.001000	-712.584000		
550.501000	-712.601000		
551.001000	-712.760000		
551.501000	-712.733000		
552.001000	-712.245000		
552.501000	-712.094000		
553.001000	-712.298000		
553.501000	-712.227000		
554.001000	-712.331000		
554.501000	-712.057000		
555.001000	-711.891000		
555.501000	-712.115000		
556.001000	-712.399000		
556.501000	-712.688000		
557.001000	-712.509000		
557.501000	-712.365000		
558.001000	-712.205000		
558.501000	-712.161000		
559.001000	-711.992000		
559.501000	-712.377000		
560.001000	-711.856000		
560.501000	-712.058000		
561.001000	-711.852000		
561.501000	-711.988000		
562.001000	-712.096000		
562.501000	-711.961000		
563.001000	-712.322000		
563.501000	-712.741000		
564.001000	-712.418000		
564.501000	-712.405000		
565.001000	-712.520000		
565.501000	-712.337000		
566.001000	-712.088000		
566.501000	-712.193000		
567.001000	-712.146000		
567.501000	-711.837000		
568.001000	-711.522000		
568.501000	-711.529000		
569.001000	-711.692000		
569.501000	-711.645000		
570.001000	-711.860000		
570.501000	-712.046000		
571.001000	-711.826000		
571.501000	-711.591000		
572.001000	-711.465000		
572.501000	-711.727000		
573.001000	-712.083000		
573.501000	-711.864000		
574.001000	-712.138000		
574.501000	-711.965000		
575.001000	-711.954000		
575.501000	-711.533000		
576.001000	-711.479000		
576.501000	-711.485000		
577.001000	-711.556000		
577.501000	-711.778000		
578.001000	-711.909000		
578.501000	-711.913000		
579.001000	-711.882000		
579.501000	-711.836000		
580.001000	-711.689000		
580.501000	-711.858000		
581.001000	-711.795000		
581.501000	-711.957000		
582.001000	-711.444000		
582.501000	-711.334000		
583.001000	-711.170000		
583.501000	-711.411000		
584.001000	-711.140000		
584.501000	-711.221000		
585.001000	-711.134000		
585.501000	-711.269000		
586.001000	-711.425000		
586.501000	-711.607000		
587.001000	-711.476000		
587.501000	-711.396000		
588.001000	-711.634000		
588.501000	-711.561000		
589.001000	-711.173000		
589.501000	-710.969000		
590.001000	-710.676000		
590.501000	-710.741000		
591.001000	-710.544000		
591.501000	-710.673000		
592.001000	-711.052000		
592.501000	-711.087000		
593.001000	-711.156000		
593.501000	-710.950000		
594.001000	-711.071000		
594.501000	-711.123000		
595.001000	-710.926000		
595.501000	-710.844000		
596.001000	-711.050000		
596.501000	-711.020000		
597.001000	-710.975000		
597.501000	-711.278000		
598.001000	-711.290000		
598.501000	-711.115000		
599.001000	-711.086000		
599.501000	-711.099000		
600.001000	-710.847000		
600.501000	-710.908000		
601.001000	-711.179000		
601.501000	-711.101000		
602.001000	-710.812000		
602.501000	-710.765000		
603.001000	-710.620000		
603.501000	-710.228000		
604.001000	-710.100000		
604.501000	-710.666000		
605.001000	-710.553000		
605.501000	-710.642000		
606.001000	-710.615000		
606.501000	-710.798000		
607.001000	-711.157000		
607.501000	-711.312000		
608.001000	-711.047000		
608.501000	-710.590000		
609.001000	-710.638000		
609.501000	-710.787000		
610.001000	-710.978000		
610.501000	-710.715000		
611.001000	-710.840000		
611.501000	-710.433000		
612.001000	-710.326000		
612.501000	-710.513000		
613.001000	-710.375000		
613.501000	-710.414000		
614.001000	-710.174000		
614.501000	-710.566000		
615.001000	-710.563000		
615.501000	-710.886000		
616.001000	-710.783000		
616.501000	-710.499000		
617.001000	-710.370000		
617.501000	-710.340000		
618.001000	-710.490000		
618.501000	-710.413000		
619.001000	-710.042000		
619.501000	-710.370000		
620.001000	-710.396000		
620.501000	-710.222000		
621.001000	-710.451000		
621.501000	-710.673000		
622.001000	-710.484000		
622.501000	-710.462000		
623.001000	-710.606000		
623.501000	-710.643000		
624.001000	-710.871000		
624.501000	-710.518000		
625.001000	-710.573000		
625.501000	-710.260000		
626.001000	-710.228000		
626.501000	-710.170000		
627.001000	-709.838000		
627.501000	-709.662000		
628.001000	-709.736000		
628.501000	-710.143000		
629.001000	-710.055000		
629.501000	-710.041000		
630.001000	-710.085000		
630.501000	-710.429000		
631.001000	-710.634000		
631.501000	-710.593000		
632.001000	-709.987000		
632.501000	-710.163000		
633.001000	-710.086000		
633.501000	-710.007000		
634.001000	-709.932000		
634.501000	-710.126000		
635.001000	-709.912000		
635.501000	-709.555000		
636.001000	-710.077000		
636.501000	-710.391000		
637.001000	-710.434000		
637.501000	-710.157000		
638.001000	-710.285000		
638.501000	-710.300000		
639.001000	-709.863000		
639.501000	-710.153000		
640.001000	-710.217000		
640.501000	-710.267000		
641.001000	-710.054000		
641.501000	-710.005000		
642.001000	-709.756000		
642.501000	-709.499000		
643.001000	-709.675000		
643.501000	-709.669000		
644.001000	-709.473000		
644.501000	-709.764000		
645.001000	-709.784000		
645.501000	-710.074000		
646.001000	-709.885000		
646.501000	-710.016000		
647.001000	-709.656000		
647.501000	-709.746000		
648.001000	-709.657000		
648.501000	-709.501000		
649.001000	-709.101000		
649.501000	-709.083000		
650.001000	-709.066000		
650.501000	-709.292000		
651.001000	-709.316000		
651.501000	-709.746000		
652.001000	-709.826000		
652.501000	-709.154000		
653.001000	-709.186000		
653.501000	-709.481000		
654.001000	-709.468000		
654.501000	-709.802000		
655.001000	-709.929000		
655.501000	-709.484000		
656.001000	-708.994000		
656.501000	-709.213000		
657.001000	-709.089000		
657.501000	-709.029000		
658.001000	-709.222000		
658.501000	-709.524000		
659.001000	-709.893000		
659.501000	-710.088000		
660.001000	-709.956000		
660.501000	-709.561000		
661.001000	-709.478000		
661.501000	-709.694000		
662.001000	-709.398000		
662.501000	-709.588000		
663.001000	-709.644000		
663.501000	-709.514000		
664.001000	-709.241000		
664.501000	-709.147000		
665.001000	-709.193000		
665.501000	-709.184000		
666.001000	-709.247000		
666.501000	-709.278000		
667.001000	-709.106000		
667.501000	-708.839000		
668.001000	-708.952000		
668.501000	-708.895000		
669.001000	-708.721000		
669.501000	-708.728000		
670.001000	-708.948000		
670.501000	-708.808000		
671.001000	-708.436000		
671.501000	-708.547000		
672.001000	-708.734000		
672.501000	-708.779000		
673.001000	-709.189000		
673.501000	-709.366000		
674.001000	-708.853000		
674.501000	-709.249000		
675.001000	-709.463000		
675.501000	-709.141000		
676.001000	-709.265000		
676.501000	-709.316000		
677.001000	-709.239000		
677.501000	-709.226000		
678.001000	-709.012000		
678.501000	-708.844000		
679.001000	-708.484000		
679.501000	-708.362000		
680.001000	-708.444000		
680.501000	-708.292000		
681.001000	-708.269000		
681.501000	-708.674000		
682.001000	-709.273000		
682.501000	-709.413000		
683.001000	-709.538000		
683.501000	-709.715000		
684.001000	-709.187000		
684.501000	-708.952000		
685.001000	-708.810000		
685.501000	-708.607000		
686.001000	-708.327000		
686.501000	-708.669000		
687.001000	-708.757000		
687.501000	-708.674000		
688.001000	-708.710000		
688.501000	-708.828000		
689.001000	-708.753000		
689.501000	-708.854000		
690.001000	-708.853000		
690.501000	-708.800000		
691.001000	-708.885000		
691.501000	-709.007000		
692.001000	-708.862000		
692.501000	-708.617000		
693.001000	-708.527000		
693.501000	-708.501000		
694.001000	-708.203000		
694.501000	-708.356000		
695.001000	-708.271000		
695.501000	-708.378000		
696.001000	-708.273000		
696.501000	-708.740000		
697.001000	-709.120000		
697.501000	-708.949000		
698.001000	-708.951000		
698.501000	-709.201000		
699.001000	-708.765000		
699.501000	-708.696000		
700.001000	-708.551000		
700.501000	-708.152000		
701.001000	-708.110000		
701.501000	-708.251000		
702.001000	-708.187000		
702.501000	-708.316000		
703.001000	-708.217000		
703.501000	-708.334000		
704.001000	-708.312000		
704.501000	-708.539000		
705.001000	-708.632000		
705.501000	-708.620000		
706.001000	-708.673000		
706.501000	-708.581000		
707.001000	-708.641000		
707.501000	-708.239000		
708.001000	-708.179000		
708.501000	-708.342000		
709.001000	-708.477000		
709.501000	-707.973000		
710.001000	-708.108000		
710.501000	-708.063000		
711.001000	-708.148000		
711.501000	-707.979000		
712.001000	-708.371000		
712.501000	-708.262000		
713.001000	-708.141000		
713.501000	-708.168000		
714.001000	-708.163000		
714.501000	-707.836000		
715.001000	-708.051000		
715.501000	-707.912000		
716.001000	-707.735000		
716.501000	-707.996000		
717.001000	-708.177000		
717.501000	-708.037000		
718.001000	-707.683000		
718.501000	-707.710000		
719.001000	-708.039000		
719.501000	-708.087000		
720.001000	-708.074000		
720.501000	-708.309000		
721.001000	-708.149000		
721.501000	-707.812000		
722.001000	-707.821000		
722.501000	-707.734000		
723.001000	-707.570000		
723.501000	-707.949000		
724.001000	-707.929000		
724.501000	-707.739000		
725.001000	-707.892000		
725.501000	-708.198000		
726.001000	-708.393000		
726.501000	-708.045000		
727.001000	-708.091000		
727.501000	-708.340000		
728.001000	-708.108000		
728.501000	-708.237000		
729.001000	-708.101000		
729.501000	-708.223000		
730.001000	-708.158000		
730.501000	-707.441000		
731.001000	-707.578000		
731.501000	-707.581000		
732.001000	-707.723000		
732.501000	-707.548000		
733.001000	-707.445000		
733.501000	-707.667000		
734.001000	-707.962000		
734.501000	-707.530000		
735.001000	-707.736000		
735.501000	-707.810000		
736.001000	-707.760000		
736.501000	-708.035000		
737.001000	-707.904000		
737.501000	-707.862000		
738.001000	-707.369000		
738.501000	-707.407000		
739.001000	-707.277000		
739.501000	-707.247000		
740.001000	-707.550000		
740.501000	-707.881000		
741.001000	-707.957000		
741.501000	-707.843000		
742.001000	-707.808000		
742.501000	-707.397000		
743.001000	-707.802000		
743.501000	-708.157000		
744.001000	-707.737000		
744.501000	-707.487000		
745.001000	-707.237000		
745.501000	-707.187000		
746.001000	-707.212000		
746.501000	-707.264000		
747.001000	-707.547000		
747.501000	-707.285000		
748.001000	-707.037000		
748.501000	-707.127000		
749.001000	-707.358000		
749.501000	-707.637000		
750.001000	-707.653000		
750.501000	-707.483000		
751.001000	-707.473000		
751.501000	-707.514000		
752.001000	-707.562000		
752.501000	-707.491000		
753.001000	-706.847000		
753.501000	-706.958000		
754.001000	-707.314000		
754.501000	-707.274000		
755.001000	-707.018000		
755.501000	-706.911000		
756.001000	-707.191000		
756.501000	-706.906000		
757.001000	-707.096000		
757.501000	-707.291000		
758.001000	-707.532000		
758.501000	-707.169000		
759.001000	-707.265000		
759.501000	-707.174000		
760.001000	-706.996000		
760.501000	-706.895000		
761.001000	-706.959000		
761.501000	-707.104000		
762.001000	-707.000000		
762.501000	-706.825000		
763.001000	-707.108000		
763.501000	-706.917000		
764.001000	-707.290000		
764.501000	-707.053000		
765.001000	-707.314000		
765.501000	-707.477000		
766.001000	-707.349000		
766.501000	-706.823000		
767.001000	-706.775000		
767.501000	-706.871000		
768.001000	-706.956000		
768.501000	-707.039000		
769.001000	-707.085000		
769.501000	-706.952000		
770.001000	-706.603000		
770.501000	-706.773000		
771.001000	-706.702000		
771.501000	-706.903000		
772.001000	-706.857000		
772.501000	-706.845000		
773.001000	-706.798000		
773.501000	-706.920000		
774.001000	-707.223000		
774.501000	-707.091000		
775.001000	-707.088000		
775.501000	-707.242000		
776.001000	-707.421000		
776.501000	-707.159000		
777.001000	-706.855000		
777.501000	-706.379000		
778.001000	-706.579000		
778.501000	-706.808000		
779.001000	-706.694000		
779.501000	-706.948000		
780.001000	-706.747000		
780.501000	-707.005000		
781.001000	-706.809000		
781.501000	-706.749000		
782.001000	-707.123000		
782.501000	-706.785000		
783.001000	-706.434000		
783.501000	-706.655000		
784.001000	-706.847000		
784.501000	-706.696000		
785.001000	-706.421000		
785.501000	-706.550000		
786.001000	-706.596000		
786.501000	-706.874000		
787.001000	-706.707000		
787.501000	-706.789000		
788.001000	-706.707000		
788.501000	-707.090000		
789.001000	-707.181000		
789.501000	-707.130000		
790.001000	-706.841000		
790.501000	-706.687000		
791.001000	-706.786000		
791.501000	-706.382000		
792.001000	-706.480000		
792.501000	-706.429000		
793.001000	-706.254000		
793.501000	-706.064000		
794.001000	-706.233000		
794.501000	-706.388000		
795.001000	-706.566000		
795.501000	-706.752000		
796.001000	-706.901000		
796.501000	-706.676000		
797.001000	-706.504000		
797.501000	-706.349000		
798.001000	-706.294000		
798.501000	-706.203000		
799.001000	-706.072000		
799.501000	-705.883000		
800.001000	-705.983000		
800.501000	-706.091000		
801.001000	-706.182000		
801.501000	-706.392000		
802.001000	-706.495000		
802.501000	-706.385000		
803.001000	-706.494000		
803.501000	-706.568000		
804.001000	-706.394000		
804.501000	-706.421000		
805.001000	-706.320000		
805.501000	-706.433000		
806.001000	-706.744000		
806.501000	-706.768000		
807.001000	-706.302000		
807.501000	-706.021000		
808.001000	-706.057000		
808.501000	-706.090000		
809.001000	-706.125000		
809.501000	-706.185000		
810.001000	-706.108000		
810.501000	-706.001000		
811.001000	-706.446000		
811.501000	-706.442000		
812.001000	-706.355000		
812.501000	-706.251000		
813.001000	-706.250000		
813.501000	-706.275000		
814.001000	-706.656000		
814.501000	-706.422000		
815.001000	-705.938000		
815.501000	-705.837000		
816.001000	-705.903000		
816.501000	-706.038000		
817.001000	-706.093000		
817.501000	-706.244000		
818.001000	-706.301000		
818.501000	-706.216000		
819.001000	-706.561000		
819.501000	-706.580000		
820.001000	-706.306000		
820.501000	-706.030000		
821.001000	-706.120000		
821.501000	-705.775000		
822.001000	-705.747000		
822.501000	-706.141000		
823.001000	-705.621000		
823.501000	-705.377000		
824.001000	-705.306000		
824.501000	-705.563000		
825.001000	-705.501000		
825.501000	-705.700000		
826.001000	-705.932000		
826.501000	-706.156000		
827.001000	-706.276000		
827.501000	-706.343000		
828.001000	-705.971000		
828.501000	-705.803000		
829.001000	-706.043000		
829.501000	-706.156000		
830.001000	-705.814000		
830.501000	-705.882000		
831.001000	-705.785000		
831.501000	-705.653000		
832.001000	-705.585000		
832.501000	-705.790000		
833.001000	-705.794000		
833.501000	-705.674000		
834.001000	-705.820000		
834.501000	-705.854000		
835.001000	-705.601000		
835.501000	-705.501000		
836.001000	-705.797000		
836.501000	-705.545000		
837.001000	-705.833000		
837.501000	-705.761000		
838.001000	-705.541000		
838.501000	-705.564000		
839.001000	-705.489000		
839.501000	-705.393000		
840.001000	-705.287000		
840.501000	-705.472000		
841.001000	-705.904000		
841.501000	-705.646000		
842.001000	-705.770000		
842.501000	-705.892000		
843.001000	-705.437000		
843.501000	-705.410000		
844.001000	-705.385000		
844.501000	-705.607000		
845.001000	-705.531000		
845.501000	-705.694000		
846.001000	-705.770000		
846.501000	-705.175000		
847.001000	-705.020000		
847.501000	-704.862000		
848.001000	-705.166000		
848.501000	-705.386000		
849.001000	-705.910000		
849.501000	-705.947000		
850.001000	-705.718000		
850.501000	-705.699000		
851.001000	-706.070000		
851.501000	-706.046000		
852.001000	-705.638000		
852.501000	-705.464000		
853.001000	-705.483000		
853.501000	-705.428000		
854.001000	-705.210000		
854.501000	-705.308000		
855.001000	-705.313000		
855.501000	-705.261000		
856.001000	-705.747000		
856.501000	-705.390000		
857.001000	-705.547000		
857.501000	-705.562000		
858.001000	-705.084000		
858.501000	-704.985000		
859.001000	-705.285000		
859.501000	-705.102000		
860.001000	-704.873000		
860.501000	-705.245000		
861.001000	-705.120000		
861.501000	-704.840000		
862.001000	-704.473000		
862.501000	-704.248000		
863.001000	-704.613000		
863.501000	-704.745000		
864.001000	-705.089000		
864.501000	-704.701000		
865.001000	-704.884000		
865.501000	-705.263000		
866.001000	-705.579000		
866.501000	-705.487000		
867.001000	-705.237000		
867.501000	-705.196000		
868.001000	-704.897000		
868.501000	-704.596000		
869.001000	-704.917000		
869.501000	-704.777000		
870.001000	-704.490000		
870.501000	-704.417000		
871.001000	-704.583000		
871.501000	-704.406000		
872.001000	-704.545000		
872.501000	-704.760000		
873.001000	-705.213000		
873.501000	-705.021000		
874.001000	-705.016000		
874.501000	-705.217000		
875.001000	-705.031000		
875.501000	-704.687000		
876.001000	-704.956000		
876.501000	-704.961000		
877.001000	-704.754000		
877.501000	-704.917000		
878.001000	-704.940000		
878.501000	-704.679000		
879.001000	-704.628000		
879.501000	-704.913000		
880.001000	-704.825000		
880.501000	-704.925000		
881.001000	-705.049000		
881.501000	-704.917000		
882.001000	-704.982000		
882.501000	-705.302000		
883.001000	-705.056000		
883.501000	-705.008000		
884.001000	-704.998000		
884.501000	-704.862000		
885.001000	-704.871000		
885.501000	-704.577000		
886.001000	-704.430000		
886.501000	-704.295000		
887.001000	-704.319000		
887.501000	-704.524000		
888.001000	-704.726000		
888.501000	-704.773000		
889.001000	-704.825000		
889.501000	-704.821000		
890.001000	-704.749000		
890.501000	-704.608000		
891.001000	-704.693000		
891.501000	-704.737000		
892.001000	-704.794000		
892.501000	-704.628000		
893.001000	-704.810000		
893.501000	-704.913000		
894.001000	-705.007000		
894.501000	-704.835000		
895.001000	-704.610000		
895.501000	-704.557000		
896.001000	-705.009000		
896.501000	-705.108000		
897.001000	-704.536000		
897.501000	-704.356000		
898.001000	-704.659000		
898.501000	-704.265000		
899.001000	-704.272000		
899.501000	-704.224000		
900.001000	-704.189000		
900.501000	-704.002000		
901.001000	-704.042000		
901.501000	-704.265000		
902.001000	-704.438000		
902.501000	-704.406000		
903.001000	-704.355000		
903.501000	-704.198000		
904.001000	-704.360000		
904.501000	-704.174000		
905.001000	-704.096000		
905.501000	-704.326000		
906.001000	-703.999000		
906.501000	-703.773000		
907.001000	-703.661000		
907.501000	-703.608000		
908.001000	-703.625000		
908.501000	-704.000000		
909.001000	-704.151000		
909.501000	-704.082000		
910.001000	-704.155000		
910.501000	-704.136000		
911.001000	-704.265000		
911.501000	-704.147000		
912.001000	-704.463000		
912.501000	-704.675000		
913.001000	-704.401000		
913.501000	-704.062000		
914.001000	-704.136000		
914.501000	-704.501000		
915.001000	-703.848000		
915.501000	-703.832000		
916.001000	-703.766000		
916.501000	-704.054000		
917.001000	-704.038000		
917.501000	-703.967000		
918.001000	-704.238000		
918.501000	-704.574000		
919.001000	-704.749000		
919.501000	-704.650000		
920.001000	-704.415000		
920.501000	-704.464000		
921.001000	-704.620000		
921.501000	-704.328000		
922.001000	-704.210000		
922.501000	-704.017000		
923.001000	-703.795000		
923.501000	-703.757000		
924.001000	-703.900000		
924.501000	-703.761000		
925.001000	-703.690000		
925.501000	-703.687000		
926.001000	-704.053000		
926.501000	-704.309000		
927.001000	-704.444000		
927.501000	-704.508000		
928.001000	-704.334000		
928.501000	-704.340000		
929.001000	-704.442000		
929.501000	-704.205000		
930.001000	-704.074000		
930.501000	-703.983000		
931.001000	-703.939000		
931.501000	-703.922000		
932.001000	-703.977000		
932.501000	-703.819000		
933.001000	-704.210000		
933.501000	-703.873000		
934.001000	-703.768000		
934.501000	-703.754000		
935.001000	-704.081000		
935.501000	-704.325000		
936.001000	-704.458000		
936.501000	-704.168000		
937.001000	-704.425000		
937.501000	-704.282000		
938.001000	-703.647000		
938.501000	-703.788000		
939.001000	-703.964000		
939.501000	-703.590000		
940.001000	-703.333000		
940.501000	-703.632000		
941.001000	-703.654000		
941.501000	-703.626000		
942.001000	-703.857000		
942.501000	-703.821000		
943.001000	-703.887000		
943.501000	-703.648000		
944.001000	-703.634000		
944.501000	-703.178000		
945.001000	-703.277000		
945.501000	-703.514000		
946.001000	-703.292000		
946.501000	-702.941000		
947.001000	-703.182000		
947.501000	-703.343000		
948.001000	-703.248000		
948.501000	-703.573000		
949.001000	-703.724000		
949.501000	-703.983000		
950.001000	-704.262000		
950.501000	-704.453000		
951.001000	-704.093000		
951.501000	-703.885000		
952.001000	-703.710000		
952.501000	-703.625000		
953.001000	-703.264000		
953.501000	-703.103000		
954.001000	-703.058000		
954.501000	-703.150000		
955.001000	-703.610000		
955.501000	-703.653000		
956.001000	-703.761000		
956.501000	-703.636000		
957.001000	-703.895000		
957.501000	-704.420000		
958.001000	-703.993000		
958.501000	-703.696000		
959.001000	-703.858000		
959.501000	-703.952000		
960.001000	-703.810000		
960.501000	-703.698000		
961.001000	-703.671000		
961.501000	-703.518000		
962.001000	-703.819000		
962.501000	-703.635000		
963.001000	-703.467000		
963.501000	-703.699000		
964.001000	-703.734000		
964.501000	-703.509000		
965.001000	-703.305000		
965.501000	-703.415000		
966.001000	-703.561000		
966.501000	-703.344000		
967.001000	-703.478000		
967.501000	-703.665000		
968.001000	-703.327000		
968.501000	-703.308000		
969.001000	-702.990000		
969.501000	-702.874000		
970.001000	-702.986000		
970.501000	-702.954000		
971.001000	-703.071000		
971.501000	-703.549000		
972.001000	-703.494000		
972.501000	-703.425000		
973.001000	-703.300000		
973.501000	-703.586000		
974.001000	-703.531000		
974.501000	-703.478000		
975.001000	-703.237000		
975.501000	-703.399000		
976.001000	-703.642000		
976.501000	-703.249000		
977.001000	-703.318000		
977.501000	-703.026000		
978.001000	-702.933000		
978.501000	-703.049000		
979.001000	-702.621000		
979.501000	-702.528000		
980.001000	-702.806000		
980.501000	-702.681000		
981.001000	-702.771000		
981.501000	-703.228000		
982.001000	-703.208000		
982.501000	-703.391000		
983.001000	-703.169000		
983.501000	-703.081000		
984.001000	-703.107000		
984.501000	-703.092000		
985.001000	-703.106000		
985.501000	-703.000000		
986.001000	-702.903000		
986.501000	-703.020000		
987.001000	-703.524000		
987.501000	-703.865000		
988.001000	-703.578000		
988.501000	-703.385000		
989.001000	-703.182000		
989.501000	-703.239000		
990.001000	-703.347000		
990.501000	-703.308000		
991.001000	-703.272000		
991.501000	-703.111000		
992.001000	-702.913000		
992.501000	-702.855000		
993.001000	-702.824000		
993.501000	-702.822000		
994.001000	-702.923000		
994.501000	-703.135000		
995.001000	-703.350000		
995.501000	-703.172000		
996.001000	-703.019000		
996.501000	-702.867000		
997.001000	-702.968000		
997.501000	-703.042000		
998.001000	-702.774000		
998.501000	-702.697000		
999.001000	-703.004000		
999.501000	-702.922000		
1000.001000	-702.724000		
1000.501000	-703.118000		
1001.001000	-702.989000		
1001.501000	-702.502000		
1002.001000	-702.335000		
1002.501000	-702.536000		
1003.001000	-702.780000		
1003.501000	-702.936000		
1004.001000	-702.866000		
1004.501000	-702.928000		
1005.001000	-702.914000		
1005.501000	-702.854000		
1006.001000	-702.847000		
1006.501000	-702.570000		
1007.001000	-702.855000		
1007.501000	-702.969000		
1008.001000	-702.700000		
1008.501000	-702.282000		
1009.001000	-702.608000		
1009.501000	-702.570000		
1010.001000	-702.672000		
1010.501000	-703.006000		
1011.001000	-703.134000		
1011.501000	-702.862000		
1012.001000	-703.194000		
1012.501000	-703.193000		
1013.001000	-702.761000		
1013.501000	-702.693000		
1014.001000	-703.047000		
1014.501000	-702.796000		
1015.001000	-702.595000		
1015.501000	-702.716000		
1016.001000	-702.761000		
1016.501000	-702.473000		
1017.001000	-702.501000		
1017.501000	-702.348000		
1018.001000	-702.141000		
1018.501000	-702.481000		
1019.001000	-702.687000		
1019.501000	-702.903000		
1020.001000	-702.867000		
1020.501000	-702.952000		
1021.001000	-702.687000		
1021.501000	-702.438000		
1022.001000	-702.518000		
1022.501000	-702.724000		
1023.001000	-702.621000		
1023.501000	-702.475000		
1024.001000	-702.361000		
1024.501000	-702.250000		
1025.001000	-702.191000		
1025.501000	-702.647000		
1026.001000	-702.518000		
1026.501000	-702.463000		
1027.001000	-702.507000		
1027.501000	-702.517000		
1028.001000	-702.616000		
1028.501000	-702.809000		
1029.001000	-702.814000		
1029.501000	-702.695000		
1030.001000	-702.287000		
1030.501000	-702.022000		
1031.001000	-702.249000		
1031.501000	-702.239000		
1032.001000	-702.138000		
1032.501000	-701.938000		
1033.001000	-701.878000		
1033.501000	-701.934000		
1034.001000	-701.874000		
1034.501000	-701.890000		
1035.001000	-702.058000		
1035.501000	-702.079000		
1036.001000	-702.229000		
1036.501000	-702.411000		
1037.001000	-702.669000		
1037.501000	-702.294000		
1038.001000	-702.077000		
1038.501000	-702.096000		
1039.001000	-701.868000		
1039.501000	-701.686000		
1040.001000	-701.756000		
1040.501000	-701.874000		
1041.001000	-702.115000		
1041.501000	-701.666000		
1042.001000	-702.068000		
1042.501000	-702.179000		
1043.001000	-702.304000		
1043.501000	-702.413000		
1044.001000	-702.431000		
1044.501000	-702.551000		
1045.001000	-702.095000		
1045.501000	-702.144000		
1046.001000	-702.008000		
1046.501000	-701.894000		
1047.001000	-702.056000		
1047.501000	-702.050000		
1048.001000	-702.013000		
1048.501000	-701.966000		
1049.001000	-701.931000		
1049.501000	-701.867000		
1050.001000	-701.985000		
1050.501000	-702.149000		
1051.001000	-702.276000		
1051.501000	-702.272000		
1052.001000	-702.195000		
1052.501000	-702.208000		
1053.001000	-701.963000		
1053.501000	-702.173000		
1054.001000	-702.220000		
1054.501000	-701.621000		
1055.001000	-701.551000		
1055.501000	-701.691000		
1056.001000	-701.662000		
1056.501000	-701.502000		
1057.001000	-702.000000		
1057.501000	-701.715000		
1058.001000	-701.642000		
1058.501000	-701.662000		
1059.001000	-701.881000		
1059.501000	-701.706000		
1060.001000	-701.829000		
1060.501000	-702.073000		
1061.001000	-701.819000		
1061.501000	-701.678000		
1062.001000	-701.698000		
1062.501000	-701.721000		
1063.001000	-701.607000		
1063.501000	-701.487000		
1064.001000	-701.539000		
1064.501000	-701.509000		
1065.001000	-701.617000		
1065.501000	-701.636000		
1066.001000	-701.983000		
1066.501000	-702.186000		
1067.001000	-702.152000		
1067.501000	-702.162000		
1068.001000	-702.212000		
1068.501000	-702.195000		
1069.001000	-701.892000		
1069.501000	-701.562000		
1070.001000	-701.787000		
1070.501000	-701.943000		
1071.001000	-701.700000		
1071.501000	-701.317000		
1072.001000	-701.153000		
1072.501000	-701.236000		
1073.001000	-701.262000		
1073.501000	-701.449000		
1074.001000	-701.303000		
1074.501000	-701.626000		
1075.001000	-701.772000		
1075.501000	-701.763000		
1076.001000	-701.760000		
1076.501000	-701.309000		
1077.001000	-701.529000		
1077.501000	-701.420000		
1078.001000	-701.513000		
1078.501000	-701.412000		
1079.001000	-701.288000		
1079.501000	-701.020000		
1080.001000	-701.365000		
1080.501000	-701.527000		
1081.001000	-701.465000		
1081.501000	-701.487000		
1082.001000	-701.728000		
1082.501000	-702.135000		
1083.001000	-701.906000		
1083.501000	-701.649000		
1084.001000	-701.586000		
1084.501000	-701.343000		
1085.001000	-701.446000		
1085.501000	-701.277000		
1086.001000	-701.417000		
1086.501000	-701.486000		
1087.001000	-701.496000		
1087.501000	-701.944000		
1088.001000	-701.771000		
1088.501000	-701.333000		
1089.001000	-701.522000		
1089.501000	-701.651000		
1090.001000	-701.590000		
1090.501000	-701.830000		
1091.001000	-701.604000		
1091.501000	-701.538000		
1092.001000	-701.884000		
1092.501000	-701.806000		
1093.001000	-701.507000		
1093.501000	-701.262000		
1094.001000	-700.964000		
1094.501000	-700.841000		
1095.001000	-700.961000		
1095.501000	-700.681000		
1096.001000	-701.084000		
1096.501000	-701.180000		
1097.001000	-701.270000		
1097.501000	-701.475000		
1098.001000	-701.419000		
1098.501000	-701.476000		
1099.001000	-701.377000		
1099.501000	-701.636000		
1100.001000	-701.761000		
1100.501000	-701.525000		
1101.001000	-701.292000		
1101.501000	-700.935000		
1102.001000	-701.014000		
1102.501000	-700.888000		
1103.001000	-701.343000		
1103.501000	-701.569000		
1104.001000	-701.201000		
1104.501000	-701.177000		
1105.001000	-701.447000		
1105.501000	-701.452000		
1106.001000	-701.793000		
1106.501000	-701.659000		
1107.001000	-701.558000		
1107.501000	-701.458000		
1108.001000	-701.399000		
1108.501000	-701.496000		
1109.001000	-701.121000		
1109.501000	-700.863000		
1110.001000	-701.155000		
1110.501000	-701.319000		
1111.001000	-701.123000		
1111.501000	-700.941000		
1112.001000	-701.184000		
1112.501000	-701.662000		
1113.001000	-701.258000		
1113.501000	-701.448000		
1114.001000	-701.508000		
1114.501000	-701.137000		
1115.001000	-701.329000		
1115.501000	-701.273000		
1116.001000	-701.047000		
1116.501000	-700.915000		
1117.001000	-700.892000		
1117.501000	-700.691000		
1118.001000	-700.583000		
1118.501000	-700.662000		
1119.001000	-700.820000		
1119.501000	-700.590000		
1120.001000	-700.851000		
1120.501000	-700.556000		
1121.001000	-700.674000		
1121.501000	-700.924000		
1122.001000	-700.922000		
1122.501000	-700.787000		
1123.001000	-700.865000		
1123.501000	-701.228000		
1124.001000	-701.164000		
1124.501000	-700.917000		
1125.001000	-700.579000		
1125.501000	-700.553000		
1126.001000	-700.613000		
1126.501000	-700.870000		
1127.001000	-700.858000		
1127.501000	-700.944000		
1128.001000	-701.218000		
1128.501000	-701.288000		
1129.001000	-701.273000		
1129.501000	-701.335000		
1130.001000	-701.368000		
1130.501000	-701.151000		
1131.001000	-700.927000		
1131.501000	-700.917000		
1132.001000	-701.326000		
1132.501000	-701.132000		
1133.001000	-700.812000		
1133.501000	-700.734000		
1134.001000	-700.302000		
1134.501000	-700.338000		
1135.001000	-700.481000		
1135.501000	-700.490000		
1136.001000	-700.881000		
1136.501000	-700.834000		
1137.001000	-700.867000		
1137.501000	-700.548000		
1138.001000	-700.693000		
1138.501000	-700.751000		
1139.001000	-700.634000		
1139.501000	-700.792000		
1140.001000	-700.788000		
1140.501000	-700.612000		
1141.001000	-700.435000		
1141.501000	-700.465000		
1142.001000	-700.488000		
1142.501000	-700.498000		
1143.001000	-700.468000		
1143.501000	-700.954000		
1144.001000	-701.038000		
1144.501000	-700.806000		
1145.001000	-700.691000		
1145.501000	-700.972000		
1146.001000	-700.826000		
1146.501000	-700.929000		
1147.001000	-700.644000		
1147.501000	-700.992000		
1148.001000	-700.771000		
1148.501000	-700.523000		
1149.001000	-700.501000		
1149.501000	-700.543000		
1150.001000	-700.690000		
1150.501000	-700.386000		
1151.001000	-700.710000		
1151.501000	-700.692000		
1152.001000	-700.748000		
1152.501000	-701.173000		
1153.001000	-701.434000		
1153.501000	-701.214000		
1154.001000	-701.036000		
1154.501000	-700.849000		
1155.001000	-700.684000		
1155.501000	-700.112000		
1156.001000	-700.007000		
1156.501000	-700.267000		
1157.001000	-700.315000		
1157.501000	-700.249000		
1158.001000	-700.529000		
1158.501000	-700.388000		
1159.001000	-700.235000		
1159.501000	-700.195000		
1160.001000	-700.473000		
1160.501000	-700.540000		
1161.001000	-700.562000		
1161.501000	-700.531000		
1162.001000	-700.612000		
1162.501000	-700.773000		
1163.001000	-700.707000		
1163.501000	-700.506000		
1164.001000	-700.832000		
1164.501000	-700.840000		
1165.001000	-700.837000		
1165.501000	-700.451000		
1166.001000	-700.444000		
1166.501000	-701.094000		
1167.001000	-700.901000		
1167.501000	-700.777000		
1168.001000	-700.761000		
1168.501000	-700.535000		
1169.001000	-700.744000		
1169.501000	-700.942000		
1170.001000	-700.712000		
1170.501000	-700.574000		
1171.001000	-700.621000		
1171.501000	-700.361000		
1172.001000	-699.968000		
1172.501000	-700.073000		
1173.001000	-700.201000		
1173.501000	-700.514000		
1174.001000	-700.429000		
1174.501000	-700.149000		
1175.001000	-700.403000		
1175.501000	-700.352000		
1176.001000	-700.193000		
1176.501000	-700.505000		
1177.001000	-700.294000		
1177.501000	-700.386000		
1178.001000	-700.479000		
1178.501000	-700.136000		
1179.001000	-699.876000		
1179.501000	-700.058000		
1180.001000	-699.706000		
1180.501000	-699.555000		
1181.001000	-699.628000		
1181.501000	-699.535000		
1182.001000	-699.649000		
1182.501000	-699.864000		
1183.001000	-700.117000		
1183.501000	-700.186000		
1184.001000	-700.157000		
1184.501000	-700.130000		
1185.001000	-700.541000		
1185.501000	-700.305000		
1186.001000	-700.679000		
1186.501000	-700.596000		
1187.001000	-700.538000		
1187.501000	-700.355000		
1188.001000	-700.083000		
1188.501000	-699.935000		
1189.001000	-699.653000		
1189.501000	-699.886000		
1190.001000	-699.982000		
1190.501000	-700.504000		
1191.001000	-700.220000		
1191.501000	-700.290000		
1192.001000	-700.531000		
1192.501000	-700.514000		
1193.001000	-700.430000		
1193.501000	-699.762000		
1194.001000	-699.777000		
1194.501000	-700.043000		
1195.001000	-699.776000		
1195.501000	-699.636000		
1196.001000	-699.586000		
1196.501000	-699.653000		
1197.001000	-699.623000		
1197.501000	-699.839000		
1198.001000	-699.848000		
1198.501000	-699.876000		
1199.001000	-700.080000		
1199.501000	-699.807000		
1200.001000	-699.776000		
1200.501000	-700.107000		
1201.001000	-700.324000		
1201.501000	-700.251000		
1202.001000	-700.225000		
1202.501000	-700.155000		
1203.001000	-700.169000		
1203.501000	-699.949000		
1204.001000	-699.727000		
1204.501000	-700.074000		
1205.001000	-700.380000		
1205.501000	-700.255000		
1206.001000	-700.045000		
1206.501000	-700.155000		
1207.001000	-699.995000		
1207.501000	-700.040000		
1208.001000	-700.005000		
1208.501000	-700.164000		
1209.001000	-700.221000		
1209.501000	-700.286000		
1210.001000	-699.964000		
1210.501000	-699.979000		
1211.001000	-699.551000		
1211.501000	-699.178000		
1212.001000	-699.254000		
1212.501000	-699.145000		
1213.001000	-699.507000		
1213.501000	-699.557000		
1214.001000	-699.522000		
1214.501000	-699.865000		
1215.001000	-699.761000		
1215.501000	-699.999000		
1216.001000	-699.870000		
1216.501000	-699.605000		
1217.001000	-699.847000		
1217.501000	-700.139000		
1218.001000	-699.679000		
1218.501000	-699.730000		
1219.001000	-699.566000		
1219.501000	-699.347000		
1220.001000	-699.404000		
1220.501000	-699.410000		
1221.001000	-699.716000		
1221.501000	-699.334000		
1222.001000	-699.543000		
1222.501000	-699.857000		
1223.001000	-699.591000		
1223.501000	-699.579000		
1224.001000	-699.873000		
1224.501000	-699.890000		
1225.001000	-699.738000		
1225.501000	-699.865000		
1226.001000	-700.035000		
1226.501000	-699.609000		
1227.001000	-699.433000		
1227.501000	-699.185000		
1228.001000	-699.178000		
1228.501000	-699.512000		
1229.001000	-699.791000		
1229.501000	-700.089000		
1230.001000	-700.137000		
1230.501000	-699.832000		
1231.001000	-699.618000		
1231.501000	-699.340000		
1232.001000	-699.758000		
1232.501000	-699.815000		
1233.001000	-699.787000		
1233.501000	-699.539000		
1234.001000	-699.653000		
1234.501000	-699.780000		
1235.001000	-699.374000		
1235.501000	-699.478000		
1236.001000	-699.376000		
1236.501000	-699.341000		
1237.001000	-699.521000		
1237.501000	-699.471000		
1238.001000	-699.627000		
1238.501000	-699.681000		
1239.001000	-699.641000		
1239.501000	-699.654000		
1240.001000	-699.811000		
1240.501000	-699.652000		
1241.001000	-699.571000		
1241.501000	-699.773000		
1242.001000	-699.783000		
1242.501000	-699.377000		
1243.001000	-698.883000		
1243.501000	-699.347000		
1244.001000	-699.375000		
1244.501000	-699.500000		
1245.001000	-699.540000		
1245.501000	-699.141000		
1246.001000	-699.060000		
1246.501000	-699.428000		
1247.001000	-699.302000		
1247.501000	-699.109000		
1248.001000	-699.151000		
1248.501000	-699.449000		
1249.001000	-699.152000		
1249.501000	-698.785000		
1250.001000	-698.856000		
1250.501000	-699.144000		
1251.001000	-698.916000		
1251.501000	-699.080000		
1252.001000	-699.366000		
1252.501000	-699.308000		
1253.001000	-699.326000		
1253.501000	-699.555000		
1254.001000	-699.522000		
1254.501000	-699.617000		
1255.001000	-699.522000		
1255.501000	-699.422000		
1256.001000	-699.175000		
1256.501000	-699.193000		
1257.001000	-699.360000		
1257.501000	-699.126000		
1258.001000	-699.197000		
1258.501000	-698.954000		
1259.001000	-698.992000		
1259.501000	-698.972000		
1260.001000	-699.212000		
1260.501000	-699.383000		
1261.001000	-699.457000		
1261.501000	-699.436000		
1262.001000	-699.571000		
1262.501000	-699.218000		
1263.001000	-699.334000		
1263.501000	-699.396000		
1264.001000	-699.187000		
1264.501000	-698.725000		
1265.001000	-699.211000		
1265.501000	-699.151000		
1266.001000	-698.982000		
1266.501000	-699.020000		
1267.001000	-698.830000		
1267.501000	-699.148000		
1268.001000	-699.368000		
1268.501000	-699.722000		
1269.001000	-699.711000		
1269.501000	-699.582000		
1270.001000	-699.787000		
1270.501000	-699.556000		
1271.001000	-699.560000		
1271.501000	-699.385000		
1272.001000	-699.198000		
1272.501000	-699.271000		
1273.001000	-699.286000		
1273.501000	-699.388000		
1274.001000	-699.199000		
1274.501000	-698.958000		
1275.001000	-699.113000		
1275.501000	-699.351000		
1276.001000	-698.950000		
1276.501000	-699.400000		
1277.001000	-699.491000		
1277.501000	-699.315000		
1278.001000	-699.036000		
1278.501000	-699.053000		
1279.001000	-698.984000		
1279.501000	-699.005000		
1280.001000	-699.232000		
1280.501000	-699.300000		
1281.001000	-699.193000		
1281.501000	-699.129000		
1282.001000	-698.770000		
1282.501000	-698.774000		
1283.001000	-699.030000		
1283.501000	-698.774000		
1284.001000	-698.745000		
1284.501000	-698.697000		
1285.001000	-699.195000		
1285.501000	-699.227000		
1286.001000	-699.224000		
1286.501000	-699.123000		
1287.001000	-699.239000		
1287.501000	-698.979000		
1288.001000	-699.268000		
1288.501000	-699.437000		
1289.001000	-699.209000		
1289.501000	-699.360000		
1290.001000	-699.259000		
1290.501000	-698.986000		
1291.001000	-698.819000		
1291.501000	-698.945000		
1292.001000	-699.426000		
1292.501000	-699.026000		
1293.001000	-699.268000		
1293.501000	-699.534000		
1294.001000	-699.339000		
1294.501000	-699.139000		
1295.001000	-699.406000		
1295.501000	-699.076000		
1296.001000	-698.954000		
1296.501000	-699.302000		
1297.001000	-699.081000		
1297.501000	-699.076000		
1298.001000	-698.935000		
1298.501000	-698.887000		
1299.001000	-698.953000		
1299.501000	-699.077000		
1300.001000	-699.416000		
1300.501000	-699.265000		
1301.001000	-699.405000		
1301.501000	-699.303000		
1302.001000	-699.104000		
1302.501000	-699.173000		
1303.001000	-699.211000		
1303.501000	-699.090000		
1304.001000	-698.708000		
1304.501000	-698.639000		
1305.001000	-698.666000		
1305.501000	-698.561000		
1306.001000	-698.508000		
1306.501000	-698.438000		
1307.001000	-698.502000		
1307.501000	-698.647000		
1308.001000	-699.026000		
1308.501000	-698.922000		
1309.001000	-699.008000		
1309.501000	-698.956000		
1310.001000	-698.887000		
1310.501000	-698.628000		
1311.001000	-698.777000		
1311.501000	-699.177000		
1312.001000	-698.832000		
1312.501000	-698.915000		
1313.001000	-699.009000		
1313.501000	-698.935000		
1314.001000	-698.409000		
1314.501000	-698.326000		
1315.001000	-698.383000		
1315.501000	-698.742000		
1316.001000	-698.619000		
1316.501000	-698.957000		
1317.001000	-698.739000		
1317.501000	-698.518000		
1318.001000	-698.543000		
1318.501000	-698.312000		
1319.001000	-698.214000		
1319.501000	-698.470000		
1320.001000	-698.714000		
1320.501000	-698.388000		
1321.001000	-698.024000		
1321.501000	-698.249000		
1322.001000	-698.317000		
1322.501000	-697.869000		
1323.001000	-698.462000		
1323.501000	-698.280000		
1324.001000	-698.348000		
1324.501000	-698.780000		
1325.001000	-698.741000		
1325.501000	-698.418000		
1326.001000	-698.532000		
1326.501000	-698.566000		
1327.001000	-698.557000		
1327.501000	-698.272000		
1328.001000	-698.109000		
1328.501000	-698.111000		
1329.001000	-698.231000		
1329.501000	-698.354000		
1330.001000	-698.489000		
1330.501000	-698.312000		
1331.001000	-698.341000		
1331.501000	-698.336000		
1332.001000	-698.287000		
1332.501000	-698.675000		
1333.001000	-698.707000		
1333.501000	-698.167000		
1334.001000	-698.265000		
1334.501000	-698.739000		
1335.001000	-698.633000		
1335.501000	-698.501000		
1336.001000	-698.309000		
1336.501000	-698.576000		
1337.001000	-698.681000		
1337.501000	-698.661000		
1338.001000	-698.692000		
1338.501000	-698.683000		
1339.001000	-698.346000		
1339.501000	-698.258000		
1340.001000	-698.389000		
1340.501000	-698.706000		
1341.001000	-698.822000		
1341.501000	-699.023000		
1342.001000	-698.849000		
1342.501000	-698.644000		
1343.001000	-698.529000		
1343.501000	-698.601000		
1344.001000	-698.402000		
1344.501000	-698.391000		
1345.001000	-698.045000		
1345.501000	-697.990000		
1346.001000	-697.723000		
1346.501000	-697.857000		
1347.001000	-697.913000		
1347.501000	-698.546000		
1348.001000	-698.776000		
1348.501000	-698.138000		
1349.001000	-697.948000		
1349.501000	-698.453000		
1350.001000	-698.423000		
1350.501000	-698.025000		
1351.001000	-697.986000		
1351.501000	-697.948000		
1352.001000	-697.998000		
1352.501000	-697.745000		
1353.001000	-697.573000		
1353.501000	-697.850000		
1354.001000	-698.067000		
1354.501000	-697.819000		
1355.001000	-698.032000		
1355.501000	-698.396000		
1356.001000	-698.412000		
1356.501000	-698.478000		
1357.001000	-698.285000		
1357.501000	-698.588000		
1358.001000	-698.737000		
1358.501000	-698.675000		
1359.001000	-698.095000		
1359.501000	-697.951000		
1360.001000	-697.786000		
1360.501000	-697.890000		
1361.001000	-698.024000		
1361.501000	-697.821000		
1362.001000	-697.720000		
1362.501000	-698.068000		
1363.001000	-698.152000		
1363.501000	-698.477000		
1364.001000	-698.603000		
1364.501000	-698.419000		
1365.001000	-698.200000		
1365.501000	-698.348000		
1366.001000	-698.362000		
1366.501000	-698.231000		
1367.001000	-698.134000		
1367.501000	-698.230000		
1368.001000	-698.173000		
1368.501000	-697.722000		
1369.001000	-697.592000		
1369.501000	-697.580000		
1370.001000	-697.492000		
1370.501000	-697.781000		
1371.001000	-697.943000		
1371.501000	-697.693000		
1372.001000	-698.442000		
1372.501000	-698.702000		
1373.001000	-698.392000		
1373.501000	-698.067000		
1374.001000	-698.126000		
1374.501000	-698.203000		
1375.001000	-698.087000		
1375.501000	-698.008000		
1376.001000	-698.233000		
1376.501000	-698.128000		
1377.001000	-698.152000		
1377.501000	-698.046000		
1378.001000	-698.111000		
1378.501000	-698.411000		
1379.001000	-698.340000		
1379.501000	-698.318000		
1380.001000	-698.498000		
1380.501000	-698.646000		
1381.001000	-698.613000		
1381.501000	-698.410000		
1382.001000	-698.189000		
1382.501000	-698.284000		
1383.001000	-698.214000		
1383.501000	-697.988000		
1384.001000	-698.073000		
1384.501000	-698.166000		
1385.001000	-698.152000		
1385.501000	-697.925000		
1386.001000	-697.930000		
1386.501000	-698.175000		
1387.001000	-698.129000		
1387.501000	-698.123000		
1388.001000	-697.719000		
1388.501000	-698.032000		
1389.001000	-698.309000		
1389.501000	-698.485000		
1390.001000	-698.493000		
1390.501000	-698.032000		
1391.001000	-697.921000		
1391.501000	-697.865000		
1392.001000	-697.804000		
1392.501000	-697.803000		
1393.001000	-697.692000		
1393.501000	-697.572000		
1394.001000	-697.472000		
1394.501000	-697.559000		
1395.001000	-697.996000		
1395.501000	-698.204000		
1396.001000	-698.185000		
1396.501000	-697.809000		
1397.001000	-697.896000		
1397.501000	-697.966000		
1398.001000	-697.845000		
1398.501000	-697.442000		
1399.001000	-697.676000		
1399.501000	-697.865000		
1400.001000	-697.633000		
1400.501000	-697.690000		
1401.001000	-697.641000		
1401.501000	-697.832000		
1402.001000	-697.534000		
1402.501000	-697.595000		
1403.001000	-697.703000		
1403.501000	-697.641000		
1404.001000	-697.707000		
1404.501000	-697.543000		
1405.001000	-697.536000		
1405.501000	-697.537000		
1406.001000	-697.678000		
1406.501000	-697.881000		
1407.001000	-697.608000		
1407.501000	-697.606000		
1408.001000	-697.257000		
1408.501000	-697.269000		
1409.001000	-697.574000		
1409.501000	-697.749000		
1410.001000	-697.542000		
1410.501000	-697.741000		
1411.001000	-698.017000		
1411.501000	-697.874000		
1412.001000	-697.812000		
1412.501000	-698.122000		
1413.001000	-698.119000		
1413.501000	-698.251000		
1414.001000	-697.909000		
1414.501000	-697.390000		
1415.001000	-697.655000		
1415.501000	-697.463000		
1416.001000	-697.453000		
1416.501000	-697.684000		
1417.001000	-697.538000		
1417.501000	-697.756000		
1418.001000	-697.951000		
1418.501000	-697.833000		
1419.001000	-697.764000		
1419.501000	-697.967000		
1420.001000	-698.172000		
1420.501000	-698.069000		
1421.001000	-697.869000		
1421.501000	-697.818000		
1422.001000	-697.935000		
1422.501000	-697.676000		
1423.001000	-697.603000		
1423.501000	-697.841000		
1424.001000	-697.958000		
1424.501000	-697.566000		
1425.001000	-697.521000		
1425.501000	-697.609000		
1426.001000	-697.851000		
1426.501000	-697.705000		
1427.001000	-697.925000		
1427.501000	-697.620000		
1428.001000	-697.500000		
1428.501000	-697.407000		
1429.001000	-697.593000		
1429.501000	-697.634000		
1430.001000	-697.860000		
1430.501000	-697.807000		
1431.001000	-697.444000		
1431.501000	-697.481000		
1432.001000	-697.192000		
1432.501000	-697.343000		
1433.001000	-697.036000		
1433.501000	-697.284000		
1434.001000	-697.608000		
1434.501000	-697.452000		
1435.001000	-697.226000		
1435.501000	-697.495000		
1436.001000	-697.746000		
1436.501000	-697.759000		
1437.001000	-697.599000		
1437.501000	-697.720000		
1438.001000	-697.409000		
1438.501000	-697.231000		
1439.001000	-697.477000		
1439.501000	-697.644000		
1440.001000	-697.439000		
1440.501000	-697.369000		
1441.001000	-697.199000		
1441.501000	-697.136000		
1442.001000	-697.386000		
1442.501000	-697.442000		
1443.001000	-697.256000		
1443.501000	-697.276000		
1444.001000	-697.484000		
1444.501000	-697.595000		
1445.001000	-697.570000		
1445.501000	-697.545000		
1446.001000	-697.112000		
1446.501000	-697.301000		
1447.001000	-697.706000		
1447.501000	-697.431000		
1448.001000	-697.316000		
1448.501000	-696.958000		
1449.001000	-697.020000		
1449.501000	-696.971000		
1450.001000	-697.303000		
1450.501000	-697.336000		
1451.001000	-697.262000		
1451.501000	-697.173000		
1452.001000	-697.446000		
1452.501000	-697.333000		
1453.001000	-697.302000		
1453.501000	-697.482000		
1454.001000	-697.250000		
1454.501000	-697.003000		
1455.001000	-697.034000		
1455.501000	-696.842000		
1456.001000	-696.765000		
1456.501000	-697.031000		
1457.001000	-697.305000		
1457.501000	-697.531000		
1458.001000	-697.234000		
1458.501000	-697.449000		
1459.001000	-697.234000		
1459.501000	-697.496000		
1460.001000	-697.890000		
1460.501000	-697.838000		
1461.001000	-697.222000		
1461.501000	-697.034000		
1462.001000	-697.089000		
1462.501000	-696.903000		
1463.001000	-696.922000		
1463.501000	-696.986000		
1464.001000	-697.055000		
1464.501000	-697.181000		
1465.001000	-697.205000		
1465.501000	-697.543000		
1466.001000	-697.085000		
1466.501000	-697.259000		
1467.001000	-697.547000		
1467.501000	-697.392000		
1468.001000	-697.734000		
1468.501000	-697.560000		
1469.001000	-697.588000		
1469.501000	-696.954000		
1470.001000	-696.954000		
1470.501000	-696.910000		
1471.001000	-696.909000		
1471.501000	-697.137000		
1472.001000	-696.939000		
1472.501000	-696.788000		
1473.001000	-696.892000		
1473.501000	-696.782000		
1474.001000	-696.953000		
1474.501000	-697.260000		
1475.001000	-697.538000		
1475.501000	-697.344000		
1476.001000	-697.080000		
1476.501000	-696.970000		
1477.001000	-697.305000		
1477.501000	-697.404000		
1478.001000	-697.400000		
1478.501000	-697.523000		
1479.001000	-697.126000		
1479.501000	-696.764000		
1480.001000	-696.767000		
1480.501000	-696.800000		
1481.001000	-697.006000		
1481.501000	-697.034000		
1482.001000	-697.359000		
1482.501000	-697.281000		
1483.001000	-696.893000		
1483.501000	-696.933000		
1484.001000	-697.040000		
1484.501000	-696.826000		
1485.001000	-696.859000		
1485.501000	-696.939000		
1486.001000	-697.017000		
1486.501000	-696.843000		
1487.001000	-696.696000		
1487.501000	-696.576000		
1488.001000	-697.127000		
1488.501000	-696.875000		
1489.001000	-696.797000		
1489.501000	-697.328000		
1490.001000	-696.954000		
1490.501000	-696.775000		
1491.001000	-696.715000		
1491.501000	-696.736000		
1492.001000	-696.667000		
1492.501000	-696.592000		
1493.000000	-696.874000		
1493.500000	-697.155000		
1494.000000	-696.639000		
1494.500000	-696.760000		
1495.000000	-696.972000		
1495.500000	-696.671000		
1496.000000	-696.720000		
1496.500000	-696.956000		
1497.000000	-696.972000		
1497.500000	-696.938000		
1498.000000	-697.212000		
1498.500000	-697.222000		
1499.000000	-696.967000		
1499.500000	-697.089000		
1500.000000	-697.161000		
1500.500000	-696.950000		
1501.000000	-696.792000		
1501.500000	-696.961000		
1502.000000	-696.849000		
1502.500000	-696.461000		
1503.000000	-696.259000		
1503.500000	-696.370000		
1504.000000	-696.505000		
1504.500000	-696.495000		
1505.000000	-696.396000		
1505.500000	-696.410000		
1506.000000	-696.770000		
1506.500000	-697.320000		
1507.001000	-697.322000		
1507.500000	-697.261000		
