Date:	Mon, Nov 25, 2013		
measured by:	Rotem		
hopg			
Time [s]	CPD stream	Light	SPV
0.000000	-319.567000		
0.500000	-319.553000		
1.000000	-319.296000		
1.500000	-319.379000		
2.000000	-319.568000		
2.500000	-319.421000		
3.000000	-319.517000		
3.500000	-319.513000		
4.000000	-319.445000		
4.500000	-319.403000		
5.000000	-318.994000		
5.500000	-318.857000		
6.000000	-319.110000		
6.500000	-319.221000		
7.000000	-319.170000		
7.500000	-318.977000		
8.000000	-319.159000		
8.500000	-319.208000		
9.000000	-318.943000		
9.500000	-318.979000		
10.000000	-319.167000		
10.500000	-319.213000		
11.000000	-319.138000		
11.500000	-318.768000		
12.000000	-319.146000		
12.500000	-319.369000		
13.000000	-319.157000		
13.500000	-319.006000		
14.000000	-319.293000		
14.500000	-319.409000		
15.000000	-319.070000		
15.500000	-318.848000		
16.000000	-319.088000		
16.500000	-318.789000		
17.000000	-318.827000		
17.500000	-319.070000		
18.000000	-318.929000		
18.500000	-318.991000		
19.000000	-319.047000		
19.500000	-319.065000		
20.000000	-318.981000		
20.500000	-319.280000		
21.000000	-319.166000		
21.500000	-318.821000		
22.000000	-319.121000		
22.500000	-318.976000		
23.000000	-319.049000		
23.500000	-318.682000		
24.000000	-318.876000		
24.500000	-319.023000		
25.000000	-319.113000		
25.500000	-319.202000		
26.000000	-319.237000		
26.500000	-319.090000		
27.000000	-319.349000		
27.500000	-319.889000		
28.000000	-319.455000		
28.500000	-319.509000		
29.000000	-319.272000		
29.500000	-319.336000		
30.000000	-319.107000		
30.500000	-319.041000		
31.000000	-319.032000		
31.500000	-318.863000		
32.000000	-319.203000		
32.500000	-319.197000		
33.000000	-319.596000		
33.500000	-319.497000		
34.000000	-319.286000		
34.500000	-319.122000		
35.000000	-319.340000		
35.500000	-319.313000		
36.000000	-319.338000		
36.500000	-319.423000		
37.000000	-319.416000		
37.500000	-319.311000		
38.000000	-319.451000		
38.500000	-319.851000		
39.000000	-319.776000		
39.500000	-319.726000		
40.000000	-319.594000		
40.500000	-319.517000		
41.000000	-319.438000		
41.500000	-319.318000		
42.000000	-319.258000		
42.500000	-319.658000		
43.000000	-319.716000		
43.500000	-319.892000		
44.000000	-319.712000		
44.500000	-319.381000		
45.000000	-319.427000		
45.500000	-319.486000		
46.000000	-319.346000		
46.500000	-319.533000		
47.000000	-319.665000		
47.500000	-319.866000		
48.000000	-319.744000		
48.500000	-319.921000		
49.000000	-319.764000		
49.500000	-319.724000		
50.000000	-319.741000		
50.500000	-319.859000		
51.000000	-319.710000		
51.500000	-319.682000		
52.000000	-320.068000		
52.500000	-319.975000		
53.000000	-319.740000		
53.500000	-319.668000		
54.000000	-319.237000		
54.500000	-319.505000		
55.000000	-319.653000		
55.500000	-319.470000		
56.000000	-319.633000		
56.500000	-319.443000		
57.000000	-319.613000		
57.500000	-319.872000		
58.000000	-319.801000		
58.500000	-319.937000		
59.000000	-319.705000		
59.500000	-319.902000		
60.000000	-320.262000		
60.500000	-320.152000		
61.000000	-320.049000		
61.500000	-319.767000		
62.000000	-319.774000		
62.500000	-319.854000		
63.000000	-319.697000		
63.500000	-319.890000		
64.000000	-319.914000		
64.500000	-319.903000		
65.000000	-320.084000		
65.500000	-319.855000		
66.000000	-319.864000		
66.500000	-320.065000		
67.000000	-320.177000		
67.500000	-320.050000		
68.000000	-319.881000		
68.500000	-319.970000		
69.000000	-319.951000		
69.500000	-319.998000		
70.000000	-320.339000		
70.500000	-320.229000		
71.000000	-320.127000		
71.500000	-320.485000		
72.000000	-320.163000		
72.500000	-320.368000		
73.000000	-320.320000		
73.500000	-320.356000		
74.000000	-320.155000		
74.500000	-320.180000		
75.000000	-320.255000		
75.500000	-320.363000		
76.000000	-320.417000		
76.500000	-320.061000		
77.000000	-320.080000		
77.500000	-320.042000		
78.000000	-320.226000		
78.500000	-320.349000		
79.000000	-320.153000		
79.500000	-319.944000		
80.000000	-319.963000		
80.500000	-319.972000		
81.000000	-320.194000		
81.500000	-320.349000		
82.000000	-320.366000		
82.500000	-320.367000		
83.000000	-320.436000		
83.500000	-320.353000		
84.000000	-320.280000		
84.500000	-320.156000		
85.000000	-320.356000		
85.500000	-320.519000		
86.000000	-320.224000		
86.500000	-320.226000		
87.000000	-320.336000		
87.500000	-320.971000		
88.000000	-320.789000		
88.500000	-320.565000		
89.000000	-320.534000		
89.500000	-320.905000		
90.000000	-320.974000		
90.500000	-321.034000		
91.000000	-320.743000		
91.500000	-320.932000		
92.000000	-320.876000		
92.500000	-321.017000		
93.000000	-320.898000		
93.500000	-320.960000		
94.000000	-320.816000		
94.500000	-320.669000		
95.000000	-320.724000		
95.500000	-320.687000		
96.000000	-320.731000		
96.500000	-320.599000		
97.000000	-320.502000		
97.500000	-320.671000		
98.000000	-320.801000		
98.500000	-321.239000		
99.000000	-321.092000		
99.500000	-321.161000		
100.000000	-320.998000		
100.500000	-320.833000		
101.000000	-320.589000		
101.500000	-321.027000		
102.000000	-321.198000		
102.500000	-321.203000		
103.000000	-321.357000		
103.500000	-321.159000		
104.000000	-320.859000		
104.500000	-320.891000		
105.000000	-320.995000		
105.500000	-321.179000		
106.000000	-321.400000		
106.500000	-321.199000		
107.000000	-321.047000		
107.500000	-321.200000		
108.000000	-321.452000		
108.500000	-321.358000		
109.000000	-321.685000		
109.500000	-321.631000		
110.000000	-321.605000		
110.500000	-321.610000		
111.000000	-321.513000		
111.500000	-320.972000		
112.000000	-320.961000		
112.500000	-321.162000		
113.000000	-321.166000		
113.500000	-321.251000		
114.000000	-321.343000		
114.500000	-321.329000		
115.000000	-321.314000		
115.500000	-321.342000		
116.000000	-321.473000		
116.500000	-321.419000		
117.000000	-321.461000		
117.500000	-321.582000		
118.000000	-321.859000		
118.500000	-321.859000		
119.000000	-321.928000		
119.500000	-322.018000		
120.000000	-321.733000		
120.500000	-321.563000		
121.000000	-321.528000		
121.500000	-321.456000		
122.000000	-321.417000		
122.500000	-321.883000		
123.000000	-322.065000		
123.500000	-321.837000		
124.000000	-321.598000		
124.500000	-321.576000		
125.000000	-321.364000		
125.500000	-321.386000		
126.000000	-321.576000		
126.500000	-321.707000		
127.000000	-321.738000		
127.500000	-321.806000		
128.000000	-321.914000		
128.500000	-321.836000		
129.000000	-321.892000		
129.500000	-321.716000		
130.000000	-321.787000		
130.500000	-321.841000		
131.000000	-322.279000		
131.500000	-321.920000		
132.000000	-321.900000		
132.500000	-322.255000		
133.000000	-322.078000		
133.500000	-322.027000		
134.000000	-322.201000		
134.500000	-322.212000		
135.000000	-322.138000		
135.500000	-322.027000		
136.000000	-321.832000		
136.500000	-322.175000		
137.000000	-322.294000		
137.500000	-322.379000		
138.000000	-322.164000		
138.500000	-322.080000		
139.000000	-322.193000		
139.500000	-322.353000		
140.000000	-322.282000		
140.500000	-322.081000		
141.000000	-321.966000		
141.500000	-322.074000		
142.000000	-322.346000		
142.500000	-322.036000		
143.000000	-322.112000		
143.500000	-322.224000		
144.000000	-321.982000		
144.500000	-322.138000		
145.000000	-321.999000		
145.500000	-322.143000		
146.000000	-322.605000		
146.500000	-322.562000		
147.000000	-322.564000		
147.500000	-322.843000		
148.000000	-322.858000		
148.500000	-322.523000		
149.000000	-322.379000		
149.500000	-322.749000		
150.000000	-322.837000		
150.500000	-322.794000		
151.000000	-322.687000		
151.500000	-322.598000		
152.000000	-322.771000		
152.500000	-322.813000		
153.000000	-322.936000		
153.500000	-322.784000		
154.000000	-322.641000		
154.500000	-322.634000		
155.000000	-322.920000		
155.500000	-323.030000		
156.000000	-323.038000		
156.500000	-323.022000		
157.000000	-323.028000		
157.500000	-323.052000		
158.000000	-322.801000		
158.500000	-322.972000		
159.000000	-323.021000		
159.500000	-322.804000		
160.000000	-322.642000		
160.500000	-322.851000		
161.000000	-322.993000		
161.500000	-323.101000		
162.000000	-322.955000		
162.500000	-322.875000		
163.000000	-323.037000		
163.500000	-322.872000		
164.000000	-323.022000		
164.500000	-322.965000		
165.000000	-322.856000		
165.500000	-322.859000		
166.000000	-323.067000		
166.500000	-322.907000		
167.000000	-322.986000		
167.500000	-323.211000		
168.000000	-323.146000		
168.500000	-323.126000		
169.000000	-323.164000		
169.500000	-323.073000		
170.000000	-323.197000		
170.500000	-323.325000		
171.000000	-323.539000		
171.500000	-323.517000		
172.000000	-323.248000		
172.500000	-323.376000		
173.000000	-323.272000		
173.500000	-323.576000		
174.000000	-323.262000		
174.500000	-323.784000		
175.000000	-323.686000		
175.500000	-323.692000		
176.000000	-323.376000		
176.500000	-323.708000		
177.000000	-324.149000		
177.501000	-323.692000		
178.000000	-323.651000		
178.500000	-323.802000		
179.000000	-323.595000		
179.500000	-323.838000		
180.000000	-323.552000		
180.500000	-323.479000		
181.000000	-323.707000		
181.500000	-323.489000		
182.001000	-323.975000		
182.500000	-323.942000		
183.000000	-323.681000		
183.500000	-323.654000		
184.000000	-323.571000		
184.501000	-323.834000		
185.000000	-323.751000		
185.500000	-324.015000		
186.000000	-323.633000		
186.500000	-323.954000		
187.000000	-323.626000		
